/*--------------------------------*- C++ -*----------------------------------*\
| =========                 |                                                 |
| \\      /  F ield         | OpenFOAM: The Open Source CFD Toolbox           |
|  \\    /   O peration     | Version:  2606                                  |
|   \\  /    A nd           | Website:  www.openfoam.com                      |
|    \\/     M anipulation  |                                                 |
\*---------------------------------------------------------------------------*/
FoamFile
{
    version     2.0;
    format      ascii;
    arch        "LSB;label=32;scalar=64";
    class       cellSet;
    location    "constant/fluid/polyMesh/sets";
    object      cellDeterminant;
}
// * * * * * * * * * * * * * * * * * * * * * * * * * * * * * * * * * * * * * //


8018
(
147458
147459
147460
147461
147462
147463
147464
147465
147466
147467
147468
147469
147470
147471
147472
114713
65565
65566
81952
81953
81954
147490
81955
81956
81957
65573
81958
81959
81960
81961
81962
81963
81964
81965
81966
147512
147513
163897
147514
147515
147516
147517
147518
147519
147520
147521
147522
147523
147524
147525
65606
147526
65607
163911
114763
65614
147544
65647
65648
114813
32893
32894
32895
32896
32897
32898
32899
32900
32901
32902
32903
82056
32904
82057
32905
82058
32906
82059
32907
82060
82061
82062
147598
82063
82064
82065
82066
82067
82068
82069
82070
65694
65695
114863
32955
32956
32957
82110
32958
82111
32959
82112
32960
82113
32961
82114
32962
82115
32963
82116
32964
147652
82117
32965
82118
32966
82119
32967
82120
32968
82121
32969
82122
82123
82124
65741
65742
114913
82164
82165
82166
82167
82168
82169
33017
131321
82170
33018
131322
147706
82171
33019
131323
82172
65788
33020
131324
82173
65789
33021
131325
82174
33022
131326
82175
33023
82176
33024
16640
82177
33025
82178
33026
33027
33028
33029
33030
33031
114963
49428
16662
16663
16664
16665
16666
16667
16668
16669
16670
16671
16672
16673
16674
16675
16676
65835
65836
82222
82223
82224
147760
82225
82226
82227
82228
82229
82230
82231
33079
82232
33080
82233
33081
82234
33082
82235
33083
82236
33084
33085
33086
33087
33088
33089
33090
33091
33092
115013
33093
65882
65883
147814
82280
82281
82282
82283
82284
82285
82286
82287
82288
82289
82290
115059
82291
82292
82293
33141
82294
33142
33143
33144
33145
33146
33147
33148
33149
33150
33151
33152
33153
33154
33155
65929
65930
147868
180639
180640
115105
180641
82338
180642
82339
180643
82340
180644
82341
82342
82343
82344
82345
82346
82347
82348
82349
82350
82351
82352
33203
33204
33205
33206
33207
65976
33208
65977
33209
33210
33211
33212
33213
33214
33215
82368
33216
33217
115151
82390
82391
82392
164312
82393
82394
82395
82396
82397
82398
82399
82400
82401
82402
82403
82404
66023
66024
82413
33265
33266
33267
33268
33269
33270
33271
33272
33273
33274
33275
33276
115197
33277
33278
33279
33282
33283
33284
33285
33286
33287
33288
164360
33289
33290
33291
33292
33293
33294
33295
33296
33297
33298
33299
33300
33301
66070
33302
66071
33303
33304
33305
33306
33307
33308
33309
33310
33311
33312
33313
33314
82467
33315
33316
33317
33318
33319
33320
33321
33322
33323
33324
33325
33326
33327
33328
33329
33330
33331
33332
33333
33334
33335
33336
164408
82489
33337
82490
33338
82491
33339
82492
33340
82493
33341
82494
33342
82495
33343
82496
82497
82498
82499
82500
82501
66117
82502
66118
82503
82521
164456
82543
82544
66160
82545
66161
82546
82547
82548
82549
82550
82551
82552
82553
82554
82555
82556
82557
82575
164504
66203
66204
82597
49829
82598
82599
82600
82601
82602
82603
82604
82605
82606
82607
82608
82609
82610
82611
99010
82629
164552
66250
66251
99024
49879
82651
82652
82653
82654
82655
82656
82657
82658
82659
82660
82661
82662
82663
82664
82665
164592
66297
66298
82683
49929
82705
82706
82707
82708
82709
82710
82711
82712
164632
82713
82714
82715
82716
82717
148253
82718
148254
82719
148255
148256
148257
148258
148259
66340
148260
66341
148261
148262
148263
148264
148265
148266
148267
82737
49979
164672
82759
82760
82761
82762
82763
82764
82765
82766
82767
66383
82768
66384
82769
82770
82771
82772
82773
148315
148316
148317
148318
148319
148320
148321
148322
148323
148324
148325
148326
82791
148327
148328
164712
148329
50029
66426
66427
82813
82814
82815
82816
82817
82818
82819
82820
82821
82822
82823
82824
82825
82826
82827
164752
148377
148378
148379
148380
82845
148381
148382
50079
148383
148384
148385
148386
148387
148388
148389
148390
148391
82867
82868
82869
82870
82871
82872
82873
82874
82875
82876
82877
82878
82879
82880
82881
50129
82899
148439
148440
148441
148442
148443
148444
148445
148446
148447
148448
148449
148450
148451
148452
148453
82921
82922
82923
82924
82925
82926
82927
82928
82929
82930
82931
82932
82933
82934
82935
50175
82953
148501
148502
148503
148504
148505
148506
148507
148508
148509
148510
82975
148511
82976
50208
148512
82977
50209
148513
82978
148514
82979
148515
82980
82981
82982
82983
82984
50216
82985
82986
82987
82988
82989
83007
50249
50250
132175
50257
148563
148564
148565
148566
148567
148568
148569
99418
148570
148571
148572
148573
148574
148575
148576
148577
50290
50291
50298
132220
99468
83089
148625
83090
148626
83091
148627
83092
148628
83093
148629
83094
148630
83095
148631
83096
148632
83097
148633
83098
148634
83099
50331
148635
83100
50332
148636
83101
148637
83102
148638
83103
148639
148642
148643
148644
148645
148646
148647
148648
148649
148650
148651
148652
148653
148654
148655
148656
148657
132274
148658
148659
148660
148661
148662
148663
148664
148665
148666
148667
148668
148669
99518
148670
148671
148672
148673
148674
148675
148676
148677
148678
148679
148680
148681
50378
148682
50379
148683
148684
83149
148685
83150
148686
83151
148687
83152
148688
83153
148689
83154
148690
83155
148691
83156
148692
83157
148693
83158
148694
83159
148695
83160
148696
83161
148697
83162
148698
83163
148699
148700
148701
148702
148703
132328
99568
50425
50426
132382
99618
50472
50473
99668
132436
50519
50520
99718
50566
50567
132490
99764
50613
50614
83392
132544
83393
83394
83395
83396
83397
83398
83399
83400
83401
83402
83403
83404
83405
83406
99797
99798
99805
50660
50661
132598
99838
83454
99839
83455
83456
83457
83458
83459
83460
83461
99846
83462
83463
83464
83465
83466
83467
83468
165388
165389
165390
165391
165392
165393
50707
50708
99879
99880
132652
99887
67120
83516
83517
83518
83519
83520
83521
83522
50754
83523
50755
83524
83525
83526
83527
83528
83529
83530
149066
99920
99921
67165
132706
50801
50802
83578
149114
83579
83580
83581
83582
99967
83583
99968
83584
83585
83586
83587
83588
83589
83590
83591
83592
67219
132760
50848
50849
149162
100014
100015
83640
83641
83642
83643
83644
83645
83646
83647
83648
83649
83650
83651
83652
83653
83654
67273
132814
50895
50896
149210
100061
100062
83702
83703
83704
83705
83706
83707
83708
83709
83710
83711
67327
83712
83713
83714
50946
83715
50947
83716
149258
100108
100109
83764
83765
67381
50997
83766
50998
83767
83768
83769
83770
149306
100155
83771
100156
83772
83773
83774
83775
83776
83777
83778
83781
83782
83783
83784
83785
83786
83787
83788
83789
83790
83791
83792
83793
83794
83795
83796
83797
83798
83799
83800
83801
83802
83803
83804
83805
83806
83807
83808
83809
83810
149346
83811
83812
51044
83813
51045
83814
83815
83816
83817
100202
83818
100203
83819
67435
83820
83821
83822
83823
83824
83825
83826
83827
83828
83829
83830
83831
83832
83833
83834
83835
83836
83837
83838
83839
83840
83841
83842
149386
51091
51092
100249
100250
67489
149426
51138
51139
100296
100297
67543
149466
100343
100344
149506
67597
100390
116775
100391
67651
100433
100434
116820
67705
100476
100477
116874
100523
100524
67759
116928
100570
100571
84198
100589
100590
100591
100592
116982
100617
100618
84248
100636
100637
100638
100639
117036
100664
100665
84298
100683
100684
100685
100686
117090
100711
100712
100730
100731
100732
84348
100733
117144
100782
84398
100783
100784
100785
215485
117198
215507
215508
215509
215510
215511
215512
215513
215514
215515
215516
215517
215518
215519
215520
84448
215521
100834
100835
215524
100836
100837
215527
215528
133611
215534
215535
215536
215537
215538
215548
215550
133633
133634
133635
117252
133636
215557
133637
215558
133638
215559
133639
215560
133640
133641
133642
133643
133644
133645
133646
133647
215569
215570
84498
215571
215572
215573
215574
215575
199191
215576
215577
215578
215579
215580
215581
215582
215583
215585
117306
84544
215648
84577
84578
215651
215652
84585
117360
150142
150143
150144
150145
150146
150147
84618
84619
215693
215694
215695
215696
215697
215698
84626
215699
215700
215701
215702
215703
215704
215705
215706
215707
51872
117414
84659
84660
84667
182971
51917
215767
84700
84701
215788
215789
215790
215791
215792
215793
215794
215795
215796
215797
215798
215799
215800
215801
215802
51971
215818
84747
84748
215839
215840
215841
215842
215843
215844
215845
232230
215846
215847
215848
215849
215850
215851
215852
215853
52025
84794
84795
215890
215891
215892
215893
215894
215895
215896
215897
215898
215899
215900
215901
215902
215903
215904
84841
84842
52079
134005
215941
215942
215943
215944
215945
215946
215947
215948
215949
215950
215951
215952
215953
215954
215955
84888
84889
199582
215971
52133
134053
215992
215993
215994
215995
215996
215997
215998
68542
215999
216000
216001
216002
216003
216004
216005
216006
84935
84936
68556
199632
134101
216022
52187
216043
216044
216045
216046
216047
216048
216049
216050
216051
216052
216053
216054
84982
216055
84983
216056
216057
199682
134149
216073
52241
216094
216095
216096
216097
216098
216099
216100
216101
85029
216102
85030
216103
216104
216105
101417
216106
216107
216108
199732
134197
216124
52295
183372
216145
216146
216147
216148
85076
216149
85077
216150
101462
216151
216152
216153
216154
216155
216156
216157
216158
216159
134245
199782
183420
52349
85123
85124
101516
134285
199832
183468
85170
85171
52403
134325
216247
216248
216249
216250
216251
216252
216253
216254
216255
216256
216257
216258
101570
216259
216260
216261
199882
183516
85213
134365
85214
52457
216298
216299
216300
216301
216302
216303
216304
216305
216306
216307
216308
216309
216310
216311
216312
101624
199932
134405
85256
85257
183564
216349
216350
216351
52511
216352
216353
216354
216355
216356
216357
216358
216359
216360
216361
216362
216363
134445
101678
199982
85303
85304
183612
216400
216401
216402
216403
216404
216405
216406
216407
216408
216409
216410
216411
216412
216413
68957
216414
200032
101732
216422
85350
85351
183660
216430
216451
216452
216453
216454
216455
216456
216457
216458
216459
216460
216461
216462
216463
69007
216464
216465
85393
85394
200082
216473
101786
183708
216481
118197
216502
216503
216504
216505
216506
216507
216508
85436
216509
85437
216510
216511
216512
216513
69057
216514
216515
118211
216516
216524
183756
101840
216532
150996
85479
85480
216553
216554
216555
216556
216557
216558
216559
216560
216561
216562
216563
69107
216564
216565
216566
216567
183804
216575
151041
101894
216583
216604
216605
216606
216607
216608
216609
216610
216611
216612
216613
69157
216614
216615
216616
216617
216618
183852
216626
151095
216634
101948
216655
216656
216657
216658
216659
216660
216661
216662
216663
69207
216664
216665
216666
216667
216668
216669
216685
151149
102002
216706
216707
216708
216709
216710
216711
216712
216713
69257
216714
216715
216716
216717
216718
216719
216720
216736
151203
102056
216757
216758
216759
69303
216760
216761
216762
216763
216764
216765
216766
216767
216768
216769
216770
216771
216779
216787
69336
69337
151257
69344
216808
216809
216810
216811
216812
216813
216814
216815
216816
216817
216818
216819
216820
216821
216822
216830
69377
69378
216838
69385
151311
3865
216859
216860
216861
216862
216863
216864
216865
167713
216866
216867
216868
216869
216870
216871
3879
216872
216873
69418
69419
167727
216881
69426
216889
151365
118605
216910
216911
216912
216913
216914
216915
69459
216916
69460
216917
216918
216919
216920
216921
216922
216923
216924
216932
216940
151419
118655
216961
216962
69506
216963
69507
216964
216965
216966
216967
216968
216969
216970
216971
216972
216973
216974
216975
135081
135082
135083
135084
135085
135086
69553
118705
151473
69554
217012
217013
217014
217015
217016
217017
217018
217019
217020
217021
217022
217023
217024
217025
217026
217042
69600
69601
118755
217063
151527
217064
217065
217066
217067
217068
217069
217070
217071
217072
217073
217074
217075
217076
217077
69647
69648
118805
217114
217115
217116
217117
151581
217118
217119
217120
217121
217122
217123
217124
217125
217126
217127
217128
53294
53308
69694
69695
118855
151635
217187
217195
69741
69742
118905
217216
217217
217218
217219
217220
217221
217222
217223
217224
217225
217226
217227
217228
217229
217230
217238
69788
86173
69789
217246
118951
217267
217268
217269
217270
217271
217272
217273
217274
217275
217276
217277
217278
217279
217280
168128
217281
217289
86218
69835
69836
217297
118997
217318
217319
217320
217321
217322
217323
217324
217325
217326
217327
217328
168176
217329
217330
217331
217332
69882
69883
86272
119043
217369
217370
217371
217372
217373
217374
217375
217376
168224
217377
217378
217379
217380
217381
217382
217383
69929
69930
119089
86326
217420
217421
217422
217423
217424
168272
217425
217426
217427
217428
69972
217429
69973
217430
217431
217432
217433
217434
86380
70015
70016
168320
217501
86434
70062
70063
168368
217522
217523
217524
217525
217526
217527
102839
217528
217529
217530
217531
217532
217533
217534
217535
217536
102853
53709
217552
20948
86488
168408
70109
70110
217573
217574
217575
217576
217577
217578
217579
217580
217581
217582
217583
217584
217585
217586
217587
53759
168448
70152
70153
86542
168488
53809
70195
70196
37434
86596
217675
217676
217677
217678
217679
217680
37456
168528
217681
37457
217682
37458
217683
37459
217684
37460
217685
37461
217686
37462
217687
37463
217688
37464
217689
37465
37466
37467
37468
37469
70238
37470
70239
53859
168568
86650
217726
217727
217728
217729
217730
217731
217732
217733
217734
217735
217736
217737
217738
217739
217740
53909
86704
217777
217778
217779
217780
217781
217782
217783
217784
217785
217786
217787
217788
217789
217790
217791
53959
217807
217828
217829
217830
86758
217831
217832
217833
217834
217835
217836
217837
217838
217839
217840
217841
217842
54009
135935
217858
217879
217880
217881
217882
217883
217884
86812
217885
217886
217887
217888
217889
217890
217891
217892
217893
54055
135980
217909
54088
54089
217930
217931
217932
217933
217934
217935
103247
217936
54096
217937
217938
217939
217940
217941
217942
217943
217944
152409
136034
217960
152432
54129
152433
54130
152435
54137
217981
217982
217983
217984
217985
103297
217986
217987
217988
217989
217990
152454
217991
152455
217992
152456
217993
152457
217994
152458
217995
152459
152460
152461
152462
152463
152464
152465
152466
152467
152468
152470
136088
54170
54171
54178
103347
54211
54212
136142
218063
218071
103397
218092
218093
218094
218095
218096
218097
218098
54258
218099
54259
218100
218101
218102
218103
218104
218105
218106
136196
218123
218131
103447
54305
54306
218152
218153
218154
218155
218156
218157
218158
218159
218160
218161
218162
218163
218164
218165
218166
136250
218183
103497
218191
54352
54353
218212
218213
218214
218215
218216
218217
218218
218219
218220
218221
218222
218223
218224
136304
218225
218226
103547
54399
54400
218243
218251
218272
218273
218274
218275
218276
218277
218278
136358
218279
218280
218281
103593
218282
218283
218284
218285
218286
54446
54447
218311
103626
103627
103634
218332
136412
218333
54493
218334
54494
218335
218336
218337
218338
218339
218340
218341
218342
218343
218344
218345
218346
103667
103668
169204
169205
169206
169207
169208
169209
218363
103675
152833
218371
54540
54541
136466
70932
218392
218393
218394
218395
218396
103708
218397
103709
218398
218399
218400
218401
218402
218403
218404
103716
218405
218406
152881
218423
54587
54588
218431
70977
103749
103750
136520
218452
218453
218454
218455
218456
218457
218458
218459
218460
218461
218462
218463
218464
218465
152929
218466
54634
54635
218483
103796
103797
71031
218491
136574
218512
218513
152977
218514
218515
218516
218517
218518
218519
218520
218521
54681
218522
54682
218523
218524
218525
218526
103843
103844
71085
218543
218551
153025
54724
54725
218572
218573
218574
218575
218576
218577
218578
103890
218579
103891
218580
218581
218582
218583
218584
218585
218586
71139
218603
54767
54768
153073
218611
103937
103938
218632
218633
218634
218635
218636
218637
218638
218639
218640
218641
218642
218643
218644
218645
218646
71193
153113
54814
54815
103984
103985
87609
153153
218692
218693
218694
218695
218696
218697
218698
218699
218700
218701
54861
218702
54862
218703
71247
218704
218705
218706
104031
104032
153193
54904
54905
218752
218753
218754
218755
218756
218757
71301
218758
218759
218760
218761
218762
218763
218764
218765
218766
104078
104079
153233
54947
54948
153273
71355
218812
218813
104125
218814
104126
218815
218816
218817
218818
218819
218820
218821
218822
218823
218824
218825
218826
54990
54991
104172
104173
71409
218872
218873
218874
218875
218876
218877
218878
218879
218880
218881
218882
218883
218884
218885
218886
104219
104220
71463
104262
104263
120667
71517
104305
104306
120712
71571
104352
104353
219055
219056
219057
219058
219059
219060
219061
219062
219063
219064
219065
219066
219067
219068
219069
120766
88003
104399
104400
219117
219118
219119
219120
219121
219122
219123
219124
120820
219125
88053
219126
219127
219128
104440
219129
104441
219130
219131
104481
104482
88103
120874
219179
219180
219181
219182
219183
219184
219185
219186
219187
219188
219189
219190
219191
219192
219193
104522
104523
88153
120928
219241
219242
219243
219244
219245
219246
219247
219248
219249
219250
219251
219252
219253
219254
219255
88203
120982
137371
219303
219304
219305
219306
219307
219308
219309
219310
219311
219312
219313
219314
219315
219316
219317
88253
121036
219365
219366
219367
219368
219369
219370
219371
219372
219373
219374
219375
88303
137455
219376
137456
219377
137457
219378
137458
219379
137459
137460
137461
137462
137463
137464
137465
137466
137467
137468
137469
137471
121090
88349
219427
219428
219429
219430
219431
219432
219433
219434
219435
219436
219437
219438
219439
219440
219441
219444
219445
153909
219446
153910
219447
153911
219448
121144
153912
219449
153913
219450
153914
219451
219452
219453
219454
88382
219455
88383
219456
219457
219458
219459
219460
219461
219462
88390
219463
219464
219465
219466
219467
219468
219469
219470
219471
219472
219473
219474
219475
219476
219477
219478
219479
219480
219481
219482
219483
219484
219485
219486
219487
219488
219489
219490
219491
219492
219493
219494
219495
88423
219496
88424
219497
219498
219499
137579
219500
137580
219501
137581
219502
121198
137582
219503
88431
137583
219504
137584
219505
137585
137586
137587
137588
137589
137590
137591
137592
137593
55684
88464
88465
88472
121252
55729
88505
88506
137679
137680
137681
137682
137683
137684
137685
137686
137687
137688
137689
121306
137690
137691
137692
137693
55783
88552
88553
203265
137735
137736
137737
137738
137739
137740
137741
137742
137743
137744
137745
137746
137747
137748
137749
88599
88600
203288
203289
203291
55837
137765
203310
203311
203312
203313
203314
203315
203316
203317
203318
203319
203320
203321
203322
203323
203324
203326
88646
88647
55891
137813
186974
88693
88694
137861
55945
137881
137882
137883
137884
137885
137886
137887
137888
137889
72354
137890
137891
88740
137892
88741
137893
137894
137895
72368
187058
187059
187060
137909
187061
187062
187063
187064
187065
187066
187067
187068
187069
187070
55999
187071
187072
187074
137929
137930
137931
137932
137933
137934
137935
137936
137937
137938
88787
137939
88788
137940
137941
137942
137943
137957
105204
56053
137977
137978
137979
137980
137981
137982
137983
137984
137985
88834
137986
88835
137987
137988
137989
137990
137991
138005
105249
138017
138018
138019
138020
138021
138022
138023
138024
138025
138026
56107
138027
138028
138029
138030
187182
138031
187183
187184
88881
187185
88882
187186
187187
187188
187189
187190
187191
187192
187193
187194
187195
187196
138045
105303
88928
88929
56161
138085
105357
138125
88975
88976
56215
187289
187290
187291
187292
187293
187294
187295
187296
187297
187298
187299
187300
187301
187302
187303
138165
89018
89019
138177
138178
105411
138179
138180
138181
138182
138183
138184
138185
138186
138187
138188
56269
138189
138190
138191
187345
187346
187347
187348
187349
187350
187351
187352
187353
187354
187355
187356
138205
187357
187358
187359
89061
89062
138217
138218
138219
138220
138221
138222
138223
187375
138224
138225
138226
138227
138228
138229
138230
138231
105465
56323
89108
89109
138263
138264
138265
138266
138267
138268
138269
138270
138271
187423
138272
138273
138274
138275
138276
138277
105519
72769
89155
89156
138309
138310
138311
138312
138313
138314
138315
138316
138317
138318
138319
187471
138320
138321
138322
138323
187491
187492
105573
187493
187494
187495
187496
187497
187498
187499
187500
187501
89198
187502
89199
187503
187504
187505
72819
138355
138356
138357
138358
138359
138360
138361
138362
138363
138364
138365
138366
138367
187519
138368
138369
154765
154766
154767
187539
187540
187541
187542
187543
187544
89241
187545
89242
187546
105627
187547
187548
187549
187550
187551
187552
138401
187553
138402
138403
138404
72869
138405
138406
138407
138408
138409
138410
138411
138412
138413
138414
138415
187567
154819
187587
89284
154820
187588
89285
154821
187589
187590
187591
187592
187593
187594
187595
187596
187597
187598
138447
187599
138448
187600
105681
138449
187601
138450
138451
236756
138452
138453
138454
72919
138455
138456
138457
138458
138459
138460
138461
187615
122089
187635
187636
187637
187638
122103
187639
187640
187641
187642
187643
187644
138493
187645
138494
187646
138495
154879
187647
138496
154880
187648
138497
154881
187649
138498
138499
138500
138501
138502
105735
138503
138504
72969
138505
138506
138507
187663
138539
138540
138541
138542
138543
138544
138545
138546
138547
138548
138549
138550
138551
138552
138553
73019
154939
154940
105789
154941
187711
138585
138586
138587
138588
138589
138590
138591
138592
138593
138594
138595
138596
138597
138598
138599
73069
187759
105843
154999
155000
155001
138631
138632
138633
138634
138635
138636
138637
138638
138639
138640
138641
138642
138643
138644
138645
73115
187807
155059
187827
155060
187828
138677
155061
187829
138678
187830
138679
187831
138680
187832
138681
187833
138682
187834
138683
187835
73148
138684
187836
73149
138685
187837
138686
187838
138687
187839
138688
187840
138689
187841
138690
138691
73156
187855
138719
138720
138721
138722
138723
187875
138724
187876
73189
138725
187877
73190
138726
187878
138727
187879
138728
187880
138729
187881
138730
187882
138731
187883
138732
187884
73197
138733
187885
187886
155119
187887
155120
187888
155121
187889
73230
73231
171541
73238
187929
187930
187931
187932
187933
187934
187935
187936
187937
187938
187939
187940
187941
187942
187943
155179
155180
155181
138803
138804
138805
138806
73271
138807
73272
138808
138809
138810
138811
138812
138813
138814
138815
138816
138817
187983
187984
187985
187986
187987
187988
187989
187990
187991
187992
138841
187993
138842
187994
138843
187995
138844
187996
138845
187997
138846
73318
73319
155239
155240
155241
122497
188037
188038
188039
188040
188041
188042
188043
188044
188045
188046
188047
188048
188049
188050
188051
73365
73366
155299
155300
155301
122547
188091
188092
188093
188094
188095
188096
138945
188097
138946
188098
138947
188099
73412
138948
188100
73413
138949
188101
138950
188102
138951
188103
138952
188104
138953
188105
138954
138955
138956
138957
138958
138959
155359
155360
155361
122597
138991
138992
138993
188145
138994
188146
73459
138995
188147
73460
138996
188148
138997
188149
138998
188150
138999
188151
139000
188152
139001
188153
139002
188154
139003
188155
139004
188156
139005
188157
188158
188159
57106
122647
155419
155420
139037
155421
139038
139039
57120
139040
139041
73506
139042
73507
139043
139044
139045
139046
139047
188199
139048
188200
139049
188201
139050
188202
139051
188203
188204
188205
188206
188207
188208
188209
188210
188211
188212
188213
122697
73553
73554
188253
188254
188255
188256
188257
188258
188259
188260
188261
188262
188263
188264
188265
188266
188267
89978
122747
73600
73601
188307
188308
188309
188310
188311
188312
188313
188314
188315
188316
188317
188318
188319
188320
188321
171942
90023
122797
73647
73648
188361
188362
188363
188364
188365
188366
188367
188368
188369
188370
188371
188372
188373
171990
188374
188375
122843
139227
139228
90077
139229
73694
139230
73695
139231
139232
139233
139234
139235
139236
139237
139238
139239
139240
139241
188415
188416
188417
188418
188419
188420
188421
172038
188422
188423
188424
122889
188425
188426
188427
188428
73741
188429
73742
139279
139280
139281
139282
90131
139283
139284
139285
139286
139287
139288
139289
139290
139291
139292
139293
188469
172086
188470
122935
188471
73784
188472
73785
188473
188474
188475
188476
188477
188478
188479
188480
188481
188482
188483
90185
8287
73827
73828
122981
172134
8301
139383
139384
139385
139386
139387
139388
139389
139390
90239
139391
139392
139393
139394
139395
139396
139397
106640
73874
73875
172182
188577
188578
188579
188580
188581
188582
188583
188584
188585
188586
188587
188588
139437
188589
139438
188590
139439
188591
139440
57521
139441
139442
139443
139444
90293
139445
139446
139447
139448
139449
139450
139451
172222
73921
73922
57571
139491
139492
139493
139494
172262
139495
139496
139497
139498
90347
139499
73964
139500
73965
139501
139502
139503
139504
139505
172302
57621
74007
74008
139549
139550
139551
139552
90401
139553
139554
139555
139556
139557
139558
139559
139560
139561
139562
139563
172342
74050
74051
57671
188743
188744
188745
188746
188747
188748
188749
188750
188751
188752
188753
188754
188755
188756
188757
90455
139607
139608
139609
139610
139611
139612
139613
139614
172382
139615
139616
139617
139618
139619
139620
139621
57721
188799
188800
188801
188802
188803
188804
188805
188806
188807
188808
188809
188810
188811
188812
90509
188813
139665
139666
139667
139668
139669
139670
139671
139672
139673
139674
139675
139676
139677
139678
139679
57771
139695
188855
188856
188857
188858
188859
188860
188861
188862
188863
188864
188865
188866
90563
188867
188868
139717
188869
139718
139719
139720
139721
139722
139723
139724
139725
139726
139727
139728
139729
139730
139731
139740
57821
90617
57867
139794
107034
139816
139817
139818
139819
57900
139820
57901
139821
139822
139823
139824
139825
139826
139827
57908
139828
139829
139830
139848
107084
57941
57942
41563
57949
139870
139871
139872
139873
139874
139875
139876
139877
139878
139879
139880
139881
139882
139883
139884
41585
41586
41587
41588
41589
41590
41591
41592
156280
41593
41594
41595
41596
41597
107134
57982
41598
139902
57983
41599
41601
57990
25232
139924
139925
139926
139927
189079
139928
189080
139929
189081
139930
189082
139931
189083
139932
189084
139933
189085
139934
189086
139935
189087
139936
189088
139937
189089
139938
189090
189091
189092
189093
25254
58023
25255
58024
25256
25257
25258
25259
25260
25261
25262
25263
107184
25264
25265
25266
25267
25268
139956
25270
139978
139979
139980
139981
139982
139983
189135
139984
189136
139985
189137
139986
189138
139987
189139
139988
189140
139989
189141
58070
139990
189142
58071
139991
189143
139992
189144
189145
189146
189147
189148
189149
107234
140010
140032
140033
140034
140035
140036
58117
140037
58118
140038
140039
140040
140041
140042
140043
140044
140045
140046
107284
140064
58164
58165
140086
140087
140088
140089
140090
140091
140092
140093
140094
140095
189247
140096
189248
140097
189249
140098
189250
140099
189251
140100
189252
189253
107334
189254
189255
189256
189257
189258
189259
189260
189261
140118
58211
58212
140140
140141
140142
140143
140144
140145
140146
140147
107380
140148
140149
140150
140151
140152
140153
189305
140154
189306
189307
189308
189309
189310
189311
189312
189313
189314
189315
189316
189317
189318
189319
140172
58258
58259
107413
107414
107421
140194
140195
140196
140197
140198
140199
140200
140201
140202
140203
140204
140205
140206
140207
140208
189363
189364
189365
189366
189367
189368
189369
189370
189371
189372
189373
107454
189374
107455
189375
189376
58305
189377
58306
140226
107462
140248
140249
140250
173018
140251
173019
140252
173020
140253
173021
140254
173022
140255
173023
140256
140257
140258
140259
140260
140261
140262
107495
107496
41964
189421
189422
107503
189423
58352
189424
58353
189425
189426
189427
189428
189429
189430
189431
74744
140280
189432
189433
189434
189435
156681
140302
140303
107536
140304
107537
140305
140306
140307
140308
140309
140310
140311
140312
140313
140314
140315
140316
42014
58399
58400
74789
189479
189480
189481
189482
189483
189484
189485
140334
189486
189487
189488
189489
189490
189491
189492
189493
156729
107583
107584
58446
58447
42064
74843
189537
189538
189539
189540
189541
189542
189543
189544
156777
189545
189546
189547
189548
189549
107630
189550
107631
189551
58493
58494
140416
140417
42114
140418
140419
140420
140421
140422
140423
140424
140425
140426
140427
140428
140429
140430
74897
189592
156825
189593
189594
189595
189596
107677
189597
107678
189598
189599
189600
189601
189602
189603
189604
189605
189606
58536
58537
42164
140476
140477
140478
140479
140480
140481
140482
140483
140484
140485
140486
74951
140487
140488
140489
156873
140490
107724
107725
58579
58580
42214
156921
107771
107772
75005
189697
58626
189698
58627
189699
189700
189701
189702
189703
189704
189705
189706
189707
189708
189709
189710
189711
91414
42264
156961
107818
107819
58673
58674
75059
189754
189755
189756
189757
189758
189759
189760
189761
189762
189763
189764
189765
42310
189766
189767
189768
157001
107865
107866
58716
58717
75113
157041
189811
42356
189812
189813
189814
189815
189816
189817
189818
189819
189820
189821
189822
189823
189824
189825
58759
107912
58760
107913
157081
75167
42402
189868
189869
189870
140719
189871
140720
189872
140721
189873
58802
140722
189874
58803
140723
189875
140724
189876
140725
189877
140726
189878
107959
140727
189879
107960
140728
189880
140729
189881
140730
189882
140731
140732
140733
157121
42448
75221
189925
108006
189926
108007
189927
189928
189929
189930
189931
189932
140781
189933
140782
189934
140783
189935
140784
189936
140785
189937
140786
189938
140787
189939
140788
140789
140790
140791
140792
140793
140794
140795
75275
108049
108050
189982
189983
189984
189985
189986
189987
189988
189989
189990
189991
189992
189993
189994
140843
189995
140844
189996
140845
140846
140847
140848
140849
140850
140851
140852
140853
140854
140855
140856
140857
108092
108093
75329
190039
190040
190041
190042
190043
190044
190045
190046
190047
190048
190049
190050
190051
190052
190053
140905
140906
108139
140907
108140
140908
140909
140910
140911
140912
140913
140914
140915
140916
140917
140918
75383
140919
124559
190096
190097
190098
190099
190100
190101
190102
190103
190104
190105
108186
190106
108187
190107
190108
190109
190110
91808
140967
140968
140969
140970
140971
140972
140973
140974
140975
140976
140977
140978
140979
140980
140981
124604
108227
108228
190153
190154
190155
190156
190157
190158
190159
190160
190161
91858
190162
190163
190164
190165
190166
190167
141029
141030
141031
141032
141033
141034
141035
108268
141036
108269
141037
141038
141039
141040
141041
124658
141042
141043
190210
190211
91908
190212
190213
190214
190215
190216
190217
190218
190219
190220
190221
190222
190223
190224
108309
108310
141091
141092
141093
141094
141095
124712
141096
141097
141098
141099
141100
141101
141102
141103
141104
141105
141108
141109
91958
141110
141111
141112
141113
141114
141115
141116
141117
141118
141119
141120
141121
141122
141123
141124
141125
141126
141127
141128
141129
141130
141131
141132
141133
141134
141135
141136
141137
141138
141139
141140
141141
141142
141143
141144
141145
141146
141147
141148
141149
124766
141150
141151
141152
141153
141154
141155
141156
141157
141158
141159
92008
141160
141161
141162
141163
141164
141165
141166
141167
141168
141169
190330
190331
190332
190333
190334
190335
190336
190337
190338
190339
190340
190341
190342
190343
190344
124820
92058
141215
141216
141217
141218
141219
141220
141221
141222
141223
141224
141225
141226
141227
141228
141229
190390
190391
190392
190393
190394
190395
190396
190397
190398
190399
190400
190401
190402
190403
190404
124874
92108
92154
124928
92187
92188
92195
124982
157757
157758
157759
157760
157761
157762
92228
92229
92236
59496
125036
92269
92270
92277
59541
92310
92311
125090
190633
190634
190635
190636
190637
190638
190639
190640
190641
190642
190643
190644
190645
190646
190647
92357
92358
59595
125144
141532
190695
190696
190697
190698
190699
190700
190701
190702
190703
190704
190705
190706
190707
92404
190708
92405
190709
59649
141580
125198
92451
92452
190757
190758
190759
190760
190761
190762
190763
190764
190765
190766
190767
190768
190769
190770
190771
59703
141628
92498
92499
190819
190820
190821
190822
190823
190824
190825
190826
190827
141676
190828
59757
190829
190830
190831
190832
190833
92545
92546
76166
76180
141724
190881
190882
59811
190883
190884
190885
190886
190887
190888
190889
190890
190891
190892
190893
190894
190895
92592
92593
108991
141772
59865
92639
190943
92640
190944
190945
190946
190947
190948
190949
190950
190951
76264
190952
76265
190953
76266
190954
76267
190955
109036
76268
190956
76269
190957
76270
76271
76272
76273
76274
76275
76276
141812
76277
76278
92686
92687
59919
141852
191005
191006
191007
191008
191009
109090
191010
191011
191012
191013
191014
191015
191016
191017
191018
191019
191022
191023
191024
191025
191026
191027
191028
191029
191030
191031
191032
191033
191034
191035
191036
92733
191037
92734
191038
191039
191040
191041
191042
191043
141892
191044
59973
191045
191046
191047
191048
191049
191050
191051
191052
191053
191054
191055
191056
191057
191058
191059
191060
191061
191062
191063
109144
191064
191065
191066
191067
191068
191069
191070
191071
191072
191073
191074
191075
191076
191077
191078
191079
191080
223849
191081
191082
191083
92780
141932
92781
223863
60027
207487
109198
141972
207509
207510
92823
207511
92824
207512
207513
207514
207515
207516
207517
207518
207519
207520
207521
207522
207523
60081
92866
92867
109252
207571
207572
207573
207574
207575
207576
207577
207578
207579
207580
207581
207582
207583
207584
207585
207587
60135
92913
92914
109306
92960
92961
76581
109360
93003
93004
207695
207696
207697
207698
207699
207700
207701
207702
76631
207703
207704
207705
207706
207707
207708
207709
109414
93046
93047
76681
109468
93089
93090
207778
207779
207780
207781
207782
207783
207784
207785
207786
207787
207788
207789
207790
207791
207792
76731
191436
207820
207821
207822
207823
207824
207825
109522
207826
207827
207828
207829
207830
207831
207832
207833
207834
76781
191484
109576
125981
76831
125995
191532
109630
207946
207947
207948
207949
207950
207951
44112
207952
76881
207953
207954
207955
207956
207957
207958
207959
207960
191580
207988
207989
207990
207991
207992
207993
207994
207995
207996
44157
207997
207998
76927
207999
208000
208001
208002
191628
208030
208031
76960
208032
76961
208033
208034
208035
208036
208037
208038
208039
76968
208040
208041
208042
208043
208044
44211
191676
208072
77001
208073
77002
208074
208075
208076
208077
208078
208079
208080
77009
208081
208082
208083
208084
208085
208086
44265
191724
77042
77043
175353
77050
142608
142609
142610
142611
142612
142613
77083
77084
191772
44319
77130
77131
191820
44373
208240
208241
208242
208243
208244
208245
208246
208247
208248
77177
208249
77178
208250
208251
191868
208252
208253
208254
44427
208282
208283
208284
208285
208286
208287
208288
208289
208290
208291
208292
208293
208294
208295
77224
208296
77225
191916
126389
44481
208324
208325
208326
208327
208328
208329
208330
208331
208332
208333
208334
208335
208336
208337
208338
77271
77272
126439
208366
208367
208368
208369
208370
208371
208372
208373
60918
208374
44535
208375
208376
208377
208378
208379
208380
60932
77318
77319
208408
126489
208409
208410
208411
208412
208413
208414
208415
208416
208417
208418
208419
208420
208421
208422
44589
77365
77366
208450
208451
208452
208453
208454
208455
208456
208457
208458
126539
208459
208460
208461
208462
208463
208464
93783
44643
77412
77413
208492
241261
208493
208494
208495
208496
208497
208498
208499
241268
208500
208501
208502
208503
208504
208505
208506
241275
126589
241279
241280
241282
93828
241288
241290
175754
241297
241299
77459
77460
208534
208535
208536
44697
208537
208538
208539
208540
208541
208542
208543
208544
208545
208546
208547
208548
126639
93882
175802
208576
208577
77506
208578
77507
208579
208580
208581
208582
208583
208584
208585
208586
208587
208588
208589
208590
44751
126681
175850
208618
208619
208620
208621
208622
208623
93936
208624
77553
208625
77554
208626
208627
208628
208629
208630
208631
208632
126723
208660
208661
208662
208663
208664
208665
175898
208666
208667
77596
208668
77597
208669
208670
208671
208672
208673
208674
93990
126765
208702
208703
208704
208705
208706
208707
208708
208709
208710
77639
208711
77640
208712
208713
175946
208714
208715
208716
126807
110427
94044
208744
208745
208746
208747
208748
208749
208750
208751
208752
208753
208754
208755
208756
208757
77686
208758
77687
175994
126849
94098
61333
176034
77733
77734
208828
208829
208830
208831
208832
208833
208834
208835
208836
208837
208838
61383
208839
94152
208840
208841
176074
208842
77776
77777
176114
61433
77819
77820
94206
176154
77862
77863
61483
94260
208954
208955
208956
208957
208958
208959
208960
208961
176194
208962
208963
208964
208965
208966
208967
208968
61533
208996
208997
143462
208998
208999
209000
209001
94314
209002
209003
209004
209005
209006
209007
209008
209009
209010
209038
61583
209039
209040
209041
209042
143507
209043
209044
209045
209046
209047
209048
209049
209050
209051
209052
94368
61633
143561
94422
110821
61679
143615
61712
61713
110871
61720
143669
209206
209207
209208
61753
209209
61754
209210
209211
209212
209213
209214
209215
209216
61761
209217
209218
209219
209220
110921
160081
160095
209248
209249
61794
209250
61795
209251
209252
209253
209254
209255
209256
209257
61802
209258
143723
209259
209260
209261
209262
110971
61835
61836
143777
111021
29108
61882
61883
209348
209349
209350
209351
209352
12745
209353
12746
209354
209355
12748
209356
209357
209358
209359
209360
209361
209362
143831
111071
12767
12768
12769
12770
12771
12772
29157
12773
29158
12774
29159
12775
29160
12776
61929
29161
12777
61930
12778
12779
45548
12780
12781
12783
29171
29173
29180
29181
29182
209406
29183
209407
209408
209409
209410
209411
209412
209413
209414
209415
29192
209416
29193
209417
29194
209418
29195
209419
29196
209420
29197
143885
29198
29199
29200
111121
29201
29202
29203
29204
29205
29206
61976
29208
61977
127513
127514
127515
127516
127517
127518
209464
209465
209466
209467
209468
209469
209470
111167
209471
209472
209473
209474
143939
209475
209476
209477
209478
62023
62024
111213
209522
209523
209524
209525
62070
209526
62071
209527
209528
143993
209529
209530
209531
209532
209533
209534
209535
209536
29316
29317
29318
29319
29320
29321
29322
29323
29324
29325
29326
29327
29328
29329
29330
111259
62117
62118
209580
209581
209582
144047
209583
209584
209585
209586
209587
209588
209589
209590
209591
209592
209593
209594
176830
176831
176832
176833
176834
176835
111305
62164
62165
78556
29407
144101
209638
209639
209640
209641
209642
209643
29420
209644
209645
209646
29423
209647
29424
160496
209648
29425
209649
29426
209650
29427
209651
29428
209652
29429
29430
29431
29432
29433
29434
29435
29436
29437
62211
62212
78601
160544
209696
209697
209698
209699
209700
209701
209702
29479
209703
29480
209704
29481
209705
29482
209706
29483
209707
29484
209708
29485
209709
29486
209710
29487
29488
29489
62258
29490
62259
29491
29492
29493
78655
160592
29535
29536
62305
29537
62306
29538
29539
29540
29541
29542
29543
29544
29545
29546
29547
29548
29549
78709
45949
160640
62348
62349
209807
209808
209809
209810
209811
209812
209813
209814
29591
209815
29592
209816
29593
209817
29594
209818
209819
29595
209820
29596
209821
29597
29598
29599
29600
29601
29602
29603
29604
29605
78763
45999
160688
62391
62392
209867
209868
209869
209870
209871
29647
209872
29648
209873
29649
209874
29650
209875
29651
209876
29652
209877
29653
209878
29654
209879
29655
209880
29656
209881
29657
29658
29659
29660
29661
160736
78817
46049
95205
62438
62439
95219
209927
29703
209928
29704
160776
209929
29705
209930
29706
209931
29707
209932
29708
209933
29709
209934
29710
209935
29711
209936
29712
209937
29713
209938
29714
209939
46099
29715
209940
29716
209941
62485
29717
62486
78871
160816
29759
62528
29760
62529
29761
29762
209987
29763
209988
29764
209989
46149
29765
209990
29766
209991
29767
209992
29768
209993
29769
209994
29770
209995
29771
209996
29772
209997
78925
29773
209998
209999
210000
210001
160856
62571
62572
46199
29815
29816
29817
29818
29819
29820
29821
29822
210047
29823
210048
29824
160896
210049
29825
210050
29826
210051
78979
29827
210052
29828
210053
29829
210054
210055
210056
210057
210058
210059
210060
210061
62614
62615
160936
46249
79033
210107
210108
210109
210110
210111
210112
210113
210114
210115
210116
210117
210118
210119
210120
210121
46295
29927
29928
29929
29930
29931
29932
29933
29934
79087
29935
29936
29937
29938
29939
29940
29941
210167
210168
46328
210169
46329
210170
210171
210172
210173
210174
210175
210176
46336
210177
210178
210179
210180
210181
29983
29984
46369
29985
46370
29986
29987
29988
79141
29989
29990
29991
29992
46377
29993
29994
29995
29996
29997
210227
210228
210229
210230
210231
210232
210233
210234
210235
210236
210237
210238
210239
210240
210241
46410
46411
46418
30039
30040
30041
30042
79195
30043
30044
30045
30046
30047
30048
30049
30050
30051
30052
30053
210287
128367
210288
210289
210290
210291
46451
210292
46452
210293
210294
210295
210296
210297
210298
210299
210300
210301
95613
30095
30096
30097
30098
30099
30100
30101
30102
30103
30104
30105
30106
30107
30108
128412
30109
46498
46499
210347
210348
210349
210350
210351
95663
210352
210353
210354
210355
210356
30132
210357
210358
30134
210359
210360
210361
30151
30152
30153
30154
30155
30156
30157
30158
30159
30160
46545
30161
46546
30162
128466
30163
30164
30165
95713
144875
30188
30190
144878
144879
144885
144886
144887
144888
144889
30207
46592
30208
46593
30209
30210
144898
30211
144899
30212
30213
144901
30214
30215
30216
128520
30217
30218
30219
30220
144908
30221
144909
144910
144911
95763
144920
144921
144922
144923
144924
144925
144926
144927
144928
144929
144930
210467
144931
210468
30244
144932
210469
144933
210470
30246
144934
210471
210472
144936
210473
210474
210475
210476
210477
210478
210479
46639
210480
46640
210481
30263
30264
30265
30266
30267
30268
30269
30270
128574
30271
30272
30273
30274
30275
30276
95813
30277
144982
144983
144984
144985
144986
144987
30300
144988
144989
46686
30302
144990
210527
46687
144991
210528
144992
210529
144993
210530
144994
210531
144995
210532
144996
210533
210534
210535
210536
210537
210538
210539
210540
210541
30319
30320
30321
30322
30323
30324
128628
30325
30326
95863
30327
30328
30329
30330
30331
30332
30333
46733
46734
30356
30358
30375
30376
95913
30377
30378
128682
30379
30380
30381
30382
30383
30384
30385
30386
30387
30388
30389
46780
46781
145106
145107
145108
145109
145110
95959
145111
145112
145113
145114
145115
145116
145117
145118
30431
145119
30432
128736
145120
30433
30434
30435
30436
30437
30438
30439
30440
30441
30442
46827
30443
46828
30444
30445
95992
95993
96000
128790
30487
30488
30489
46874
30490
46875
30491
30492
30493
30494
30495
30496
96033
30497
96034
30498
30499
30500
161572
30501
161573
161574
161575
161576
96041
161577
30524
30526
46921
96074
46922
96075
63308
128844
30543
30544
30545
210770
96082
30546
210771
30547
210772
30548
210773
30549
210774
30550
210775
30551
210776
30552
210777
30553
210778
30554
210779
30555
210780
30556
210781
30557
210782
210783
210784
96115
96116
30580
30582
46968
63353
46969
128898
30599
30600
30601
30602
30603
30604
30605
30606
30607
210832
30608
210833
30609
210834
30610
210835
30611
145299
210836
30612
210837
30613
210838
210839
210840
210841
210842
210843
210844
210845
210846
96162
96163
47015
47016
30636
30638
63407
128952
30655
30656
30657
30658
30659
145347
30660
30661
30662
30663
30664
30665
30666
30667
30668
30669
210894
210895
210896
210897
96209
210898
96210
210899
210900
210901
210902
210903
210904
210905
210906
47066
210907
47067
210908
30692
63461
30694
129006
145395
30711
30712
30713
30714
30715
30716
30717
30718
30719
96256
30720
96257
30721
30722
30723
30724
30725
210956
210957
47117
210958
47118
210959
210960
210961
210962
210963
210964
210965
210966
210967
210968
210969
210970
63515
145443
96303
30767
96304
30768
30769
30770
30771
30772
30773
30774
30775
30776
30777
30778
30779
47164
30780
47165
30781
211018
211019
211020
211021
211022
211023
211024
211025
63569
211026
211027
145491
211028
211029
211030
211031
211032
96350
96351
79969
79972
79973
79974
79975
30823
30824
30825
30826
79979
47211
30827
79980
47212
30828
79981
30829
79982
30830
79983
30831
30832
30833
30834
30835
30836
30837
79992
79993
79995
80002
80003
145539
80004
80005
63623
211080
211081
211082
211083
211084
211085
96397
211086
96398
80014
211087
80015
211088
80016
211089
80017
211090
80018
211091
80019
211092
80020
211093
80021
211094
80022
80023
80024
80025
80026
47258
80027
47259
80028
80030
30879
30880
30881
30882
30883
30884
30885
30886
30887
30888
30889
30890
30891
145579
30892
30893
96444
96445
63677
211142
211143
211144
211145
211146
211147
211148
80076
211149
80077
211150
80078
211151
80079
211152
80080
211153
80081
211154
80082
211155
80083
145619
211156
80084
80085
80086
211159
80087
211160
80088
211161
80089
211162
80090
211163
211164
80092
211165
211166
211167
211168
211169
211170
211171
211172
211173
211174
211175
211176
211177
211178
211179
96491
211180
96492
211181
211182
211183
211184
211185
211186
211187
112883
63731
211188
211189
211190
211191
211192
30968
211193
211194
30970
211195
145659
211196
211197
211198
211199
211200
211201
211202
211203
211204
211205
211206
211207
30983
211208
30984
211209
30985
211210
30986
211211
30987
211212
30988
211213
30989
211214
30990
211215
30991
211216
30992
211217
30993
211218
30994
211219
30995
211220
30996
30997
96538
96539
112928
145699
63785
31020
31022
31035
31036
31037
31038
31039
31040
31041
31042
31043
31044
31045
31046
31047
80200
31048
96585
80201
31049
96586
80202
80203
145739
80204
80205
80206
80207
80208
80209
80210
80211
80212
80213
112982
80214
63839
31072
31074
31087
31088
31089
31090
31091
96628
31092
96629
31093
31094
31095
31096
31097
31098
31099
31100
31101
145797
145798
145799
145800
145801
145802
145803
113036
145804
145805
145806
145807
145808
145809
145810
145811
63893
96671
96672
31139
31140
31141
31142
31143
31144
31145
31146
31147
31148
31149
31150
31151
31152
31153
80307
145843
80308
145844
80309
145845
80310
145846
80311
145847
80312
145848
80313
145849
80314
145850
80315
145851
80316
145852
80317
145853
80318
145854
80319
145855
80320
145856
80321
145857
113090
63947
96718
96719
31191
31192
31193
31194
31195
31196
31197
31198
31199
31200
31201
145889
31202
145890
31203
145891
31204
145892
31205
145893
145894
145895
145896
145897
145898
80363
145899
80364
145900
80365
145901
80366
145902
80367
145903
80368
80369
80370
80371
80372
80373
80374
80375
113144
80376
80377
96765
96766
80393
145935
145936
145937
145938
145939
145940
145941
145942
195094
145943
145944
145945
145946
145947
145948
145949
96808
96809
195116
195117
113198
195118
195119
195120
195121
195122
195123
195124
195125
195126
195127
195128
195129
195130
80443
195132
145981
145982
145983
145984
145985
145986
145987
145988
145989
145990
31303
145991
31304
145992
31305
145993
31306
145994
31307
145995
31308
31309
31310
31311
31312
31313
31314
96851
31315
96852
31316
31317
113252
80493
31343
31356
96894
96895
31359
31360
80513
31361
80514
31362
80515
31363
80516
31364
80517
31365
80518
31366
80519
31367
80520
31368
80521
31369
80522
31370
80523
31371
80524
31372
80525
31373
80526
80527
113306
80543
80563
80564
80565
80566
80567
80568
80569
80570
80571
80572
80573
80574
80575
80576
80577
146119
146120
146121
146122
146123
146124
146125
146126
146127
113360
146128
80593
146129
146130
146131
146132
146133
80613
80614
80615
80616
80617
80618
80619
80620
80621
80622
80623
31471
80624
31472
80625
31473
80626
31474
80627
31475
31476
31477
146165
31478
146166
31479
146167
31480
146168
31481
146169
31482
146170
31483
146171
31484
146172
31485
146173
146174
146175
146176
146177
146178
80643
146179
113414
129803
80663
80664
80665
80666
80667
80668
80669
80670
80671
80672
80673
80674
80675
146211
80676
146212
80677
146213
146214
146215
146216
31529
146217
31530
146218
31531
146219
31532
146220
31533
146221
31534
146222
31535
146223
31536
146224
31537
146225
31538
31539
31540
80693
31541
31542
31543
113468
146253
146254
146255
146256
146257
146258
146259
146260
146261
146262
146263
146264
146265
146266
146267
80739
31587
31588
31589
31590
31591
31592
31593
31594
31595
31596
31597
31598
31599
31600
31601
113522
47992
80772
80773
80780
228253
31645
195485
31646
31647
31648
31649
31650
31651
31652
48037
31653
31654
31655
31656
31657
31658
31659
80813
80814
228275
228276
228277
80821
228278
228279
228280
228281
228282
228283
228284
228285
228286
228287
228288
228289
80837
80838
80839
146375
80840
146376
80841
146377
80842
146378
80843
146379
80844
146380
80845
80846
80847
195535
80848
80849
80850
80851
80854
80855
31703
31704
31705
31706
179162
48091
31707
31708
31709
80862
31710
31711
31712
31713
31714
31715
31716
31717
80878
80879
80880
80881
80882
80883
80884
80885
80886
80887
80888
80889
80890
80891
80892
80895
80896
195585
48145
31761
31762
31763
31764
31765
31766
31767
31768
31769
31770
31771
31772
80925
31773
80926
31774
80927
31775
80928
80929
80930
80931
80932
80933
80934
80935
80936
80937
80938
80939
80942
80943
195635
48199
31819
80972
31820
80973
31821
80974
31822
80975
31823
80976
31824
80977
31825
80978
31826
80979
31827
80980
31828
80981
31829
80982
31830
80983
31831
80984
31832
80985
31833
80986
80989
80990
195685
81019
81020
81021
48253
81022
81023
81024
81025
81026
81027
81028
81029
81030
81031
81032
81033
81036
81037
130197
195735
31909
81066
81067
81068
81069
81070
81071
81072
81073
81074
81075
48307
81076
81077
81078
81079
81080
31930
81083
31931
81084
31932
31933
31934
31935
31936
31937
31938
31939
31940
31941
31942
31943
130247
31944
195785
81113
81114
81115
81116
81117
81118
81119
81120
81121
31969
81122
81123
81124
81125
81126
81127
64744
48361
81130
81131
31990
31991
31992
31993
130297
31994
31995
195835
31996
31997
31998
31999
32000
32001
32002
32003
32004
81160
81161
81162
81163
81164
81165
81166
81167
81168
81169
81170
81171
81172
81173
81174
81177
81178
32029
48415
130347
195885
32050
32051
97588
32052
32053
32054
81207
32055
81208
32056
81209
32057
81210
32058
81211
32059
81212
32060
81213
32061
81214
32062
81215
32063
81216
32064
81217
81218
81219
81220
81221
81224
81225
48469
32089
130397
195935
97633
81254
81255
81256
81257
81258
81259
179563
81260
81261
81262
32110
81263
32111
81264
32112
81265
32113
81266
32114
81267
32115
81268
32116
32117
32118
81271
32119
81272
32120
32121
32122
32123
32124
48523
130447
195985
81301
81302
97687
81303
81304
81305
81306
81307
179611
81308
81309
81310
81311
81312
81313
81314
81315
81318
81319
32170
32171
32172
32173
32174
32175
32176
32177
32178
32179
32180
32181
32182
32183
32184
130489
48577
81348
81349
81350
81351
81352
81353
81354
81355
179659
81356
97741
81357
81358
81359
81360
81361
32209
81362
81365
81366
130531
32230
32231
32232
32233
32234
32235
32236
32237
32238
81391
32239
81392
32240
81393
32241
81394
32242
81395
32243
81396
32244
81397
81398
81399
48631
81400
81401
81402
81403
179707
81404
81405
81408
81409
97795
32269
130573
32290
32291
32292
32293
32294
32295
32296
32297
32298
81451
32299
179755
81452
32300
32301
32302
32303
32304
130615
97849
81481
32329
81482
81483
81484
81485
81486
81487
81488
81489
81490
81491
81492
81493
81494
81495
81498
81499
179803
32350
32351
32352
32353
130657
32354
32355
32356
32357
32358
32359
32360
32361
32362
32363
32364
97903
65145
179843
32389
81545
81546
114319
32410
32411
32412
32413
32414
32415
32416
32417
32418
32419
32420
97957
32421
32422
32423
32424
65195
179883
81588
81589
32449
81614
81615
81616
81617
81618
81619
179923
81620
81621
81622
32470
81623
32471
81624
32472
81625
32473
81626
32474
98011
81627
32475
81628
32476
65245
32477
32478
81631
32479
81632
32480
32481
32482
32483
32484
81657
81658
81659
179963
81660
81661
81662
81663
81664
81665
81666
81667
81668
81669
81670
81671
81674
81675
65295
98065
32530
32531
32532
32533
32534
32535
32536
32537
32538
32539
32540
32541
147229
32542
32543
32544
180003
81700
81701
81702
81703
81704
81705
81706
81707
81708
81709
81710
81711
81712
81713
81714
65345
98119
147274
32590
32591
32592
32593
32594
32595
32596
32597
32598
32599
32600
32601
32602
32603
32604
65395
98173
147328
32650
32651
32652
32653
32654
32655
32656
32657
32658
32659
32660
32661
32662
147350
32663
147351
32664
147352
147353
147354
147355
147356
147357
147358
147359
147360
147361
147362
147363
147364
65445
98227
147382
147404
147405
147406
147407
147408
147409
147410
65491
147411
147412
147413
147414
147415
147416
147417
147418
81900
147436
81901
81902
81903
81904
81905
81906
81907
81908
65524
81909
65525
81910
81911
81912
81913
81914
65532
)


// ************************************************************************* //
