/*--------------------------------*- C++ -*----------------------------------*\
| =========                 |                                                 |
| \\      /  F ield         | OpenFOAM: The Open Source CFD Toolbox           |
|  \\    /   O peration     | Version:  2606                                  |
|   \\  /    A nd           | Website:  www.openfoam.com                      |
|    \\/     M anipulation  |                                                 |
\*---------------------------------------------------------------------------*/
FoamFile
{
    version     2.0;
    format      ascii;
    arch        "LSB;label=32;scalar=64";
    class       cellSet;
    location    "constant/fluid/polyMesh/sets";
    object      external_Vent_main_intake_9;
}
// * * * * * * * * * * * * * * * * * * * * * * * * * * * * * * * * * * * * * //


770
(
53357
53358
53359
53360
53361
53362
53363
53364
53365
53366
53367
163960
53368
163961
53369
163962
53370
163963
163964
163965
163966
163967
163968
163969
163970
163971
163972
163973
80041
80042
80043
80044
80045
80046
80047
80048
80049
80050
80051
80052
80053
80054
106689
106690
106691
106692
106693
106694
106695
106696
106697
106698
106699
137420
106700
137421
106701
137422
106702
137423
137424
137425
137426
137427
137428
137429
137430
137431
137432
137433
211231
211232
211233
211234
211235
211236
211237
211238
211239
211240
211241
211242
211243
211244
16689
16690
16691
16692
16693
16694
16695
16696
16697
16698
16699
16700
16701
16702
49477
49478
49479
49480
49481
49482
49483
49484
49485
49486
49487
49488
49489
49490
219516
219517
219518
219519
219520
219521
219522
219523
219524
219525
219526
219527
219528
219529
160144
160145
160146
160147
160148
160149
160150
160151
160152
160153
160154
160155
160156
160157
76229
76230
76231
76232
76233
76234
76235
76236
76237
76238
76239
76240
76241
76242
29157
29158
29159
29160
29161
29162
29163
29164
29165
215534
29166
215535
29167
215536
29168
215537
29169
215538
29170
215539
215540
215541
215542
102902
215543
102903
215544
102904
215545
102905
215546
102906
12794
215547
102907
12795
102908
12796
102909
12797
102910
12798
102911
12799
102912
12800
102913
12801
102914
12802
102915
12803
12804
20997
12805
20998
12806
20999
12807
21000
21001
21002
21003
21004
21005
21006
21007
21008
21009
21010
133660
133661
45597
133662
45598
133663
45599
133664
45600
133665
45601
133666
45602
133667
45603
133668
45604
133669
45605
133670
45606
133671
45607
133672
45608
133673
45609
45610
195143
199240
195144
203337
199241
195145
203338
199242
195146
33354
203339
199243
195147
33355
203340
199244
195148
33356
203341
199245
195149
33357
203342
199246
195150
33358
203343
199247
195151
33359
203344
199248
195152
33360
203345
199249
195153
33361
203346
199250
195154
33362
203347
199251
195155
33363
203348
199252
195156
33364
203349
199253
33365
203350
33366
33367
37483
37484
37485
37486
37487
37488
37489
37490
37491
37492
37493
191094
37494
191095
37495
191096
37496
191097
191098
191099
191100
191101
191102
191103
191104
191105
191106
191107
41612
41613
41614
187023
41615
187024
41616
187025
41617
187026
41618
187027
41619
187028
41620
187029
41621
187030
41622
187031
41623
187032
41624
187033
41625
187034
187035
187036
223912
223913
156329
223914
156330
223915
156331
223916
156332
223917
156333
223918
156334
223919
156335
223920
207536
156336
223921
207537
156337
223922
207538
156338
223923
207539
156339
223924
207540
156340
223925
207541
156341
207542
156342
207543
207544
207545
207546
207547
207548
207549
25281
25282
25283
25284
25285
25286
25287
25288
25289
25290
25291
25292
25293
25294
72417
72418
72419
72420
72421
72422
72423
72424
72425
72426
72427
183020
72428
183021
72429
183022
72430
183023
183024
183025
183026
183027
183028
183029
183030
183031
183032
183033
99073
99074
99075
99076
99077
99078
99079
99080
99081
99082
99083
99084
99085
99086
129852
129853
129854
129855
129856
129857
129858
129859
129860
129861
129862
129863
129864
129865
152481
152482
152483
152484
152485
152486
152487
152488
152489
152490
152491
152492
152493
152494
68605
68606
68607
68608
68609
68610
68611
68612
68613
68614
68615
68616
68617
68618
179211
179212
179213
179214
179215
179216
179217
179218
179219
179220
179221
179222
179223
179224
95268
95269
95270
95271
95272
95273
95274
95275
95276
95277
95278
95279
95280
95281
126044
126045
126046
126047
126048
126049
126050
126051
126052
126053
126054
126055
126056
126057
148714
148715
148716
148717
148718
148719
148720
148721
148722
148723
148724
148725
148726
148727
64793
64794
64795
64796
64797
64798
64799
64800
64801
64802
64803
64804
64805
64806
122152
122153
175402
122154
175403
122155
175404
122156
175405
122157
175406
122158
175407
122159
175408
122160
175409
122161
175410
122162
175411
122163
175412
122164
175413
122165
175414
175415
91463
91464
91465
91466
91467
91468
91469
91470
91471
91472
91473
91474
91475
91476
118260
118261
118262
118263
118264
118265
118266
118267
118268
118269
118270
118271
118272
118273
144947
144948
144949
60981
144950
60982
144951
60983
144952
60984
144953
60985
144954
60986
144955
60987
144956
60988
144957
60989
144958
60990
144959
60991
144960
60992
60993
60994
171590
171591
171592
171593
171594
171595
171596
171597
171598
171599
171600
171601
171602
171603
87658
87659
87660
87661
87662
87663
87664
87665
87666
87667
87668
87669
87670
87671
114368
114369
114370
114371
114372
114373
114374
114375
114376
114377
114378
114379
114380
114381
57169
57170
57171
57172
57173
57174
57175
57176
57177
57178
57179
57180
57181
57182
167776
167777
167778
167779
167780
167781
167782
167783
167784
167785
167786
167787
167788
167789
141180
141181
141182
141183
141184
141185
141186
141187
141188
141189
141190
141191
141192
141193
110476
110477
83853
110478
83854
110479
83855
110480
83856
110481
83857
110482
83858
110483
83859
110484
83860
110485
83861
110486
83862
110487
83863
110488
83864
110489
83865
83866
)


// ************************************************************************* //
