/*--------------------------------*- C++ -*----------------------------------*\
| =========                 |                                                 |
| \\      /  F ield         | OpenFOAM: The Open Source CFD Toolbox           |
|  \\    /   O peration     | Version:  2606                                  |
|   \\  /    A nd           | Website:  www.openfoam.com                      |
|    \\/     M anipulation  |                                                 |
\*---------------------------------------------------------------------------*/
FoamFile
{
    version     2.0;
    format      ascii;
    arch        "LSB;label=32;scalar=64";
    class       cellSet;
    location    "constant/fluid/polyMesh/sets";
    object      internal_Rear_exhaust_12;
}
// * * * * * * * * * * * * * * * * * * * * * * * * * * * * * * * * * * * * * //


552
(
55304
55305
55306
55307
55308
55309
55310
55311
55312
55313
55314
55315
139315
139316
139317
139318
139319
139320
139321
139322
139323
139324
139325
139326
108611
108612
81988
108613
81989
108614
81990
108615
81991
108616
81992
108617
81993
108618
81994
108619
81995
108620
81996
108621
81997
108622
81998
81999
162046
162047
162048
162049
162050
162051
162052
162053
162054
162055
162056
162057
51480
51481
51482
51483
51484
51485
51486
51487
51488
51489
51490
51491
78176
78177
78178
78179
78180
78181
78182
78183
78184
78185
78186
78187
104824
104825
104826
104827
104828
104829
104830
104831
104832
104833
104834
135555
104835
135556
135557
135558
135559
135560
135561
135562
135563
135564
135565
135566
47600
47601
47602
47603
47604
47605
47606
47607
47608
47609
47610
47611
10769
10770
10771
10772
10773
10774
158231
14871
10775
158232
14872
10776
158233
14873
10777
158234
14874
10778
158235
14875
10779
158236
14876
10780
158237
14877
158238
14878
158239
14879
158240
14880
158241
14881
158242
14882
19025
19026
19027
19028
19029
19030
19031
19032
19033
19034
19035
19036
27251
27252
27253
27254
27255
27256
27257
27258
27259
74364
27260
74365
27261
74366
27262
74367
74368
74369
74370
74371
74372
74373
74374
74375
31399
31400
31401
31402
31403
31404
101037
31405
101038
31406
101039
31407
101040
31408
101041
31409
101042
31410
101043
101044
101045
101046
101047
101048
43720
35528
43721
35529
43722
35530
43723
35531
43724
35532
43725
35533
43726
35534
43727
35535
43728
35536
43729
35537
43730
35538
131795
43731
35539
131796
131797
131798
131799
131800
131801
131802
131803
131804
131805
131806
39657
39658
39659
39660
39661
39662
39663
39664
39665
39666
39667
39668
23309
23310
154383
23311
154384
23312
154385
23313
154386
23314
154387
23315
154388
23316
154389
23317
154390
23318
154391
23319
154392
23320
154393
154394
185116
185117
185118
185119
185120
185121
185122
185123
185124
185125
185126
185127
181113
181114
181115
181116
181117
181118
181119
181120
181121
181122
181123
181124
70552
70553
70554
70555
70556
70557
70558
70559
70560
70561
70562
70563
97208
97209
97210
97211
97212
97213
97214
97215
97216
97217
97218
97219
127987
127988
127989
127990
127991
127992
127993
127994
127995
127996
127997
127998
150616
150617
150618
150619
150620
150621
150622
150623
150624
150625
150626
150627
177304
177305
177306
177307
177308
177309
177310
177311
177312
177313
177314
177315
66740
66741
66742
66743
66744
66745
66746
66747
66748
66749
66750
66751
93403
93404
93405
93406
93407
93408
93409
93410
93411
93412
93413
93414
124179
124180
124181
124182
124183
124184
124185
124186
124187
124188
124189
124190
146849
146850
146851
146852
146853
146854
146855
146856
146857
146858
146859
146860
173492
173493
173494
173495
173496
173497
173498
173499
173500
173501
173502
173503
62928
62929
62930
62931
62932
62933
62934
62935
62936
62937
62938
62939
120287
120288
120289
120290
120291
120292
120293
120294
120295
120296
120297
120298
89598
89599
89600
89601
89602
89603
89604
89605
89606
89607
89608
89609
116395
116396
116397
116398
116399
116400
116401
116402
116403
116404
116405
116406
169678
169679
169680
169681
169682
169683
169684
169685
169686
169687
169688
169689
143082
143083
143084
59116
143085
59117
143086
59118
143087
59119
143088
59120
143089
59121
143090
59122
143091
59123
143092
59124
143093
59125
59126
59127
85793
85794
85795
85796
85797
85798
85799
85800
85801
85802
85803
85804
112503
112504
112505
112506
112507
112508
112509
112510
112511
112512
112513
112514
165862
165863
165864
165865
165866
165867
165868
165869
165870
165871
165872
165873
)


// ************************************************************************* //
