/*--------------------------------*- C++ -*----------------------------------*\
| =========                 |                                                 |
| \\      /  F ield         | OpenFOAM: The Open Source CFD Toolbox           |
|  \\    /   O peration     | Version:  2606                                  |
|   \\  /    A nd           | Website:  www.openfoam.com                      |
|    \\/     M anipulation  |                                                 |
\*---------------------------------------------------------------------------*/
FoamFile
{
    version     2.0;
    format      ascii;
    arch        "LSB;label=32;scalar=64";
    class       cellSet;
    location    "constant/fluid/polyMesh/sets";
    object      internal_Front_intake_11;
}
// * * * * * * * * * * * * * * * * * * * * * * * * * * * * * * * * * * * * * //


460
(
130048
130049
130050
130051
130052
57367
57368
57369
57370
57371
57372
57373
57374
57375
57376
167974
167975
167976
167977
167978
167979
167980
167981
167982
167983
141378
141379
141380
141381
141382
141383
141384
141385
141386
141387
110667
110668
84044
110669
84045
110670
84046
110671
84047
110672
84048
110673
84049
110674
84050
110675
84051
110676
84052
84053
152679
152680
152681
152682
152683
152684
152685
152686
152687
152688
68803
68804
68805
68806
68807
68808
68809
68810
68811
68812
179409
179410
179411
179412
179413
179414
179415
179416
179417
179418
95459
95460
95461
95462
95463
95464
95465
95466
95467
95468
126235
126236
126237
126238
126239
126240
126241
126242
126243
126244
53555
53556
53557
53558
53559
53560
53561
53562
53563
53564
164158
164159
164160
164161
164162
164163
164164
164165
164166
164167
8553
8554
8555
8556
8557
8558
80239
8559
80240
8560
80241
8561
80242
8562
80243
80244
80245
80246
80247
80248
106880
106881
106882
106883
106884
106885
106886
106887
106888
106889
137611
137612
137613
137614
137615
137616
137617
137618
137619
137620
148912
148913
148914
148915
148916
148917
148918
148919
148920
148921
64991
64992
64993
64994
64995
64996
64997
64998
122343
64999
122344
65000
122345
122346
122347
122348
122349
122350
122351
175600
122352
175601
175602
175603
16883
175604
16884
175605
16885
175606
16886
175607
16887
175608
16888
175609
16889
16890
16891
16892
91654
91655
91656
91657
91658
91659
49675
91660
49676
91661
49677
91662
49678
91663
49679
49680
49681
49682
49683
49684
160342
160343
160344
160345
160346
160347
160348
160349
160350
160351
76427
76428
76429
76430
76431
76432
76433
76434
76435
76436
29355
29356
29357
29358
29359
29360
29361
29362
118451
29363
118452
29364
118453
103093
118454
103094
118455
103095
118456
103096
118457
103097
118458
103098
118459
103099
118460
103100
12988
103101
12989
103102
12990
12991
12992
12993
12994
12995
12996
12997
21191
21192
21193
21194
21195
21196
21197
21198
21199
21200
133851
133852
133853
133854
133855
133856
133857
133858
133859
45795
133860
45796
45797
45798
45799
45800
45801
45802
45803
45804
145145
145146
145147
61179
145148
61180
145149
61181
145150
61182
145151
61183
145152
61184
145153
61185
145154
61186
61187
61188
171788
171789
171790
171791
171792
33552
171793
33553
171794
33554
171795
33555
171796
33556
171797
33557
33558
33559
33560
33561
87849
87850
87851
87852
87853
87854
87855
87856
87857
37681
87858
37682
37683
37684
37685
37686
37687
37688
37689
37690
41810
41811
41812
41813
41814
41815
41816
41817
41818
41819
156527
156528
156529
156530
156531
156532
156533
156534
156535
156536
25466
25467
25468
25469
25470
114559
25471
114560
25472
114561
25473
114562
25474
114563
25475
114564
114565
114566
114567
114568
72615
72616
72617
72618
72619
72620
72621
72622
72623
72624
183218
183219
183220
183221
183222
183223
183224
183225
183226
183227
99264
99265
99266
99267
99268
99269
99270
99271
99272
99273
130043
130044
130045
130046
130047
)


// ************************************************************************* //
