/*--------------------------------*- C++ -*----------------------------------*\
| =========                 |                                                 |
| \\      /  F ield         | OpenFOAM: The Open Source CFD Toolbox           |
|  \\    /   O peration     | Version:  2606                                  |
|   \\  /    A nd           | Website:  www.openfoam.com                      |
|    \\/     M anipulation  |                                                 |
\*---------------------------------------------------------------------------*/
FoamFile
{
    version     2.0;
    format      ascii;
    arch        "LSB;label=32;scalar=64";
    class       cellSet;
    location    "constant/fluid/polyMesh/sets";
    object      internal_Rear_exhaust_4;
}
// * * * * * * * * * * * * * * * * * * * * * * * * * * * * * * * * * * * * * //


250
(
87046
87047
36871
87048
36872
87049
52745
36873
87050
52746
36874
52747
36875
52748
52749
190482
190483
190484
163348
190485
163349
190486
163350
163351
163352
41000
41001
41002
186411
41003
186412
41004
186413
186414
186415
155717
79429
155718
79430
155719
79431
155720
79432
155721
79433
206924
206925
206926
206927
206928
113756
113757
106077
113758
106078
113759
106079
113760
106080
106081
136808
136809
136810
136811
136812
71805
71806
71807
71808
71809
148102
148103
182408
148104
182409
148105
182410
148106
182411
182412
98461
98462
98463
98464
98465
64181
64182
64183
64184
64185
210619
210620
210621
210622
210623
121540
121541
174790
121542
174791
121543
174792
121544
174793
174794
129240
129241
129242
129243
129244
48865
48866
90851
48867
90852
48868
90853
48869
90854
90855
56557
56558
56559
56560
56561
167164
167165
167166
167167
167168
218904
140568
218905
140569
218906
140570
218907
140571
218908
140572
109864
109865
83241
109866
83242
109867
83243
159532
109868
83244
159533
83245
159534
159535
159536
151869
151870
151871
151872
151873
75617
75618
75619
75620
75621
28545
28546
28547
28548
28549
214922
214923
214924
214925
214926
117648
117649
117650
102290
117651
102291
117652
102292
102293
102294
67993
67994
67995
67996
67997
178599
178600
178601
178602
178603
133048
133049
44985
133050
44986
133051
44987
133052
44988
44989
94656
94657
94658
94659
94660
144335
144336
144337
60369
144338
60370
144339
60371
60372
60373
170978
194531
170979
198628
194532
170980
202725
198629
194533
170981
202726
198630
194534
170982
32742
202727
198631
194535
32743
202728
198632
32744
202729
32745
32746
125432
125433
125434
125435
125436
)


// ************************************************************************* //
