/*--------------------------------*- C++ -*----------------------------------*\
| =========                 |                                                 |
| \\      /  F ield         | OpenFOAM: The Open Source CFD Toolbox           |
|  \\    /   O peration     | Version:  2606                                  |
|   \\  /    A nd           | Website:  www.openfoam.com                      |
|    \\/     M anipulation  |                                                 |
\*---------------------------------------------------------------------------*/
FoamFile
{
    version     2.0;
    format      ascii;
    arch        "LSB;label=32;scalar=64";
    class       cellSet;
    location    "constant/fluid/polyMesh/sets";
    object      internal_Front_intake_3;
}
// * * * * * * * * * * * * * * * * * * * * * * * * * * * * * * * * * * * * * //


235
(
91648
91649
49666
49667
49668
49669
49670
57358
57359
57360
57361
57362
167965
167966
167967
167968
167969
141369
141370
141371
141372
141373
110658
110659
84035
110660
84036
110661
84037
110662
84038
84039
160333
160334
160335
160336
160337
152670
152671
152672
152673
152674
76418
76419
76420
76421
76422
29346
29347
29348
29349
29350
118442
118443
118444
103084
118445
103085
118446
103086
103087
103088
68794
68795
68796
68797
68798
179400
179401
179402
179403
179404
133842
133843
133844
133845
133846
95450
45786
95451
45787
95452
45788
95453
45789
95454
45790
145136
145137
145138
61170
145139
61171
145140
61172
61173
61174
171779
195332
171780
199429
195333
171781
203526
199430
195334
171782
203527
199431
195335
171783
33543
203528
199432
195336
33544
203529
199433
33545
203530
33546
33547
126226
126227
126228
126229
126230
87840
87841
87842
87843
87844
37672
37673
53546
37674
53547
37675
53548
37676
53549
53550
191283
191284
191285
164149
191286
164150
191287
164151
164152
164153
41801
41802
41803
187212
41804
187213
41805
187214
187215
187216
156518
80230
156519
80231
156520
80232
156521
80233
156522
80234
207725
207726
207727
207728
207729
114550
114551
106871
114552
106872
114553
106873
114554
106874
106875
137602
137603
137604
137605
137606
72606
72607
72608
72609
72610
148903
148904
183209
148905
183210
148906
183211
148907
183212
183213
99255
99256
99257
99258
99259
64982
64983
64984
64985
64986
122334
122335
122336
122337
122338
175591
175592
175593
175594
175595
130034
130035
130036
130037
130038
91645
91646
91647
)


// ************************************************************************* //
