/*--------------------------------*- C++ -*----------------------------------*\
| =========                 |                                                 |
| \\      /  F ield         | OpenFOAM: The Open Source CFD Toolbox           |
|  \\    /   O peration     | Version:  2606                                  |
|   \\  /    A nd           | Website:  www.openfoam.com                      |
|    \\/     M anipulation  |                                                 |
\*---------------------------------------------------------------------------*/
FoamFile
{
    version     2.0;
    format      ascii;
    arch        "LSB;label=32;scalar=64";
    class       cellSet;
    location    "constant/fluid/polyMesh/sets";
    object      multiZoneCells;
}
// * * * * * * * * * * * * * * * * * * * * * * * * * * * * * * * * * * * * * //


2680
(
57345
57346
180227
57347
180228
57348
180229
57349
180230
57350
180231
36871
57351
36872
36873
36874
36875
57358
57359
57360
167952
57361
167953
57362
167954
167955
167956
167957
167958
57367
69655
57368
69656
57369
69657
57370
69658
57371
69659
57372
57373
167965
57374
167966
57375
167967
57376
167968
167969
167974
167975
167976
41000
167977
41001
167978
41002
167979
41003
167980
41004
167981
167982
167983
139315
139316
139317
139318
139319
139320
139321
139322
139323
139324
139325
139326
110658
110659
81988
110660
81989
155717
110661
81990
155718
110662
81991
155719
81992
155720
81993
155721
81994
81995
110667
81996
110668
81997
110669
81998
110670
81999
110671
110672
110673
110674
110675
110676
127083
127084
53357
127085
53358
127086
53359
127087
53360
53361
53362
53363
53364
53365
53366
53367
163960
53368
163961
53369
163962
53370
163963
163964
163965
163966
163967
163968
163969
163970
163971
163972
163973
98461
98462
98463
98464
98465
106689
106690
106691
106692
106693
106694
106695
106696
106697
106698
106699
106700
106701
106702
53533
53534
53535
53536
53537
176418
53538
176419
53539
176420
176421
176422
164136
164137
53546
164138
53547
164139
53548
164140
53549
164141
53550
164142
16689
16690
16691
53555
65843
16692
53556
65844
16693
53557
65845
164149
16694
53558
65846
164150
16695
53559
65847
164151
16696
53560
164152
16697
53561
164153
16698
53562
16699
53563
16700
53564
16701
151869
16702
164158
151870
164159
151871
164160
151872
164161
151873
164162
164163
164164
49477
164165
49478
164166
49479
164167
49480
49481
49482
49483
49484
49485
49486
49487
49488
49489
49490
78176
78177
78178
78179
123235
78180
123236
78181
123237
78182
123238
78183
123239
78184
78185
8553
78186
8554
78187
8555
8556
8557
8558
8559
8560
8561
8562
106871
106872
106873
106874
106875
106880
106881
106882
135555
106883
135556
106884
135557
106885
135558
106886
135559
106887
135560
106888
135561
106889
135562
135563
135564
135565
135566
160144
160145
160146
160147
160148
160149
160150
160151
160152
160153
160154
160155
160156
160157
94656
94657
94658
94659
94660
29157
29158
29159
29160
29161
29162
29163
29164
29165
29166
29167
29168
29169
29170
16883
16884
16885
49653
102902
16886
49654
102903
16887
49655
102904
16888
49656
102905
16889
49657
102906
12794
16890
49658
102907
12795
16891
49659
102908
12796
16892
102909
12797
102910
12798
102911
12799
102912
12800
102913
12801
102914
12802
49666
102915
12803
49667
12804
49668
20997
12805
49669
20998
12806
49670
20999
12807
21000
21001
21002
21003
49675
21004
49676
21005
49677
21006
49678
21007
49679
21008
49680
21009
49681
21010
49682
49683
49684
45597
45598
45599
45600
45601
45602
45603
45604
45605
45606
45607
45608
45609
45610
119343
119344
119345
119346
119347
172606
172607
172608
160320
172609
160321
172610
160322
160323
160324
160325
160326
33354
33355
33356
33357
160333
33358
160334
33359
160335
33360
160336
33361
160337
33362
33363
33364
33365
33366
160342
33367
160343
160344
160345
160346
160347
160348
160349
160350
160351
37483
37484
37485
37486
37487
37488
37489
37490
37491
37492
37493
37494
37495
37496
74364
74365
74366
74367
74368
74369
74370
74371
74372
74373
74374
148102
74375
148103
148104
148105
148106
41612
41613
41614
41615
41616
41617
41618
41619
41620
41621
29333
41622
29334
41623
29335
41624
29336
41625
29337
29338
29339
29346
29347
29348
29349
29350
156329
156330
156331
29355
156332
29356
103084
156333
29357
103085
156334
29358
103086
156335
29359
103087
156336
29360
103088
156337
29361
156338
29362
156339
29363
156340
29364
156341
103093
156342
103094
103095
103096
103097
103098
103099
103100
12988
103101
12989
103102
12990
12991
12992
25281
12993
25282
12994
25283
12995
25284
12996
25285
12997
25286
25287
21191
25288
21192
25289
21193
25290
21194
25291
21195
25292
21196
25293
21197
45773
25294
21198
45774
21199
45775
21200
45776
45777
45778
131795
45779
131796
131797
131798
131799
131800
131801
131802
45786
131803
45787
131804
45788
131805
45789
131806
45790
45795
90851
45796
90852
45797
90853
45798
90854
45799
90855
45800
45801
45802
45803
45804
33530
115451
33531
115452
33532
115453
33533
115454
33534
115455
33535
33536
99073
99074
99075
99076
99077
99078
99079
33543
99080
33544
99081
33545
99082
33546
99083
33547
99084
99085
99086
33552
33553
33554
33555
33556
33557
33558
33559
33560
33561
37659
185116
37660
185117
37661
185118
37662
185119
37663
185120
37664
185121
37665
185122
185123
185124
185125
185126
185127
37672
37673
37674
37675
37676
37681
37682
37683
37684
37685
37686
37687
37688
37689
37690
41788
41789
41790
41791
41792
41793
41794
41801
41802
41803
41804
41805
41810
41811
41812
41813
41814
41815
41816
41817
156505
41818
156506
41819
156507
156508
156509
156510
156511
156518
156519
156520
156521
156522
58219
58220
58221
58222
156527
58223
156528
156529
156530
156531
156532
156533
156534
156535
156536
181113
181114
25466
181115
25467
181116
25468
181117
25469
181118
25470
181119
25471
181120
25472
181121
25473
181122
25474
181123
25475
181124
70552
70553
70554
70555
70556
70557
70558
70559
70560
152481
70561
152482
70562
152483
70563
152484
152485
152486
152487
152488
152489
152490
152491
152492
152493
152494
99255
99256
99257
99258
99259
99264
99265
99266
99267
99268
99269
99270
99271
99272
99273
144335
144336
144337
144338
144339
127987
127988
127989
127990
127991
127992
127993
127994
127995
127996
127997
127998
87046
87047
87048
87049
87050
95268
95269
95270
95271
95272
95273
95274
95275
95276
95277
95278
95279
95280
95281
152657
152658
152659
152660
152661
152662
152663
152670
152671
152672
152673
152674
152679
152680
152681
152682
152683
152684
152685
152686
152687
152688
164976
164977
164978
164979
164980
54407
54408
54409
54410
54411
177304
177305
177306
177307
177308
177309
177310
177311
177312
177313
177314
177315
66740
66741
66742
66743
66744
66745
66746
66747
66748
66749
66750
66751
95450
95451
95452
95453
95454
95459
95460
95461
95462
95463
95464
95465
148714
95466
148715
95467
148716
95468
148717
148718
148719
148720
148721
148722
148723
148724
148725
148726
148727
124179
124180
124181
124182
124183
124184
140568
124185
140569
124186
140570
124187
140571
124188
140572
124189
124190
83241
83242
83243
83244
83245
91463
91464
91465
91466
91467
91468
91469
91470
91471
91472
91473
91474
91475
91476
50527
50528
50529
50530
50531
161160
161161
161162
161163
161164
148890
148891
148892
148893
148894
148895
148896
148903
148904
148905
148906
148907
148912
148913
148914
148915
173492
148916
173493
148917
173494
148918
173495
148919
173496
148920
173497
148921
173498
173499
173500
173501
173502
173503
62928
62929
62930
62931
62932
62933
62934
62935
62936
62937
62938
62939
120287
120288
120289
120290
120291
120292
120293
120294
120295
120296
120297
120298
91645
91646
91647
91648
91649
91654
91655
91656
91657
103945
91658
103946
91659
103947
91660
103948
91661
103949
91662
91663
144947
144948
144949
144950
144951
46647
144952
46648
144953
46649
144954
46650
144955
46651
144956
144957
144958
144959
144960
79429
79430
79431
79432
79433
136808
136809
87658
136810
87659
136811
87660
136812
87661
87662
87663
87664
87665
87666
87667
87668
87669
87670
87671
157345
157346
157347
157348
157349
116395
116396
116397
116398
116399
116400
116401
116402
116403
116404
116405
116406
210619
210620
210621
210622
210623
169678
42702
169679
42703
169680
42704
169681
42705
169682
42706
169683
169684
169685
169686
169687
169688
169689
145123
145124
145125
145126
145127
145128
145129
59116
59117
59118
59119
38639
59120
38640
145136
59121
38641
145137
59122
38642
145138
59123
38643
145139
59124
145140
59125
59126
59127
145145
145146
145147
145148
145149
145150
145151
145152
145153
145154
100116
100117
100118
100119
100120
218904
218905
218906
218907
218908
87840
87841
87842
87843
87844
87849
87850
87851
87852
87853
87854
87855
87856
87857
87858
173914
173915
173916
75617
75618
75619
75620
75621
112503
112504
112505
112506
112507
141180
112508
141181
112509
141182
112510
141183
112511
141184
112512
141185
112513
141186
112514
141187
141188
141189
141190
141191
141192
141193
214922
214923
214924
83853
214925
83854
214926
83855
83856
83857
83858
83859
83860
83861
83862
83863
83864
83865
153497
83866
153498
153499
153500
153501
133048
133049
133050
133051
133052
194531
198628
194532
202725
198629
194533
165862
202726
198630
194534
165863
202727
198631
194535
165864
202728
198632
165865
202729
165866
165867
165868
165869
165870
165871
165872
165873
55304
55305
55306
55307
55308
55309
55310
55311
55312
55313
55314
190482
55315
190483
190484
190485
190486
186411
186412
141356
186413
141357
186414
141358
186415
141359
141360
141361
141362
96311
96312
96313
141369
96314
141370
96315
141371
141372
141373
141378
108611
141379
84035
108612
141380
84036
108613
141381
84037
108614
141382
84038
108615
141383
84039
108616
141384
108617
141385
108618
141386
108619
141387
108620
84044
206924
108621
84045
206925
108622
84046
206926
84047
206927
84048
206928
84049
84050
84051
84052
84053
170100
170101
170102
170103
170104
71805
71806
71807
71808
71809
182408
182409
182410
182411
182412
80041
80042
80043
80044
80045
80046
80047
80048
80049
80050
80051
80052
80053
80054
137420
137421
137422
137423
137424
137425
137426
137427
137428
137429
137430
137431
137432
129240
137433
129241
129242
129243
129244
149730
149731
149732
149733
149734
162046
162047
162048
162049
162050
162051
162052
162053
162054
162055
162056
162057
51480
51481
51482
51483
51484
51485
51486
211231
51487
211232
51488
211233
51489
211234
51490
211235
51491
211236
211237
211238
211239
211240
211241
211242
211243
211244
92506
92507
92508
92509
92510
80230
80231
80232
80233
80234
80239
80240
80241
80242
80243
80244
80245
80246
80247
104824
80248
104825
104826
104827
219516
104828
219517
104829
219518
104830
219519
104831
219520
104832
219521
104833
219522
104834
137602
219523
104835
137603
219524
137604
219525
137605
219526
137606
219527
219528
219529
137611
137612
166284
137613
166285
137614
166286
137615
166287
137616
166288
137617
166289
137618
166290
137619
137620
67993
67994
67995
67996
67997
178599
178600
178601
178602
178603
76229
76230
76231
76232
76233
76234
76235
76236
76237
76238
76239
76240
76241
76242
215534
215535
215536
47600
215537
47601
215538
47602
215539
47603
215540
47604
215541
47605
215542
47606
215543
47607
215544
47608
125432
215545
47609
125433
215546
47610
125434
215547
47611
125435
125436
10769
10770
10771
10772
10773
10774
158231
14871
10775
158232
14872
10776
158233
14873
10777
158234
14874
10778
158235
14875
10779
133660
158236
14876
10780
133661
158237
14877
133662
158238
14878
133663
158239
14879
133664
158240
14880
133665
158241
14881
133666
158242
14882
133667
133668
133669
133670
133671
133672
133673
145963
145964
145965
145966
145967
195143
199240
195144
203337
199241
195145
203338
199242
195146
203339
199243
195147
203340
199244
195148
203341
199245
195149
203342
199246
195150
203343
199247
195151
203344
199248
195152
203345
199249
195153
19025
203346
199250
195154
19026
203347
199251
195155
19027
203348
199252
195156
19028
203349
199253
19029
203350
19030
19031
19032
19033
19034
19035
19036
27251
27252
27253
76405
191094
27254
76406
191095
27255
76407
191096
27256
76408
191097
27257
76409
191098
27258
76410
191099
27259
76411
191100
27260
191101
27261
88701
191102
27262
88702
191103
88703
191104
88704
191105
88705
191106
76418
191107
76419
76420
76421
76422
76427
76428
76429
76430
187023
76431
187024
76432
187025
76433
187026
76434
187027
76435
187028
76436
187029
187030
187031
187032
187033
187034
187035
187036
162468
162469
162470
31399
162471
223912
31400
162472
223913
31401
162473
223914
31402
162474
223915
31403
223916
31404
223917
101037
31405
223918
101038
31406
223919
101039
31407
223920
207536
101040
31408
223921
207537
101041
31409
223922
207538
101042
31410
223923
207539
101043
223924
207540
101044
223925
207541
101045
64181
207542
101046
64182
207543
101047
64183
207544
101048
64184
207545
64185
207546
207547
207548
207549
121540
121541
174790
121542
174791
121543
43720
35528
174792
121544
43721
35529
174793
43722
35530
174794
43723
35531
43724
35532
43725
35533
43726
35534
43727
35535
43728
35536
43729
35537
43730
35538
133842
43731
35539
133843
133844
133845
133846
133851
133852
133853
133854
133855
133856
72417
133857
72418
133858
72419
133859
72420
133860
72421
72422
72423
72424
72425
39657
72426
39658
72427
39659
183020
72428
39660
183021
72429
39661
183022
72430
39662
183023
39663
183024
39664
183025
39665
183026
39666
183027
39667
183028
39668
183029
183030
183031
195319
183032
199416
195320
183033
203513
199417
195321
203514
199418
195322
203515
199419
195323
203516
199420
195324
203517
199421
195325
203518
199422
203519
195332
199429
195333
203526
199430
195334
203527
199431
195335
203528
199432
195336
203529
199433
203530
23309
23310
154383
23311
154384
23312
154385
23313
154386
23314
154387
23315
154388
23316
154389
23317
154390
23318
154391
23319
154392
23320
154393
154394
191270
191271
191272
191273
191274
191275
191276
191283
191284
191285
191286
191287
129852
129853
129854
129855
187199
129856
187200
129857
187201
129858
187202
129859
187203
129860
187204
129861
187205
129862
129863
129864
129865
187212
187213
187214
187215
187216
207712
207713
207714
207715
207716
207717
207718
207725
207726
207727
207728
207729
117648
117649
72593
117650
72594
117651
72595
117652
72596
72597
72598
72599
183196
183197
72606
183198
72607
183199
72608
183200
72609
183201
72610
183202
72615
72616
72617
183209
72618
183210
72619
183211
72620
183212
72621
183213
72622
72623
72624
183218
183219
183220
183221
183222
183223
97208
183224
97209
183225
97210
183226
97211
183227
97212
97213
158653
97214
158654
97215
158655
97216
158656
97217
158657
97218
158658
97219
60369
60370
60371
60372
60373
170978
170979
170980
170981
170982
130034
130035
130036
130037
130038
130043
130044
68605
130045
68606
130046
68607
130047
68608
130048
68609
130049
68610
130050
68611
130051
68612
130052
68613
68614
68615
68616
68617
68618
179211
179212
179213
179214
179215
179216
179217
179218
179219
179220
179221
179222
179223
179224
150616
150617
150618
150619
126044
150620
113756
126045
150621
113757
126046
150622
113758
126047
150623
113759
126048
150624
113760
126049
150625
126050
150626
126051
150627
126052
126053
126054
126055
126056
126057
68781
68782
68783
68784
68785
68786
68787
154808
154809
68794
154810
68795
179387
68796
179388
68797
179389
68798
179390
179391
179392
179393
68803
68804
68805
68806
68807
68808
179400
68809
179401
68810
179402
68811
179403
68812
179404
179409
179410
179411
179412
179413
179414
179415
179416
179417
179418
93403
93404
93405
93406
93407
93408
93409
93410
93411
93412
93413
93414
56557
56558
56559
56560
56561
167164
167165
167166
167167
167168
126226
126227
126228
126229
126230
64793
64794
64795
126235
64796
126236
64797
126237
64798
126238
64799
126239
64800
126240
64801
126241
64802
126242
64803
126243
64804
126244
64805
64806
122152
109864
122153
109865
175402
122154
109866
175403
122155
109867
175404
122156
109868
175405
122157
175406
122158
175407
122159
175408
122160
175409
122161
175410
122162
175411
122163
175412
122164
175413
122165
175414
175415
146849
146850
146851
146852
146853
146854
146855
146856
146857
146858
146859
146860
64969
64970
64971
64972
64973
64974
64975
64982
64983
64984
64985
64986
175578
175579
175580
175581
122334
175582
64991
122335
175583
64992
122336
175584
64993
122337
64994
122338
64995
64996
64997
64998
122343
64999
175591
122344
65000
175592
122345
175593
122346
175594
122347
175595
122348
122349
122350
122351
175600
122352
175601
175602
175603
118260
175604
118261
175605
118262
175606
118263
175607
118264
175608
118265
175609
118266
118267
118268
118269
118270
89598
118271
89599
118272
89600
118273
89601
89602
89603
89604
89605
89606
89607
89608
89609
52745
52746
52747
52748
52749
163348
163349
163350
163351
163352
60981
60982
60983
60984
60985
60986
60987
60988
60989
60990
60991
60992
60993
60994
171590
171591
171592
171593
171594
171595
171596
171597
171598
171599
171600
171601
171602
171603
106077
106078
106079
106080
106081
196259
200356
196260
200357
196261
200358
196262
200359
196263
200360
118442
118443
118444
118445
118446
118451
118452
192180
118453
192181
118454
192182
118455
192183
118456
192184
118457
118458
118459
118460
114368
114369
114370
114371
114372
114373
114374
114375
114376
114377
114378
114379
114380
114381
188119
188120
188121
188122
188123
48865
48866
48867
48868
48869
61157
61158
61159
61160
61161
143082
61162
143083
61163
143084
143085
143086
143087
143088
143089
143090
61170
143091
61171
143092
61172
143093
61173
61174
171766
171767
171768
171769
171770
61179
73467
171771
61180
73468
171772
61181
73469
61182
73470
61183
73471
61184
61185
61186
61187
171779
61188
171780
171781
171782
171783
171788
171789
171790
171791
171792
171793
171794
171795
171796
171797
85793
85794
85795
85796
85797
85798
85799
85800
85801
85802
85803
85804
159532
159533
159534
159535
159536
184116
184117
184118
184119
184120
130891
130892
130893
130894
130895
57169
57170
57171
57172
57173
57174
57175
57176
57177
57178
57179
57180
57181
57182
167776
167777
167778
167779
167780
167781
167782
167783
167784
167785
167786
167787
167788
167789
114550
114551
114552
114553
114554
114559
114560
114561
28545
114562
28546
114563
28547
114564
28548
114565
28549
114566
114567
114568
110476
110477
110478
110479
110480
110481
110482
102290
110483
102291
110484
102292
110485
102293
110486
102294
110487
110488
110489
44985
44986
44987
44988
44989
32742
32743
32744
32745
32746
)


// ************************************************************************* //
