/*--------------------------------*- C++ -*----------------------------------*\
| =========                 |                                                 |
| \\      /  F ield         | OpenFOAM: The Open Source CFD Toolbox           |
|  \\    /   O peration     | Version:  2606                                  |
|   \\  /    A nd           | Website:  www.openfoam.com                      |
|    \\/     M anipulation  |                                                 |
\*---------------------------------------------------------------------------*/
FoamFile
{
    version     2.0;
    format      ascii;
    arch        "LSB;label=32;scalar=64";
    note        "nPoints:15085  nCells:8207  nFaces:31350  nInternalFaces:17892";
    class       labelList;
    location    "constant/Eaton_SU3000RTXLCD2UTAA_UPS_0/polyMesh";
    object      neighbour;
}
// * * * * * * * * * * * * * * * * * * * * * * * * * * * * * * * * * * * * * //


17892
(
1
9
414
2
10
3
11
4
12
5
13
6
14
7
15
8
16
17
415
10
18
416
11
19
12
20
13
21
14
22
15
23
16
24
17
25
26
417
19
27
418
20
28
21
29
22
30
23
31
24
32
25
33
26
34
35
419
28
36
420
29
37
30
38
31
39
32
40
33
41
34
42
35
43
44
421
37
45
422
38
46
39
47
40
48
41
49
42
50
43
51
44
52
53
423
46
54
424
47
55
48
56
49
57
50
58
51
59
52
60
53
61
62
425
55
63
426
56
64
57
65
58
66
59
67
60
68
61
69
62
70
71
427
64
72
428
65
73
66
74
67
75
68
76
69
77
70
78
71
79
80
429
73
81
430
74
82
75
83
76
84
77
85
78
86
79
87
80
88
89
431
82
90
432
83
91
84
92
85
93
86
94
87
95
88
96
89
97
98
433
91
99
434
92
100
93
101
94
102
95
103
96
104
97
105
98
106
107
435
100
108
436
101
109
102
110
103
111
104
112
105
113
106
114
107
115
116
437
109
117
438
110
118
111
119
112
120
113
121
114
122
115
123
116
124
125
439
118
126
440
119
127
120
128
121
129
122
130
123
131
124
132
125
133
134
441
127
135
442
128
136
129
137
130
138
131
139
132
140
133
141
134
142
143
443
136
144
444
137
145
138
146
139
147
140
148
141
149
142
150
143
151
152
445
145
153
446
146
154
147
155
148
156
149
157
150
158
151
159
152
160
161
447
154
162
448
155
163
156
164
157
165
158
166
159
167
160
168
161
169
170
449
163
171
450
164
172
165
173
166
174
167
175
168
176
169
177
170
178
179
451
172
180
452
173
181
174
182
175
183
176
184
177
185
178
186
179
187
188
453
181
189
454
182
190
183
191
184
192
185
193
186
194
187
195
188
196
197
455
190
198
456
191
199
192
200
193
201
194
202
195
203
196
204
197
205
206
457
199
207
458
200
208
201
209
202
210
203
211
204
212
205
213
206
214
215
459
208
216
460
209
217
210
218
211
219
212
220
213
221
214
222
215
223
224
461
217
225
462
218
226
219
227
220
228
221
229
222
230
223
231
224
232
233
463
226
234
464
227
235
228
236
229
237
230
238
231
239
232
240
233
241
242
465
235
243
466
236
244
237
245
238
246
239
247
240
248
241
249
242
250
251
467
244
252
468
245
253
246
254
247
255
248
256
249
257
250
258
251
259
260
469
253
261
470
254
262
255
263
256
264
257
265
258
266
259
267
260
268
269
471
262
270
472
263
271
264
272
265
273
266
274
267
275
268
276
269
277
278
473
271
279
474
272
280
273
281
274
282
275
283
276
284
277
285
278
286
287
475
280
288
476
281
289
282
290
283
291
284
292
285
293
286
294
287
295
296
477
289
297
478
290
298
291
299
292
300
293
301
294
302
295
303
296
304
305
479
298
306
480
299
307
300
308
301
309
302
310
303
311
304
312
305
313
314
481
307
315
482
308
316
309
317
310
318
311
319
312
320
313
321
314
322
323
483
316
324
484
317
325
318
326
319
327
320
328
321
329
322
330
323
331
332
485
325
333
486
326
334
327
335
328
336
329
337
330
338
331
339
332
340
341
487
334
342
488
335
343
336
344
337
345
338
346
339
347
340
348
341
349
350
489
343
351
490
344
352
345
353
346
354
347
355
348
356
349
357
350
358
359
491
352
360
492
353
361
354
362
355
363
356
364
357
365
358
366
359
367
368
493
361
369
494
362
370
363
371
364
372
365
373
366
374
367
375
368
376
377
495
370
378
496
371
379
372
380
373
381
374
382
375
383
376
384
377
385
386
497
379
387
498
380
388
381
389
382
390
383
391
384
392
385
393
386
394
395
499
388
396
500
389
397
390
398
391
399
392
400
393
401
394
402
395
403
404
501
397
405
502
398
406
399
407
400
408
401
409
402
410
403
411
404
412
413
503
406
504
407
505
408
506
409
507
410
508
411
509
412
510
413
511
512
416
513
417
514
418
515
419
516
420
517
421
518
422
519
423
520
424
521
425
522
426
523
427
524
428
525
429
526
430
527
431
528
432
529
433
530
434
531
435
532
436
533
437
534
438
535
439
536
440
537
441
538
442
539
443
540
444
541
445
542
446
543
447
544
448
545
449
546
450
547
451
548
452
549
453
550
454
551
455
552
456
553
457
554
458
555
459
556
460
557
461
558
462
559
463
560
464
561
465
562
466
563
467
564
468
565
469
566
470
567
471
568
472
569
473
570
474
571
475
572
476
573
477
574
478
575
479
576
480
577
481
578
482
579
483
580
484
581
485
582
486
583
487
584
488
585
489
586
490
587
491
588
492
589
493
590
494
591
495
592
496
593
497
594
498
595
499
596
500
597
501
598
502
599
503
600
504
601
512
602
505
603
506
604
507
605
508
606
509
607
510
608
511
609
512
610
611
515
612
516
613
517
614
518
615
519
616
520
617
521
618
522
619
523
620
524
621
525
622
526
623
527
624
528
625
529
626
530
627
531
628
532
629
533
630
534
631
535
632
536
633
537
634
538
635
539
636
540
637
541
638
542
639
543
640
544
641
545
642
546
643
547
644
548
645
549
646
550
647
551
648
552
649
553
650
554
651
555
652
556
653
557
654
558
655
559
656
560
657
561
658
562
659
563
660
564
661
565
662
566
663
567
664
568
665
569
666
570
667
571
668
572
669
573
670
574
671
575
672
576
673
577
674
578
675
579
676
580
677
581
678
582
679
583
680
584
681
585
682
586
683
587
684
588
685
589
686
590
687
591
688
592
689
593
690
594
691
595
692
596
693
597
694
598
695
599
696
600
697
601
698
602
699
603
700
611
701
604
702
605
703
606
704
607
705
608
706
609
707
610
708
611
709
710
614
711
615
712
616
713
617
714
618
715
619
716
620
717
621
718
622
719
623
720
624
721
625
722
626
723
627
724
628
725
629
726
630
727
631
728
632
729
633
730
634
731
635
732
636
733
637
734
638
735
639
736
640
737
641
738
642
739
643
740
644
741
645
742
646
743
647
744
648
745
649
746
650
747
651
748
652
749
653
750
654
751
655
752
656
753
657
754
658
755
659
756
660
757
661
758
662
759
663
760
664
761
665
762
666
763
667
764
668
765
669
766
670
767
671
768
672
769
673
770
674
771
675
772
676
773
677
774
678
775
679
776
680
777
681
778
682
779
683
780
684
781
685
782
686
783
687
784
688
785
689
786
690
787
691
788
692
789
693
790
694
791
695
792
696
793
697
794
698
795
699
796
700
797
701
798
702
799
710
800
703
801
704
802
705
803
706
804
707
805
708
806
709
807
710
808
809
713
810
714
811
715
812
716
813
717
814
718
815
719
816
720
817
721
818
722
819
723
820
724
821
725
822
726
823
727
824
728
825
729
826
730
827
731
828
732
829
733
830
734
831
735
832
736
838
737
839
738
845
739
846
740
852
741
853
742
859
743
860
744
866
745
867
746
873
747
874
748
880
749
881
750
887
751
888
752
894
753
895
754
901
755
902
756
908
757
909
758
915
759
916
760
922
761
923
762
929
763
930
764
936
765
937
766
943
767
944
768
950
769
951
770
957
771
958
772
964
773
965
774
971
775
972
776
978
777
979
778
980
779
981
780
982
781
983
782
984
783
985
784
986
785
987
786
988
787
989
788
990
789
991
790
992
791
993
792
994
793
995
794
996
795
997
796
998
797
999
798
1000
799
1001
800
1002
801
1003
809
1004
802
1005
803
1006
804
1007
805
1008
806
1009
807
1010
808
1011
809
1012
1013
812
1014
813
1015
814
1016
815
1017
816
1018
817
1019
818
1020
819
1021
820
1022
821
1023
822
1024
823
1025
824
1026
825
1027
826
1028
827
1029
828
1030
829
1031
830
1032
831
1033
832
1034
838
1035
839
1036
834
840
1037
835
841
1038
836
842
1039
837
843
1040
844
1041
845
1042
846
1043
841
847
1044
842
848
1045
843
849
1046
844
850
1047
851
1048
852
1049
853
1050
848
854
1051
849
855
1052
850
856
1053
851
857
1054
858
1055
859
1056
860
1057
855
861
1058
856
862
1059
857
863
1060
858
864
1061
865
1062
866
1063
867
1064
862
868
1065
863
869
1066
864
870
1067
865
871
1068
872
1069
873
1070
874
1071
869
875
1072
870
876
1073
871
877
1074
872
878
1075
879
1076
880
1077
881
1078
876
882
1079
877
883
1080
878
884
1081
879
885
1082
886
1083
887
1084
888
1085
883
889
1086
884
890
1087
885
891
1088
886
892
1089
893
1090
894
1091
895
1092
890
896
1093
891
897
1094
892
898
1095
893
899
1096
900
1097
901
1098
902
1099
897
903
1100
898
904
1101
899
905
1102
900
906
1103
907
1104
908
1105
909
1106
904
910
1107
905
911
1108
906
912
1109
907
913
1110
914
1111
915
1112
916
1113
911
917
1114
912
918
1115
913
919
1116
914
920
1117
921
1118
922
1119
923
1120
918
924
1121
919
925
1122
920
926
1123
921
927
1124
928
1125
929
1126
930
1127
925
931
1128
926
932
1129
927
933
1130
928
934
1131
935
1132
936
1133
937
1134
932
938
1135
933
939
1136
934
940
1137
935
941
1138
942
1139
943
1140
944
1141
939
945
1142
940
946
1143
941
947
1144
942
948
1145
949
1146
950
1147
951
1148
946
952
1149
947
953
1150
948
954
1151
949
955
1152
956
1153
957
1154
958
1155
953
959
1156
954
960
1157
955
961
1158
956
962
1159
963
1160
964
1161
965
1162
960
966
1163
961
967
1164
962
968
1165
963
969
1166
970
1167
971
1168
972
1169
967
973
1170
968
974
1171
969
975
1172
970
976
1173
977
1174
978
1175
979
1176
974
1177
975
1178
976
1179
977
1180
1181
980
1182
981
1183
982
1184
983
1185
984
1186
985
1187
986
1188
987
1189
988
1190
989
1191
990
1192
991
1193
992
1194
993
1195
994
1196
995
1197
996
1198
997
1199
998
1200
999
1201
1000
1202
1001
1203
1002
1204
1003
1205
1004
1206
1005
1207
1013
1208
1006
1209
1007
1210
1008
1211
1009
1212
1010
1213
1011
1214
1012
1215
1013
1216
1217
1016
1218
1017
1219
1018
1220
1019
1221
1020
1222
1021
1223
1022
1224
1023
1225
1024
1226
1025
1227
1026
1228
1027
1229
1028
1230
1029
1231
1030
1232
1031
1233
1032
1234
1033
1235
1034
1236
1035
1237
1036
1238
1042
1239
1043
1240
1038
1044
1241
1039
1045
1242
1040
1046
1243
1041
1047
1244
1048
1245
1049
1246
1050
1247
1045
1051
1248
1046
1052
1249
1047
1053
1250
1048
1054
1251
1055
1252
1056
1253
1057
1254
1052
1058
1255
1053
1059
1256
1054
1060
1257
1055
1061
1258
1062
1259
1063
1260
1064
1261
1059
1065
1262
1060
1066
1263
1061
1067
1264
1062
1068
1265
1069
1266
1070
1267
1071
1268
1066
1072
1269
1067
1073
1270
1068
1074
1271
1069
1075
1272
1076
1273
1077
1274
1078
1275
1073
1079
1276
1074
1080
1277
1075
1081
1278
1076
1082
1279
1083
1280
1084
1281
1085
1282
1080
1086
1283
1081
1087
1284
1082
1088
1285
1083
1089
1286
1090
1287
1091
1288
1092
1289
1087
1093
1290
1088
1094
1291
1089
1095
1292
1090
1096
1293
1097
1294
1098
1295
1099
1296
1094
1100
1297
1095
1101
1298
1096
1102
1299
1097
1103
1300
1104
1301
1105
1302
1106
1303
1101
1107
1304
1102
1108
1305
1103
1109
1306
1104
1110
1307
1111
1308
1112
1309
1113
1310
1108
1114
1311
1109
1115
1312
1110
1116
1313
1111
1117
1314
1118
1315
1119
1316
1120
1317
1115
1121
1318
1116
1122
1319
1117
1123
1320
1118
1124
1321
1125
1322
1126
1323
1127
1324
1122
1128
1325
1123
1129
1326
1124
1130
1327
1125
1131
1328
1132
1329
1133
1330
1134
1331
1129
1135
1332
1130
1136
1333
1131
1137
1334
1132
1138
1335
1139
1336
1140
1337
1141
1338
1136
1142
1339
1137
1143
1340
1138
1144
1341
1139
1145
1342
1146
1343
1147
1344
1148
1345
1143
1149
1346
1144
1150
1347
1145
1151
1348
1146
1152
1349
1153
1350
1154
1351
1155
1352
1150
1156
1353
1151
1157
1354
1152
1158
1355
1153
1159
1356
1160
1357
1161
1358
1162
1359
1157
1163
1360
1158
1164
1361
1159
1165
1362
1160
1166
1363
1167
1364
1168
1365
1169
1366
1164
1170
1367
1165
1171
1368
1166
1172
1369
1167
1173
1370
1174
1371
1175
1372
1176
1373
1171
1177
1374
1172
1178
1375
1173
1179
1376
1174
1180
1377
1181
1378
1182
1379
1183
1380
1178
1381
1179
1382
1180
1383
1181
1384
1385
1184
1386
1185
1387
1186
1388
1187
1389
1188
1390
1189
1391
1190
1392
1191
1393
1192
1394
1193
1395
1194
1396
1195
1397
1196
1398
1197
1399
1198
1400
1199
1401
1200
1402
1201
1403
1202
1404
1203
1405
1204
1406
1205
1407
1206
1408
1207
1409
1208
1410
1209
1411
1217
1412
1210
1413
1211
1414
1212
1415
1213
1416
1214
1417
1215
1418
1216
1419
1217
1420
1421
1220
1422
1221
1423
1222
1424
1223
1425
1224
1426
1225
1427
1226
1428
1227
1429
1228
1430
1229
1431
1230
1432
1231
1433
1232
1434
1233
1435
1234
1436
1235
1437
1236
1438
1237
1439
1238
1440
1239
1441
1240
1442
1246
1443
1247
1444
1242
1248
1445
1243
1249
1446
1244
1250
1447
1245
1251
1448
1252
1449
1253
1450
1254
1451
1249
1255
1452
1250
1256
1453
1251
1257
1454
1252
1258
1455
1259
1456
1260
1457
1261
1458
1256
1262
1459
1257
1263
1460
1258
1264
1461
1259
1265
1462
1266
1463
1267
1464
1268
1465
1263
1269
1466
1264
1270
1467
1265
1271
1468
1266
1272
1469
1273
1470
1274
1471
1275
1472
1270
1276
1473
1271
1277
1474
1272
1278
1475
1273
1279
1476
1280
1477
1281
1478
1282
1479
1277
1283
1480
1278
1284
1481
1279
1285
1482
1280
1286
1483
1287
1484
1288
1485
1289
1486
1284
1290
1487
1285
1291
1488
1286
1292
1489
1287
1293
1490
1294
1491
1295
1492
1296
1493
1291
1297
1494
1292
1298
1495
1293
1299
1496
1294
1300
1497
1301
1498
1302
1499
1303
1500
1298
1304
1501
1299
1305
1502
1300
1306
1503
1301
1307
1504
1308
1505
1309
1506
1310
1507
1305
1311
1508
1306
1312
1509
1307
1313
1510
1308
1314
1511
1315
1512
1316
1513
1317
1514
1312
1318
1515
1313
1319
1516
1314
1320
1517
1315
1321
1518
1322
1519
1323
1520
1324
1521
1319
1325
1522
1320
1326
1523
1321
1327
1524
1322
1328
1525
1329
1526
1330
1527
1331
1528
1326
1332
1529
1327
1333
1530
1328
1334
1531
1329
1335
1532
1336
1533
1337
1534
1338
1535
1333
1339
1536
1334
1340
1537
1335
1341
1538
1336
1342
1539
1343
1540
1344
1541
1345
1542
1340
1346
1543
1341
1347
1544
1342
1348
1545
1343
1349
1546
1350
1547
1351
1548
1352
1549
1347
1353
1550
1348
1354
1551
1349
1355
1552
1350
1356
1553
1357
1554
1358
1555
1359
1556
1354
1360
1557
1355
1361
1558
1356
1362
1559
1357
1363
1560
1364
1561
1365
1562
1366
1563
1361
1367
1564
1362
1368
1565
1363
1369
1566
1364
1370
1567
1371
1568
1372
1569
1373
1570
1368
1374
1571
1369
1375
1572
1370
1376
1573
1371
1377
1574
1378
1575
1379
1576
1380
1577
1375
1381
1578
1376
1382
1579
1377
1383
1580
1378
1384
1581
1385
1582
1386
1583
1387
1584
1382
1585
1383
1586
1384
1587
1385
1588
1589
1388
1590
1389
1591
1390
1592
1391
1593
1392
1594
1393
1595
1394
1596
1395
1597
1396
1598
1397
1599
1398
1600
1399
1601
1400
1602
1401
1603
1402
1604
1403
1605
1404
1606
1405
1607
1406
1608
1407
1609
1408
1610
1409
1611
1410
1612
1411
1613
1412
1614
1413
1615
1421
1616
1414
1617
1415
1618
1416
1619
1417
1620
1418
1621
1419
1622
1420
1623
1421
1624
1625
1424
1626
1425
1627
1426
1628
1427
1629
1428
1630
1429
1631
1430
1632
1431
1633
1432
1634
1433
1635
1434
1636
1435
1637
1436
1638
1437
1639
1438
1640
1439
1641
1440
1642
1441
1643
1442
1644
1443
1645
1444
1646
1450
1647
1451
1648
1446
1452
1649
1447
1453
1650
1448
1454
1651
1449
1455
1652
1456
1653
1457
1654
1458
1655
1453
1459
1656
1454
1460
1657
1455
1461
1658
1456
1462
1659
1463
1660
1464
1661
1465
1662
1460
1466
1663
1461
1467
1664
1462
1468
1665
1463
1469
1666
1470
1667
1471
1668
1472
1669
1467
1473
1670
1468
1474
1671
1469
1475
1672
1470
1476
1673
1477
1674
1478
1675
1479
1676
1474
1480
1677
1475
1481
1678
1476
1482
1679
1477
1483
1680
1484
1681
1485
1682
1486
1683
1481
1487
1684
1482
1488
1685
1483
1489
1686
1484
1490
1687
1491
1688
1492
1689
1493
1690
1488
1494
1691
1489
1495
1692
1490
1496
1693
1491
1497
1694
1498
1695
1499
1696
1500
1697
1495
1501
1698
1496
1502
1699
1497
1503
1700
1498
1504
1701
1505
1702
1506
1703
1507
1704
1502
1508
1705
1503
1509
1706
1504
1510
1707
1505
1511
1708
1512
1709
1513
1710
1514
1711
1509
1515
1712
1510
1516
1713
1511
1517
1714
1512
1518
1715
1519
1716
1520
1717
1521
1718
1516
1522
1719
1517
1523
1720
1518
1524
1721
1519
1525
1722
1526
1723
1527
1724
1528
1725
1523
1529
1726
1524
1530
1727
1525
1531
1728
1526
1532
1729
1533
1730
1534
1731
1535
1732
1530
1536
1733
1531
1537
1734
1532
1538
1735
1533
1539
1736
1540
1737
1541
1738
1542
1739
1537
1543
1740
1538
1544
1741
1539
1545
1742
1540
1546
1743
1547
1744
1548
1745
1549
1746
1544
1550
1747
1545
1551
1748
1546
1552
1749
1547
1553
1750
1554
1751
1555
1752
1556
1753
1551
1557
1754
1552
1558
1755
1553
1559
1756
1554
1560
1757
1561
1758
1562
1759
1563
1760
1558
1564
1761
1559
1565
1762
1560
1566
1763
1561
1567
1764
1568
1765
1569
1766
1570
1767
1565
1571
1768
1566
1572
1769
1567
1573
1770
1568
1574
1771
1575
1772
1576
1773
1577
1774
1572
1578
1775
1573
1579
1776
1574
1580
1777
1575
1581
1778
1582
1779
1583
1780
1584
1781
1579
1585
1782
1580
1586
1783
1581
1587
1784
1582
1588
1785
1589
1786
1590
1787
1591
1788
1586
1789
1587
1790
1588
1791
1589
1792
1793
1592
1794
1593
1795
1594
1796
1595
1797
1596
1798
1597
1799
1598
1800
1599
1801
1600
1802
1601
1803
1602
1804
1603
1805
1604
1806
1605
1807
1606
1808
1607
1809
1608
1810
1609
1811
1610
1812
1611
1813
1612
1814
1613
1815
1614
1816
1615
1817
1616
1818
1617
1819
1625
1820
1618
1821
1619
1822
1620
1823
1621
1824
1622
1825
1623
1826
1624
1827
1625
1828
1829
1628
1830
1629
1831
1630
1832
1631
1833
1632
1834
1633
1835
1634
1836
1635
1837
1636
1838
1637
1839
1638
1840
1639
1841
1640
1842
1641
1843
1642
1844
1643
1845
1644
1846
1645
1847
1646
1848
1647
1849
1648
1850
1654
1851
1655
1852
1650
1656
1853
1651
1657
1854
1652
1658
1855
1653
1659
1856
1660
1857
1661
1858
1662
1859
1657
1663
1860
1658
1664
1861
1659
1665
1862
1660
1666
1863
1667
1864
1668
1865
1669
1866
1664
1670
1867
1665
1671
1868
1666
1672
1869
1667
1673
1870
1674
1871
1675
1872
1676
1873
1671
1677
1874
1672
1678
1875
1673
1679
1876
1674
1680
1877
1681
1878
1682
1879
1683
1880
1678
1684
1881
1679
1685
1882
1680
1686
1883
1681
1687
1884
1688
1885
1689
1886
1690
1887
1685
1691
1888
1686
1692
1889
1687
1693
1890
1688
1694
1891
1695
1892
1696
1893
1697
1894
1692
1698
1895
1693
1699
1896
1694
1700
1897
1695
1701
1898
1702
1899
1703
1900
1704
1901
1699
1705
1902
1700
1706
1903
1701
1707
1904
1702
1708
1905
1709
1906
1710
1907
1711
1908
1706
1712
1909
1707
1713
1910
1708
1714
1911
1709
1715
1912
1716
1913
1717
1914
1718
1915
1713
1719
1916
1714
1720
1917
1715
1721
1918
1716
1722
1919
1723
1920
1724
1921
1725
1922
1720
1726
1923
1721
1727
1924
1722
1728
1925
1723
1729
1926
1730
1927
1731
1928
1732
1929
1727
1733
1930
1728
1734
1931
1729
1735
1932
1730
1736
1933
1737
1934
1738
1935
1739
1936
1734
1740
1937
1735
1741
1938
1736
1742
1939
1737
1743
1940
1744
1941
1745
1942
1746
1943
1741
1747
1944
1742
1748
1945
1743
1749
1946
1744
1750
1947
1751
1948
1752
1949
1753
1950
1748
1754
1951
1749
1755
1952
1750
1756
1953
1751
1757
1954
1758
1955
1759
1956
1760
1957
1755
1761
1958
1756
1762
1959
1757
1763
1960
1758
1764
1961
1765
1962
1766
1963
1767
1964
1762
1768
1965
1763
1769
1966
1764
1770
1967
1765
1771
1968
1772
1969
1773
1970
1774
1971
1769
1775
1972
1770
1776
1973
1771
1777
1974
1772
1778
1975
1779
1976
1780
1977
1781
1978
1776
1782
1979
1777
1783
1980
1778
1784
1981
1779
1785
1982
1786
1983
1787
1984
1788
1985
1783
1789
1986
1784
1790
1987
1785
1791
1988
1786
1792
1989
1793
1990
1794
1991
1795
1992
1790
1993
1791
1994
1792
1995
1793
1996
1997
1796
1998
1797
1999
1798
2000
1799
2001
1800
2002
1801
2003
1802
2004
1803
2005
1804
2006
1805
2007
1806
2008
1807
2009
1808
2010
1809
2011
1810
2012
1811
2013
1812
2014
1813
2015
1814
2016
1815
2017
1816
2018
1817
2019
1818
2020
1819
2021
1820
2022
1821
2023
1829
2024
1822
2025
1823
2026
1824
2027
1825
2028
1826
2029
1827
2030
1828
2031
1829
2032
2033
1832
2034
1833
2035
1834
2036
1835
2037
1836
2038
1837
2039
1838
2040
1839
2041
1840
2042
1841
2043
1842
2044
1843
2045
1844
2046
1845
2047
1846
2048
1847
2049
1848
2050
1849
2051
1850
2052
1851
2053
1852
2054
1858
2055
1859
2056
1854
1860
2057
1855
1861
2058
1856
1862
2059
1857
1863
2060
1864
2061
1865
2062
1866
2063
1861
1867
2064
1862
1868
2065
1863
1869
2066
1864
1870
2067
1871
2068
1872
2069
1873
2070
1868
1874
2071
1869
1875
2072
1870
1876
2073
1871
1877
2074
1878
2075
1879
2076
1880
2077
1875
1881
2078
1876
1882
2079
1877
1883
2080
1878
1884
2081
1885
2082
1886
2083
1887
2084
1882
1888
2085
1883
1889
2086
1884
1890
2087
1885
1891
2088
1892
2089
1893
2090
1894
2091
1889
1895
2092
1890
1896
2093
1891
1897
2094
1892
1898
2095
1899
2096
1900
2097
1901
2098
1896
1902
2099
1897
1903
2100
1898
1904
2101
1899
1905
2102
1906
2103
1907
2104
1908
2105
1903
1909
2106
1904
1910
2107
1905
1911
2108
1906
1912
2109
1913
2110
1914
2111
1915
2112
1910
1916
2113
1911
1917
2114
1912
1918
2115
1913
1919
2116
1920
2117
1921
2118
1922
2119
1917
1923
2120
1918
1924
2121
1919
1925
2122
1920
1926
2123
1927
2124
1928
2125
1929
2126
1924
1930
2127
1925
1931
2128
1926
1932
2129
1927
1933
2130
1934
2131
1935
2132
1936
2133
1931
1937
2134
1932
1938
2135
1933
1939
2136
1934
1940
2137
1941
2138
1942
2139
1943
2140
1938
1944
2141
1939
1945
2142
1940
1946
2143
1941
1947
2144
1948
2145
1949
2146
1950
2147
1945
1951
2148
1946
1952
2149
1947
1953
2150
1948
1954
2151
1955
2152
1956
2153
1957
2154
1952
1958
2155
1953
1959
2156
1954
1960
2157
1955
1961
2158
1962
2159
1963
2160
1964
2161
1959
1965
2162
1960
1966
2163
1961
1967
2164
1962
1968
2165
1969
2166
1970
2167
1971
2168
1966
1972
2169
1967
1973
2170
1968
1974
2171
1969
1975
2172
1976
2173
1977
2174
1978
2175
1973
1979
2176
1974
1980
2177
1975
1981
2178
1976
1982
2179
1983
2180
1984
2181
1985
2182
1980
1986
2183
1981
1987
2184
1982
1988
2185
1983
1989
2186
1990
2187
1991
2188
1992
2189
1987
1993
2190
1988
1994
2191
1989
1995
2192
1990
1996
2193
1997
2194
1998
2195
1999
2196
1994
2197
1995
2198
1996
2199
1997
2200
2201
2000
2202
2001
2203
2002
2204
2003
2205
2004
2206
2005
2207
2006
2208
2007
2209
2008
2210
2009
2211
2010
2212
2011
2213
2012
2214
2013
2215
2014
2216
2015
2217
2016
2218
2017
2219
2018
2220
2019
2221
2020
2222
2021
2223
2022
2224
2023
2225
2024
2226
2025
2227
2033
2228
2026
2229
2027
2230
2028
2231
2029
2232
2030
2233
2031
2234
2032
2235
2033
2236
2237
2036
2238
2037
2239
2038
2240
2039
2241
2040
2242
2041
2243
2042
2244
2043
2245
2044
2246
2045
2247
2046
2248
2047
2249
2048
2250
2049
2251
2050
2252
2051
2253
2052
2254
2053
2255
2054
2256
2055
2257
2056
2258
2062
2259
2063
2260
2058
2064
2261
2059
2065
2262
2060
2066
2263
2061
2067
2264
2068
2265
2069
2266
2070
2267
2065
2071
2268
2066
2072
2269
2067
2073
2270
2068
2074
2271
2075
2272
2076
2273
2077
2274
2072
2078
2275
2073
2079
2276
2074
2080
2277
2075
2081
2278
2082
2279
2083
2280
2084
2281
2079
2085
2282
2080
2086
2283
2081
2087
2284
2082
2088
2285
2089
2286
2090
2287
2091
2288
2086
2092
2289
2087
2093
2290
2088
2094
2291
2089
2095
2292
2096
2293
2097
2294
2098
2295
2093
2099
2296
2094
2100
2297
2095
2101
2298
2096
2102
2299
2103
2300
2104
2301
2105
2302
2100
2106
2303
2101
2107
2304
2102
2108
2305
2103
2109
2306
2110
2307
2111
2308
2112
2309
2107
2113
2310
2108
2114
2311
2109
2115
2312
2110
2116
2313
2117
2314
2118
2315
2119
2316
2114
2120
2317
2115
2121
2318
2116
2122
2319
2117
2123
2320
2124
2321
2125
2322
2126
2323
2121
2127
2324
2122
2128
2325
2123
2129
2326
2124
2130
2327
2131
2328
2132
2329
2133
2330
2128
2134
2331
2129
2135
2332
2130
2136
2333
2131
2137
2334
2138
2335
2139
2336
2140
2337
2135
2141
2338
2136
2142
2339
2137
2143
2340
2138
2144
2341
2145
2342
2146
2343
2147
2344
2142
2148
2345
2143
2149
2346
2144
2150
2347
2145
2151
2348
2152
2349
2153
2350
2154
2351
2149
2155
2352
2150
2156
2353
2151
2157
2354
2152
2158
2355
2159
2356
2160
2357
2161
2358
2156
2162
2359
2157
2163
2360
2158
2164
2361
2159
2165
2362
2166
2363
2167
2364
2168
2365
2163
2169
2366
2164
2170
2367
2165
2171
2368
2166
2172
2369
2173
2370
2174
2371
2175
2372
2170
2176
2373
2171
2177
2374
2172
2178
2375
2173
2179
2376
2180
2377
2181
2378
2182
2379
2177
2183
2380
2178
2184
2381
2179
2185
2382
2180
2186
2383
2187
2384
2188
2385
2189
2386
2184
2190
2387
2185
2191
2388
2186
2192
2389
2187
2193
2390
2194
2391
2195
2392
2196
2393
2191
2197
2394
2192
2198
2395
2193
2199
2396
2194
2200
2397
2201
2398
2202
2399
2203
2400
2198
2401
2199
2402
2200
2403
2201
2404
2405
2204
2406
2205
2407
2206
2408
2207
2409
2208
2410
2209
2411
2210
2412
2211
2413
2212
2414
2213
2415
2214
2416
2215
2417
2216
2418
2217
2419
2218
2420
2219
2421
2220
2422
2221
2423
2222
2424
2223
2425
2224
2426
2225
2427
2226
2428
2227
2429
2228
2430
2229
2431
2237
2432
2230
2433
2231
2434
2232
2435
2233
2436
2234
2437
2235
2438
2236
2439
2237
2440
2441
2240
2442
2241
2443
2242
2444
2243
2445
2244
2446
2245
2447
2246
2448
2247
2449
2248
2450
2249
2451
2250
2452
2251
2453
2252
2454
2253
2455
2254
2456
2255
2457
2256
2458
2257
2459
2258
2460
2259
2461
2260
2462
2266
2463
2267
2464
2262
2268
2465
2263
2269
2466
2264
2270
2467
2265
2271
2468
2272
2469
2273
2470
2274
2471
2269
2275
2472
2270
2276
2473
2271
2277
2474
2272
2278
2475
2279
2476
2280
2477
2281
2478
2276
2282
2479
2277
2283
2480
2278
2284
2481
2279
2285
2482
2286
2483
2287
2484
2288
2485
2283
2289
2486
2284
2290
2487
2285
2291
2488
2286
2292
2489
2293
2490
2294
2491
2295
2492
2290
2296
2493
2291
2297
2494
2292
2298
2495
2293
2299
2496
2300
2497
2301
2498
2302
2499
2297
2303
2500
2298
2304
2501
2299
2305
2502
2300
2306
2503
2307
2504
2308
2505
2309
2506
2304
2310
2507
2305
2311
2508
2306
2312
2509
2307
2313
2510
2314
2511
2315
2512
2316
2513
2311
2317
2514
2312
2318
2515
2313
2319
2516
2314
2320
2517
2321
2518
2322
2519
2323
2520
2318
2324
2521
2319
2325
2522
2320
2326
2523
2321
2327
2524
2328
2525
2329
2526
2330
2527
2325
2331
2528
2326
2332
2529
2327
2333
2530
2328
2334
2531
2335
2532
2336
2533
2337
2534
2332
2338
2535
2333
2339
2536
2334
2340
2537
2335
2341
2538
2342
2539
2343
2540
2344
2541
2339
2345
2542
2340
2346
2543
2341
2347
2544
2342
2348
2545
2349
2546
2350
2547
2351
2548
2346
2352
2549
2347
2353
2550
2348
2354
2551
2349
2355
2552
2356
2553
2357
2554
2358
2555
2353
2359
2556
2354
2360
2557
2355
2361
2558
2356
2362
2559
2363
2560
2364
2561
2365
2562
2360
2366
2563
2361
2367
2564
2362
2368
2565
2363
2369
2566
2370
2567
2371
2568
2372
2569
2367
2373
2570
2368
2374
2571
2369
2375
2572
2370
2376
2573
2377
2574
2378
2575
2379
2576
2374
2380
2577
2375
2381
2578
2376
2382
2579
2377
2383
2580
2384
2581
2385
2582
2386
2583
2381
2387
2584
2382
2388
2585
2383
2389
2586
2384
2390
2587
2391
2588
2392
2589
2393
2590
2388
2394
2591
2389
2395
2592
2390
2396
2593
2391
2397
2594
2398
2595
2399
2596
2400
2597
2395
2401
2598
2396
2402
2599
2397
2403
2600
2398
2404
2601
2405
2602
2406
2603
2407
2604
2402
2605
2403
2606
2404
2607
2405
2608
2609
2408
2610
2409
2611
2410
2612
2411
2613
2412
2614
2413
2615
2414
2616
2415
2617
2416
2618
2417
2619
2418
2620
2419
2621
2420
2622
2421
2623
2422
2624
2423
2625
2424
2626
2425
2627
2426
2628
2427
2629
2428
2630
2429
2631
2430
2632
2431
2633
2432
2634
2433
2635
2441
2636
2434
2637
2435
2638
2436
2639
2437
2640
2438
2641
2439
2642
2440
2643
2441
2644
2645
2444
2646
2445
2647
2446
2648
2447
2649
2448
2650
2449
2651
2450
2652
2451
2653
2452
2654
2453
2655
2454
2656
2455
2657
2456
2658
2457
2659
2458
2660
2459
2661
2460
2662
2461
2663
2462
2664
2463
2665
2464
2666
2470
2667
2471
2668
2466
2472
2669
2467
2473
2670
2468
2474
2671
2469
2475
2672
2476
2673
2477
2674
2478
2675
2473
2479
2676
2474
2480
2677
2475
2481
2678
2476
2482
2679
2483
2680
2484
2681
2485
2682
2480
2486
2683
2481
2487
2684
2482
2488
2685
2483
2489
2686
2490
2687
2491
2688
2492
2689
2487
2493
2690
2488
2494
2691
2489
2495
2692
2490
2496
2693
2497
2694
2498
2695
2499
2696
2494
2500
2697
2495
2501
2698
2496
2502
2699
2497
2503
2700
2504
2701
2505
2702
2506
2703
2501
2507
2704
2502
2508
2705
2503
2509
2706
2504
2510
2707
2511
2708
2512
2709
2513
2710
2508
2514
2711
2509
2515
2712
2510
2516
2713
2511
2517
2714
2518
2715
2519
2716
2520
2717
2515
2521
2718
2516
2522
2719
2517
2523
2720
2518
2524
2721
2525
2722
2526
2723
2527
2724
2522
2528
2725
2523
2529
2726
2524
2530
2727
2525
2531
2728
2532
2729
2533
2730
2534
2731
2529
2535
2732
2530
2536
2733
2531
2537
2734
2532
2538
2735
2539
2736
2540
2737
2541
2738
2536
2542
2739
2537
2543
2740
2538
2544
2741
2539
2545
2742
2546
2743
2547
2744
2548
2745
2543
2549
2746
2544
2550
2747
2545
2551
2748
2546
2552
2749
2553
2750
2554
2751
2555
2752
2550
2556
2753
2551
2557
2754
2552
2558
2755
2553
2559
2756
2560
2757
2561
2758
2562
2759
2557
2563
2760
2558
2564
2761
2559
2565
2762
2560
2566
2763
2567
2764
2568
2765
2569
2766
2564
2570
2767
2565
2571
2768
2566
2572
2769
2567
2573
2770
2574
2771
2575
2772
2576
2773
2571
2577
2774
2572
2578
2775
2573
2579
2776
2574
2580
2777
2581
2778
2582
2779
2583
2780
2578
2584
2781
2579
2585
2782
2580
2586
2783
2581
2587
2784
2588
2785
2589
2786
2590
2787
2585
2591
2788
2586
2592
2789
2587
2593
2790
2588
2594
2791
2595
2792
2596
2793
2597
2794
2592
2598
2795
2593
2599
2796
2594
2600
2797
2595
2601
2798
2602
2799
2603
2800
2604
2801
2599
2605
2802
2600
2606
2803
2601
2607
2804
2602
2608
2805
2609
2806
2610
2807
2611
2808
2606
2809
2607
2810
2608
2811
2609
2812
2813
2612
2814
2613
2815
2614
2816
2615
2817
2616
2818
2617
2819
2618
2820
2619
2821
2620
2822
2621
2823
2622
2824
2623
2825
2624
2826
2625
2827
2626
2828
2627
2829
2628
2830
2629
2831
2630
2832
2631
2833
2632
2834
2633
2835
2634
2836
2635
2837
2636
2838
2637
2839
2645
2840
2638
2841
2639
2842
2640
2843
2641
2844
2642
2845
2643
2846
2644
2847
2645
2848
2849
2648
2850
2649
2858
2650
2859
2651
2860
2652
2861
2653
2862
2654
2863
2655
2864
2656
2865
2657
2866
2658
2867
2659
2868
2660
2869
2661
2870
2662
2871
2663
2872
2664
2873
2665
2874
2666
2875
2667
2876
2668
2877
2674
2878
2675
2879
2670
2676
2880
2671
2677
2881
2672
2678
2882
2673
2679
2883
2680
2884
2681
2885
2682
2886
2677
2683
2887
2678
2684
2888
2679
2685
2889
2680
2686
2890
2687
2891
2688
2892
2689
2893
2684
2690
2894
2685
2691
2895
2686
2692
2896
2687
2693
2897
2694
2898
2695
2899
2696
2900
2691
2697
2901
2692
2698
2902
2693
2699
2903
2694
2700
2904
2701
2905
2702
2906
2703
2907
2698
2704
2908
2699
2705
2909
2700
2706
2910
2701
2707
2911
2708
2912
2709
2913
2710
2914
2705
2711
2915
2706
2712
2916
2707
2713
2917
2708
2714
2918
2715
2919
2716
2920
2717
2921
2712
2718
2922
2713
2719
2923
2714
2720
2924
2715
2721
2925
2722
2926
2723
2927
2724
2928
2719
2725
2929
2720
2726
2930
2721
2727
2931
2722
2728
2932
2729
2933
2730
2934
2731
2935
2726
2732
2936
2727
2733
2937
2728
2734
2938
2729
2735
2939
2736
2940
2737
2941
2738
2942
2733
2739
2943
2734
2740
2944
2735
2741
2945
2736
2742
2946
2743
2947
2744
2948
2745
2949
2740
2746
2950
2741
2747
2951
2742
2748
2952
2743
2749
2953
2750
2954
2751
2955
2752
2956
2747
2753
2957
2748
2754
2958
2749
2755
2959
2750
2756
2960
2757
2961
2758
2962
2759
2963
2754
2760
2964
2755
2761
2965
2756
2762
2966
2757
2763
2967
2764
2968
2765
2969
2766
2970
2761
2767
2971
2762
2768
2972
2763
2769
2973
2764
2770
2974
2771
2975
2772
2976
2773
2977
2768
2774
2978
2769
2775
2979
2770
2776
2980
2771
2777
2981
2778
2982
2779
2983
2780
2984
2775
2781
2985
2776
2782
2986
2777
2783
2987
2778
2784
2988
2785
2989
2786
2990
2787
2991
2782
2788
2992
2783
2789
2993
2784
2790
2994
2785
2791
2995
2792
2996
2793
2997
2794
2998
2789
2795
2999
2790
2796
3000
2791
2797
3001
2792
2798
3002
2799
3003
2800
3004
2801
3005
2796
2802
3006
2797
2803
3007
2798
2804
3008
2799
2805
3009
2806
3010
2807
3011
2808
3012
2803
2809
3013
2804
2810
3014
2805
2811
3015
2806
2812
3016
2813
3017
2814
3018
2815
3019
2810
3020
2811
3021
2812
3022
2813
3023
3024
2816
3025
2817
3026
2818
3027
2819
3028
2820
3029
2821
3030
2822
3031
2823
3032
2824
3033
2825
3034
2826
3035
2827
3036
2828
3037
2829
3038
2830
3039
2831
3040
2832
3041
2833
3042
2834
3043
2835
3044
2836
3045
2837
3046
2838
3047
2839
3048
2840
3049
2841
3050
2849
3051
2842
3052
2843
3053
2844
3054
2845
3055
2846
3056
2847
3057
2848
3058
2849
3059
3060
2851
2859
3061
2852
3062
2853
3063
2854
3064
2855
3065
2856
3066
2857
3067
2858
3068
2860
3069
2861
3070
2862
3071
2863
3072
2864
3073
2865
3074
2866
3075
2867
3076
2868
3077
2869
3078
2870
3079
2871
3080
2872
3081
2873
3082
2874
3083
2875
3084
2876
3085
2877
3086
2878
3087
2879
3088
2885
3089
2886
3090
2881
2887
3091
2882
2888
3092
2883
2889
3093
2884
2890
3094
2891
3095
2892
3096
2893
3097
2888
2894
3098
2889
2895
3099
2890
2896
3100
2891
2897
3101
2898
3102
2899
3103
2900
3104
2895
2901
3105
2896
2902
3106
2897
2903
3107
2898
2904
3108
2905
3109
2906
3110
2907
3111
2902
2908
3112
2903
2909
3113
2904
2910
3114
2905
2911
3115
2912
3116
2913
3117
2914
3118
2909
2915
3119
2910
2916
3120
2911
2917
3121
2912
2918
3122
2919
3123
2920
3124
2921
3125
2916
2922
3126
2917
2923
3127
2918
2924
3128
2919
2925
3129
2926
3130
2927
3131
2928
3132
2923
2929
3133
2924
2930
3134
2925
2931
3135
2926
2932
3136
2933
3137
2934
3138
2935
3139
2930
2936
3140
2931
2937
3141
2932
2938
3142
2933
2939
3143
2940
3144
2941
3145
2942
3146
2937
2943
3147
2938
2944
3148
2939
2945
3149
2940
2946
3150
2947
3151
2948
3152
2949
3153
2944
2950
3154
2945
2951
3155
2946
2952
3156
2947
2953
3157
2954
3158
2955
3159
2956
3160
2951
2957
3161
2952
2958
3162
2953
2959
3163
2954
2960
3164
2961
3165
2962
3166
2963
3167
2958
2964
3168
2959
2965
3169
2960
2966
3170
2961
2967
3171
2968
3172
2969
3173
2970
3174
2965
2971
3175
2966
2972
3176
2967
2973
3177
2968
2974
3178
2975
3179
2976
3180
2977
3181
2972
2978
3182
2973
2979
3183
2974
2980
3184
2975
2981
3185
2982
3186
2983
3187
2984
3188
2979
2985
3189
2980
2986
3190
2981
2987
3191
2982
2988
3192
2989
3193
2990
3194
2991
3195
2986
2992
3196
2987
2993
3197
2988
2994
3198
2989
2995
3199
2996
3200
2997
3201
2998
3202
2993
2999
3203
2994
3000
3204
2995
3001
3205
2996
3002
3206
3003
3207
3004
3208
3005
3209
3000
3006
3210
3001
3007
3211
3002
3008
3212
3003
3009
3213
3010
3214
3011
3215
3012
3216
3007
3013
3217
3008
3014
3218
3009
3015
3219
3010
3016
3220
3017
3221
3018
3222
3019
3223
3014
3020
3224
3015
3021
3225
3016
3022
3226
3017
3023
3227
3024
3228
3025
3229
3026
3230
3021
3231
3022
3232
3023
3233
3024
3234
3235
3027
3236
3028
3237
3029
3238
3030
3239
3031
3240
3032
3241
3033
3242
3034
3243
3035
3244
3036
3245
3037
3246
3038
3247
3039
3248
3040
3249
3041
3250
3042
3251
3043
3252
3044
3253
3045
3254
3046
3255
3047
3256
3048
3257
3049
3258
3050
3259
3051
3260
3052
3261
3060
3262
3053
3263
3054
3264
3055
3265
3056
3266
3057
3267
3058
3268
3059
3269
3060
3270
3271
3062
3070
3272
3063
3273
3064
3274
3065
3275
3066
3276
3067
3277
3068
3278
3069
3279
3071
3280
3072
3281
3073
3282
3074
3283
3075
3284
3076
3285
3077
3286
3078
3287
3079
3288
3080
3289
3081
3290
3082
3291
3083
3292
3084
3293
3085
3294
3086
3295
3087
3296
3088
3297
3089
3298
3090
3299
3096
3300
3097
3301
3092
3098
3302
3093
3099
3303
3094
3100
3304
3095
3101
3305
3102
3306
3103
3307
3104
3308
3099
3105
3309
3100
3106
3310
3101
3107
3311
3102
3108
3312
3109
3313
3110
3314
3111
3315
3106
3112
3316
3107
3113
3317
3108
3114
3318
3109
3115
3319
3116
3320
3117
3321
3118
3322
3113
3119
3323
3114
3120
3324
3115
3121
3325
3116
3122
3326
3123
3327
3124
3328
3125
3329
3120
3126
3330
3121
3127
3331
3122
3128
3332
3123
3129
3333
3130
3334
3131
3335
3132
3336
3127
3133
3337
3128
3134
3338
3129
3135
3339
3130
3136
3340
3137
3341
3138
3342
3139
3343
3134
3140
3344
3135
3141
3345
3136
3142
3346
3137
3143
3347
3144
3348
3145
3349
3146
3350
3141
3147
3351
3142
3148
3352
3143
3149
3353
3144
3150
3354
3151
3355
3152
3356
3153
3357
3148
3154
3358
3149
3155
3359
3150
3156
3360
3151
3157
3361
3158
3362
3159
3363
3160
3364
3155
3161
3365
3156
3162
3366
3157
3163
3367
3158
3164
3368
3165
3369
3166
3370
3167
3371
3162
3168
3372
3163
3169
3373
3164
3170
3374
3165
3171
3375
3172
3376
3173
3377
3174
3378
3169
3175
3379
3170
3176
3380
3171
3177
3381
3172
3178
3382
3179
3383
3180
3384
3181
3385
3176
3182
3386
3177
3183
3387
3178
3184
3388
3179
3185
3389
3186
3390
3187
3391
3188
3392
3183
3189
3393
3184
3190
3394
3185
3191
3395
3186
3192
3396
3193
3397
3194
3398
3195
3399
3190
3196
3400
3191
3197
3401
3192
3198
3402
3193
3199
3403
3200
3404
3201
3405
3202
3406
3197
3203
3407
3198
3204
3408
3199
3205
3409
3200
3206
3410
3207
3411
3208
3412
3209
3413
3204
3210
3414
3205
3211
3415
3206
3212
3416
3207
3213
3417
3214
3418
3215
3419
3216
3420
3211
3217
3421
3212
3218
3422
3213
3219
3423
3214
3220
3424
3221
3425
3222
3426
3223
3427
3218
3224
3428
3219
3225
3429
3220
3226
3430
3221
3227
3431
3228
3432
3229
3433
3230
3434
3225
3231
3435
3226
3232
3436
3227
3233
3437
3228
3234
3438
3235
3439
3236
3440
3237
3441
3232
3442
3233
3443
3234
3444
3235
3445
3446
3238
3447
3239
3448
3240
3449
3241
3450
3242
3451
3243
3452
3244
3453
3245
3454
3246
3455
3247
3456
3248
3457
3249
3458
3250
3459
3251
3460
3252
3461
3253
3462
3254
3463
3255
3464
3256
3465
3257
3466
3258
3467
3259
3468
3260
3469
3261
3470
3262
3471
3263
3472
3271
3473
3264
3474
3265
3475
3266
3476
3267
3477
3268
3478
3269
3479
3270
3480
3271
3481
3482
3273
3281
3483
3274
3484
3275
3485
3276
3486
3277
3487
3278
3488
3279
3489
3280
3490
3282
3491
3283
3492
3284
3493
3285
3494
3286
3495
3287
3496
3288
3497
3289
3498
3290
3499
3291
3500
3292
3501
3293
3502
3294
3503
3295
3504
3296
3505
3297
3506
3298
3507
3299
3508
3300
3509
3301
3510
3307
3511
3308
3512
3303
3309
3513
3304
3310
3514
3305
3311
3515
3306
3312
3516
3313
3517
3314
3518
3315
3519
3310
3316
3520
3311
3317
3521
3312
3318
3522
3313
3319
3523
3320
3524
3321
3525
3322
3526
3317
3323
3527
3318
3324
3528
3319
3325
3529
3320
3326
3530
3327
3531
3328
3532
3329
3533
3324
3330
3534
3325
3331
3535
3326
3332
3536
3327
3333
3537
3334
3538
3335
3539
3336
3540
3331
3337
3541
3332
3338
3542
3333
3339
3543
3334
3340
3544
3341
3545
3342
3546
3343
3547
3338
3344
3548
3339
3345
3549
3340
3346
3550
3341
3347
3551
3348
3552
3349
3553
3350
3554
3345
3351
3555
3346
3352
3556
3347
3353
3557
3348
3354
3558
3355
3559
3356
3560
3357
3561
3352
3358
3562
3353
3359
3563
3354
3360
3564
3355
3361
3565
3362
3566
3363
3567
3364
3568
3359
3365
3569
3360
3366
3570
3361
3367
3571
3362
3368
3572
3369
3573
3370
3574
3371
3575
3366
3372
3576
3367
3373
3577
3368
3374
3578
3369
3375
3579
3376
3580
3377
3581
3378
3582
3373
3379
3583
3374
3380
3584
3375
3381
3585
3376
3382
3586
3383
3587
3384
3588
3385
3589
3380
3386
3590
3381
3387
3591
3382
3388
3592
3383
3389
3593
3390
3594
3391
3595
3392
3596
3387
3393
3597
3388
3394
3598
3389
3395
3599
3390
3396
3600
3397
3601
3398
3602
3399
3603
3394
3400
3604
3395
3401
3605
3396
3402
3606
3397
3403
3607
3404
3608
3405
3609
3406
3610
3401
3407
3611
3402
3408
3612
3403
3409
3613
3404
3410
3614
3411
3615
3412
3616
3413
3617
3408
3414
3618
3409
3415
3619
3410
3416
3620
3411
3417
3621
3418
3622
3419
3623
3420
3624
3415
3421
3625
3416
3422
3626
3417
3423
3627
3418
3424
3628
3425
3629
3426
3630
3427
3631
3422
3428
3632
3423
3429
3633
3424
3430
3634
3425
3431
3635
3432
3636
3433
3637
3434
3638
3429
3435
3639
3430
3436
3640
3431
3437
3641
3432
3438
3642
3439
3643
3440
3644
3441
3645
3436
3442
3646
3437
3443
3647
3438
3444
3648
3439
3445
3649
3446
3650
3447
3651
3448
3652
3443
3653
3444
3654
3445
3655
3446
3656
3657
3449
3658
3450
3659
3451
3660
3452
3661
3453
3662
3454
3663
3455
3664
3456
3665
3457
3666
3458
3667
3459
3668
3460
3669
3461
3670
3462
3671
3463
3672
3464
3673
3465
3674
3466
3675
3467
3676
3468
3677
3469
3678
3470
3679
3471
3680
3472
3681
3473
3682
3474
3683
3482
3684
3475
3685
3476
3686
3477
3687
3478
3688
3479
3689
3480
3690
3481
3691
3482
3692
3693
3484
3492
3694
3485
3695
3486
3696
3487
3697
3488
3698
3489
3699
3490
3700
3491
3701
3493
3702
3494
3703
3495
3704
3496
3705
3497
3706
3498
3707
3499
3708
3500
3709
3501
3710
3502
3711
3503
3712
3504
3713
3505
3714
3506
3715
3507
3716
3508
3717
3509
3718
3510
3719
3511
3720
3512
3721
3518
3722
3519
3723
3514
3520
3724
3515
3521
3725
3516
3522
3726
3517
3523
3727
3524
3728
3525
3729
3526
3730
3521
3527
3731
3522
3528
3732
3523
3529
3733
3524
3530
3734
3531
3735
3532
3736
3533
3737
3528
3534
3738
3529
3535
3739
3530
3536
3740
3531
3537
3741
3538
3742
3539
3743
3540
3744
3535
3541
3745
3536
3542
3746
3537
3543
3747
3538
3544
3748
3545
3749
3546
3750
3547
3751
3542
3548
3752
3543
3549
3753
3544
3550
3754
3545
3551
3755
3552
3756
3553
3757
3554
3758
3549
3555
3759
3550
3556
3760
3551
3557
3761
3552
3558
3762
3559
3763
3560
3764
3561
3765
3556
3562
3766
3557
3563
3767
3558
3564
3768
3559
3565
3769
3566
3770
3567
3771
3568
3772
3563
3569
3773
3564
3570
3774
3565
3571
3775
3566
3572
3776
3573
3777
3574
3778
3575
3779
3570
3576
3780
3571
3577
3781
3572
3578
3782
3573
3579
3783
3580
3784
3581
3785
3582
3786
3577
3583
3787
3578
3584
3788
3579
3585
3789
3580
3586
3790
3587
3791
3588
3792
3589
3793
3584
3590
3794
3585
3591
3795
3586
3592
3796
3587
3593
3797
3594
3798
3595
3799
3596
3800
3591
3597
3801
3592
3598
3802
3593
3599
3803
3594
3600
3804
3601
3805
3602
3806
3603
3807
3598
3604
3808
3599
3605
3809
3600
3606
3810
3601
3607
3811
3608
3812
3609
3813
3610
3814
3605
3611
3815
3606
3612
3816
3607
3613
3817
3608
3614
3818
3615
3819
3616
3820
3617
3821
3612
3618
3822
3613
3619
3823
3614
3620
3824
3615
3621
3825
3622
3826
3623
3827
3624
3828
3619
3625
3829
3620
3626
3830
3621
3627
3831
3622
3628
3832
3629
3833
3630
3834
3631
3835
3626
3632
3836
3627
3633
3837
3628
3634
3838
3629
3635
3839
3636
3840
3637
3841
3638
3842
3633
3639
3843
3634
3640
3844
3635
3641
3845
3636
3642
3846
3643
3847
3644
3848
3645
3849
3640
3646
3850
3641
3647
3851
3642
3648
3852
3643
3649
3853
3650
3854
3651
3855
3652
3856
3647
3653
3857
3648
3654
3858
3649
3655
3859
3650
3656
3860
3657
3861
3658
3862
3659
3863
3654
3864
3655
3865
3656
3866
3657
3867
3868
3660
3869
3661
3870
3662
3871
3663
3872
3664
3873
3665
3874
3666
3875
3667
3876
3668
3877
3669
3878
3670
3879
3671
3880
3672
3881
3673
3882
3674
3883
3675
3884
3676
3885
3677
3886
3678
3887
3679
3888
3680
3889
3681
3890
3682
3891
3683
3892
3684
3893
3685
3894
3693
3895
3686
3896
3687
3897
3688
3898
3689
3899
3690
3900
3691
3901
3692
3902
3693
3903
3904
3695
3703
3905
3696
3906
3697
3907
3698
3908
3699
3909
3700
3910
3701
3911
3702
3912
3704
3913
3705
3914
3706
3915
3707
3916
3708
3917
3709
3918
3710
3919
3711
3920
3712
3921
3713
3922
3714
3923
3715
3924
3716
3925
3717
3926
3718
3927
3719
3928
3720
3929
3721
3930
3722
3931
3723
3932
3729
3933
3730
3934
3725
3731
3935
3726
3732
3936
3727
3733
3937
3728
3734
3938
3735
3939
3736
3940
3737
3941
3732
3738
3942
3733
3739
3943
3734
3740
3944
3735
3741
3945
3742
3946
3743
3947
3744
3948
3739
3745
3949
3740
3746
3950
3741
3747
3951
3742
3748
3952
3749
3953
3750
3954
3751
3955
3746
3752
3956
3747
3753
3957
3748
3754
3958
3749
3755
3959
3756
3960
3757
3961
3758
3962
3753
3759
3963
3754
3760
3964
3755
3761
3965
3756
3762
3966
3763
3967
3764
3968
3765
3969
3760
3766
3970
3761
3767
3971
3762
3768
3972
3763
3769
3973
3770
3974
3771
3975
3772
3976
3767
3773
3977
3768
3774
3978
3769
3775
3979
3770
3776
3980
3777
3981
3778
3982
3779
3983
3774
3780
3984
3775
3781
3985
3776
3782
3986
3777
3783
3987
3784
3988
3785
3989
3786
3990
3781
3787
3991
3782
3788
3992
3783
3789
3993
3784
3790
3994
3791
3995
3792
3996
3793
3997
3788
3794
3998
3789
3795
3999
3790
3796
4000
3791
3797
4001
3798
4002
3799
4003
3800
4004
3795
3801
4005
3796
3802
4006
3797
3803
4007
3798
3804
4008
3805
4009
3806
4010
3807
4011
3802
3808
4012
3803
3809
4013
3804
3810
4014
3805
3811
4015
3812
4016
3813
4017
3814
4018
3809
3815
4019
3810
3816
4020
3811
3817
4021
3812
3818
4022
3819
4023
3820
4024
3821
4025
3816
3822
4026
3817
3823
4027
3818
3824
4028
3819
3825
4029
3826
4030
3827
4031
3828
4032
3823
3829
4033
3824
3830
4034
3825
3831
4035
3826
3832
4036
3833
4037
3834
4038
3835
4039
3830
3836
4040
3831
3837
4041
3832
3838
4042
3833
3839
4043
3840
4044
3841
4045
3842
4046
3837
3843
4047
3838
3844
4048
3839
3845
4049
3840
3846
4050
3847
4051
3848
4052
3849
4053
3844
3850
4054
3845
3851
4055
3846
3852
4056
3847
3853
4057
3854
4058
3855
4059
3856
4060
3851
3857
4061
3852
3858
4062
3853
3859
4063
3854
3860
4064
3861
4065
3862
4066
3863
4067
3858
3864
4068
3859
3865
4069
3860
3866
4070
3861
3867
4071
3868
4072
3869
4073
3870
4074
3865
4075
3866
4076
3867
4077
3868
4078
4079
3871
4080
3872
4081
3873
4082
3874
4083
3875
4084
3876
4085
3877
4086
3878
4087
3879
4088
3880
4089
3881
4090
3882
4091
3883
4092
3884
4093
3885
4094
3886
4095
3887
4096
3888
4097
3889
4098
3890
4099
3891
4100
3892
4101
3893
4102
3894
4103
3895
4104
3896
4105
3904
4106
3897
4107
3898
4108
3899
4109
3900
4110
3901
4111
3902
4112
3903
4113
3904
4114
4115
3906
3914
4116
3907
4117
3908
4118
3909
4119
3910
4120
3911
4121
3912
4122
3913
4123
3915
4124
3916
4125
3917
4126
3918
4127
3919
4128
3920
4129
3921
4130
3922
4131
3923
4132
3924
4133
3925
4134
3926
4135
3927
4136
3928
4137
3929
4138
3930
4139
3931
4140
3932
4141
3933
4142
3934
4143
3940
4144
3941
4145
3936
3942
4146
3937
3943
4147
3938
3944
4148
3939
3945
4149
3946
4150
3947
4151
3948
4152
3943
3949
4153
3944
3950
4154
3945
3951
4155
3946
3952
4156
3953
4157
3954
4158
3955
4159
3950
3956
4160
3951
3957
4161
3952
3958
4162
3953
3959
4163
3960
4164
3961
4165
3962
4166
3957
3963
4167
3958
3964
4168
3959
3965
4169
3960
3966
4170
3967
4171
3968
4172
3969
4173
3964
3970
4174
3965
3971
4175
3966
3972
4176
3967
3973
4177
3974
4178
3975
4179
3976
4180
3971
3977
4181
3972
3978
4182
3973
3979
4183
3974
3980
4184
3981
4185
3982
4186
3983
4187
3978
3984
4188
3979
3985
4189
3980
3986
4190
3981
3987
4191
3988
4192
3989
4193
3990
4194
3985
3991
4195
3986
3992
4196
3987
3993
4197
3988
3994
4198
3995
4199
3996
4200
3997
4201
3992
3998
4202
3993
3999
4203
3994
4000
4204
3995
4001
4205
4002
4206
4003
4207
4004
4208
3999
4005
4209
4000
4006
4210
4001
4007
4211
4002
4008
4212
4009
4213
4010
4214
4011
4215
4006
4012
4216
4007
4013
4217
4008
4014
4218
4009
4015
4219
4016
4220
4017
4221
4018
4222
4013
4019
4223
4014
4020
4224
4015
4021
4225
4016
4022
4226
4023
4227
4024
4228
4025
4229
4020
4026
4230
4021
4027
4231
4022
4028
4232
4023
4029
4233
4030
4234
4031
4235
4032
4236
4027
4033
4237
4028
4034
4238
4029
4035
4239
4030
4036
4240
4037
4241
4038
4242
4039
4243
4034
4040
4244
4035
4041
4245
4036
4042
4246
4037
4043
4247
4044
4248
4045
4249
4046
4250
4041
4047
4251
4042
4048
4252
4043
4049
4253
4044
4050
4254
4051
4255
4052
4256
4053
4257
4048
4054
4258
4049
4055
4259
4050
4056
4260
4051
4057
4261
4058
4262
4059
4263
4060
4264
4055
4061
4265
4056
4062
4266
4057
4063
4267
4058
4064
4268
4065
4269
4066
4270
4067
4271
4062
4068
4272
4063
4069
4273
4064
4070
4274
4065
4071
4275
4072
4276
4073
4277
4074
4278
4069
4075
4279
4070
4076
4280
4071
4077
4281
4072
4078
4282
4079
4283
4080
4284
4081
4285
4076
4286
4077
4287
4078
4288
4079
4289
4290
4082
4291
4083
4292
4084
4293
4085
4294
4086
4295
4087
4296
4088
4297
4089
4298
4090
4299
4091
4300
4092
4301
4093
4302
4094
4303
4095
4304
4096
4305
4097
4306
4098
4307
4099
4308
4100
4309
4101
4310
4102
4311
4103
4312
4104
4313
4105
4314
4106
4315
4107
4316
4115
4317
4108
4318
4109
4319
4110
4320
4111
4321
4112
4322
4113
4323
4114
4324
4115
4325
4326
4117
4125
4327
4118
4328
4119
4329
4120
4330
4121
4331
4122
4332
4123
4333
4124
4334
4126
4335
4127
4336
4128
4337
4129
4338
4130
4339
4131
4340
4132
4341
4133
4342
4134
4343
4135
4344
4136
4345
4137
4346
4138
4347
4139
4348
4140
4349
4141
4350
4142
4351
4143
4352
4144
4353
4145
4354
4151
4355
4152
4356
4147
4153
4148
4154
4149
4155
4150
4156
4157
4158
4357
4159
4358
4154
4160
4155
4161
4156
4162
4157
4163
4164
4165
4359
4166
4360
4161
4167
4162
4168
4163
4169
4164
4170
4171
4172
4361
4173
4362
4168
4174
4169
4175
4170
4176
4171
4177
4178
4179
4363
4180
4364
4175
4181
4176
4182
4177
4183
4178
4184
4185
4186
4365
4187
4366
4182
4188
4183
4189
4184
4190
4185
4191
4192
4193
4367
4194
4368
4189
4195
4190
4196
4191
4197
4192
4198
4199
4200
4369
4201
4370
4196
4202
4197
4203
4198
4204
4199
4205
4206
4207
4371
4208
4372
4203
4209
4204
4210
4205
4211
4206
4212
4213
4214
4373
4215
4374
4210
4216
4211
4217
4212
4218
4213
4219
4220
4221
4375
4222
4376
4217
4223
4218
4224
4219
4225
4220
4226
4227
4228
4377
4229
4378
4224
4230
4225
4231
4226
4232
4227
4233
4234
4235
4379
4236
4380
4231
4237
4232
4238
4233
4239
4234
4240
4241
4242
4381
4243
4382
4238
4244
4239
4245
4240
4246
4241
4247
4248
4249
4383
4250
4384
4245
4251
4246
4252
4247
4253
4248
4254
4255
4256
4385
4257
4386
4252
4258
4253
4259
4254
4260
4255
4261
4262
4263
4387
4264
4388
4259
4265
4260
4266
4261
4267
4262
4268
4269
4270
4389
4271
4390
4266
4272
4267
4273
4268
4274
4269
4275
4276
4277
4391
4278
4392
4273
4279
4274
4280
4275
4281
4276
4282
4283
4284
4393
4285
4394
4280
4286
4281
4287
4282
4288
4283
4289
4290
4291
4395
4292
4396
4287
4288
4289
4290
4293
4397
4294
4398
4295
4399
4296
4400
4297
4401
4298
4402
4299
4403
4300
4404
4301
4405
4302
4406
4303
4407
4304
4408
4305
4409
4306
4410
4307
4411
4308
4412
4309
4413
4310
4414
4311
4415
4312
4416
4313
4417
4314
4418
4315
4419
4316
4420
4317
4421
4318
4422
4326
4423
4319
4424
4320
4425
4321
4426
4322
4427
4323
4428
4324
4429
4325
4430
4326
4431
4432
4328
4336
4433
4329
4434
4330
4435
4331
4436
4332
4437
4333
4438
4334
4439
4335
4440
4337
4441
4338
4442
4339
4443
4340
4444
4341
4445
4342
4446
4343
4447
4344
4448
4345
4449
4346
4450
4347
4451
4348
4452
4349
4453
4350
4454
4351
4455
4352
4456
4353
4457
4354
4458
4355
4459
4356
4460
4357
4461
4358
4462
4359
4463
4360
4464
4361
4465
4362
4466
4363
4467
4364
4468
4365
4469
4366
4470
4367
4471
4368
4472
4369
4473
4370
4474
4371
4475
4372
4476
4373
4477
4374
4478
4375
4479
4376
4480
4377
4481
4378
4482
4379
4483
4380
4484
4381
4485
4382
4486
4383
4487
4384
4488
4385
4489
4386
4490
4387
4491
4388
4492
4389
4493
4390
4494
4391
4495
4392
4496
4393
4497
4394
4498
4395
4499
4396
4500
4397
4501
4398
4502
4399
4503
4400
4504
4401
4505
4402
4506
4403
4507
4404
4508
4405
4509
4406
4510
4407
4511
4408
4512
4409
4513
4410
4514
4411
4515
4412
4516
4413
4517
4414
4518
4415
4519
4416
4520
4417
4521
4418
4522
4419
4523
4420
4524
4421
4525
4422
4526
4423
4527
4424
4528
4432
4529
4425
4530
4426
4531
4427
4532
4428
4533
4429
4534
4430
4535
4431
4536
4432
4537
4538
4434
4442
4539
4435
4540
4436
4541
4437
4542
4438
4543
4439
4544
4440
4545
4441
4546
4443
4547
4444
4548
4445
4549
4446
4550
4447
4551
4448
4552
4449
4553
4450
4554
4451
4555
4452
4556
4453
4557
4454
4558
4455
4559
4456
4560
4457
4561
4458
4562
4459
4563
4460
4564
4461
4565
4462
4566
4463
4567
4464
4568
4465
4569
4466
4570
4467
4571
4468
4572
4469
4573
4470
4574
4471
4575
4472
4576
4473
4577
4474
4578
4475
4579
4476
4580
4477
4581
4478
4582
4479
4583
4480
4584
4481
4585
4482
4586
4483
4587
4484
4588
4485
4589
4486
4590
4487
4591
4488
4592
4489
4593
4490
4594
4491
4595
4492
4596
4493
4597
4494
4598
4495
4599
4496
4600
4497
4601
4498
4602
4499
4603
4500
4604
4501
4605
4502
4606
4503
4607
4504
4608
4505
4609
4506
4610
4507
4611
4508
4612
4509
4613
4510
4614
4511
4615
4512
4616
4513
4617
4514
4618
4515
4619
4516
4620
4517
4621
4518
4622
4519
4623
4520
4624
4521
4625
4522
4626
4523
4627
4524
4628
4525
4629
4526
4630
4527
4631
4528
4632
4529
4633
4530
4634
4538
4635
4531
4636
4532
4637
4533
4638
4534
4639
4535
4640
4536
4641
4537
4642
4538
4643
4644
4540
4548
4645
4541
4646
4542
4647
4543
4648
4544
4649
4545
4650
4546
4651
4547
4652
4549
4653
4550
4654
4551
4655
4552
4656
4553
4657
4554
4658
4555
4659
4556
4660
4557
4661
4558
4662
4559
4663
4560
4664
4561
4665
4562
4666
4563
4667
4564
4668
4565
4669
4566
4670
4567
4671
4568
4672
4569
4673
4570
4674
4571
4675
4572
4676
4573
4677
4574
4678
4575
4679
4576
4680
4577
4681
4578
4682
4579
4683
4580
4684
4581
4685
4582
4686
4583
4687
4584
4688
4585
4689
4586
4690
4587
4691
4588
4692
4589
4693
4590
4694
4591
4695
4592
4696
4593
4697
4594
4698
4595
4699
4596
4700
4597
4701
4598
4702
4599
4703
4600
4704
4601
4705
4602
4706
4603
4707
4604
4708
4605
4709
4606
4710
4607
4711
4608
4712
4609
4713
4610
4714
4611
4715
4612
4716
4613
4717
4614
4718
4615
4719
4616
4720
4617
4721
4618
4722
4619
4723
4620
4724
4621
4725
4622
4726
4623
4727
4624
4728
4625
4729
4626
4730
4627
4731
4628
4732
4629
4733
4630
4734
4631
4735
4632
4736
4633
4737
4634
4738
4635
4739
4636
4740
4644
4741
4637
4742
4638
4743
4639
4744
4640
4745
4641
4746
4642
4747
4643
4748
4644
4749
4750
4646
4654
4751
4647
4752
4648
4753
4649
4754
4650
4755
4651
4756
4652
4757
4653
4758
4655
4759
4656
4760
4657
4761
4658
4762
4659
4763
4660
4764
4661
4765
4662
4766
4663
4767
4664
4768
4665
4769
4666
4770
4667
4771
4668
4772
4669
4773
4670
4774
4671
4775
4672
4776
4673
4777
4674
4778
4675
4779
4676
4780
4677
4781
4678
4782
4679
4783
4680
4784
4681
4785
4682
4786
4683
4787
4684
4788
4685
4789
4686
4790
4687
4791
4688
4792
4689
4793
4690
4794
4691
4795
4692
4796
4693
4797
4694
4798
4695
4799
4696
4800
4697
4801
4698
4802
4699
4803
4700
4804
4701
4805
4702
4806
4703
4807
4704
4808
4705
4809
4706
4810
4707
4811
4708
4812
4709
4813
4710
4814
4711
4815
4712
4816
4713
4817
4714
4818
4715
4819
4716
4820
4717
4821
4718
4822
4719
4823
4720
4824
4721
4825
4722
4826
4723
4827
4724
4828
4725
4829
4726
4830
4727
4831
4728
4832
4729
4833
4730
4834
4731
4835
4732
4836
4733
4837
4734
4838
4735
4839
4736
4840
4737
4841
4738
4842
4739
4843
4740
4844
4741
4845
4742
4846
4750
4847
4743
4848
4744
4849
4745
4850
4746
4851
4747
4852
4748
4853
4749
4854
4750
4855
4856
4752
4760
4857
4753
4858
4754
4859
4755
4860
4756
4861
4757
4862
4758
4863
4759
4864
4761
4865
4762
4866
4763
4867
4764
4868
4765
4869
4766
4870
4767
4871
4768
4872
4769
4873
4770
4874
4771
4875
4772
4876
4773
4877
4774
4878
4775
4879
4776
4880
4777
4881
4778
4882
4779
4883
4780
4884
4781
4885
4782
4886
4783
4887
4784
4888
4785
4889
4786
4890
4787
4891
4788
4892
4789
4893
4790
4894
4791
4895
4792
4896
4793
4897
4794
4898
4795
4899
4796
4900
4797
4901
4798
4902
4799
4903
4800
4904
4801
4905
4802
4906
4803
4907
4804
4908
4805
4909
4806
4910
4807
4911
4808
4912
4809
4913
4810
4914
4811
4915
4812
4916
4813
4917
4814
4918
4815
4919
4816
4920
4817
4921
4818
4922
4819
4923
4820
4924
4821
4925
4822
4926
4823
4927
4824
4928
4825
4929
4826
4930
4827
4931
4828
4932
4829
4933
4830
4934
4831
4935
4832
4936
4833
4937
4834
4938
4835
4939
4836
4940
4837
4941
4838
4942
4839
4943
4840
4944
4841
4945
4842
4946
4843
4947
4844
4948
4845
4949
4846
4950
4847
4951
4848
4952
4856
4953
4849
4954
4850
4955
4851
4956
4852
4957
4853
4958
4854
4959
4855
4960
4856
4961
4962
4858
4866
4963
4859
4964
4860
4965
4861
4966
4862
4967
4863
4968
4864
4969
4865
4970
4867
4971
4868
4972
4869
4973
4870
4974
4871
4975
4872
4976
4873
4977
4874
4978
4875
4981
4876
4982
4877
4985
4878
4986
4879
4989
4880
4990
4881
4993
4882
4994
4883
4997
4884
4998
4885
5001
4886
5002
4887
5005
4888
5006
4889
5009
4890
5010
4891
5013
4892
5014
4893
5017
4894
5018
4895
5021
4896
5022
4897
5025
4898
5026
4899
5029
4900
5030
4901
5033
4902
5034
4903
5037
4904
5038
4905
5041
4906
5042
4907
5045
4908
5046
4909
5049
4910
5050
4911
5053
4912
5054
4913
5057
4914
5058
4915
5061
4916
5062
4917
5065
4918
5066
4919
5069
4920
5070
4921
5073
4922
5074
4923
5075
4924
5076
4925
5077
4926
5078
4927
5079
4928
5080
4929
5081
4930
5082
4931
5083
4932
5084
4933
5085
4934
5086
4935
5087
4936
5088
4937
5089
4938
5090
4939
5091
4940
5092
4941
5093
4942
5094
4943
5095
4944
5096
4945
5097
4946
5098
4947
5099
4948
5100
4949
5101
4950
5102
4951
5103
4952
5104
4953
5105
4954
5106
4962
5107
4955
5108
4956
5109
4957
5110
4958
5111
4959
5112
4960
5113
4961
5114
4962
5115
5116
4964
4972
5117
4965
5118
4966
5119
4967
5120
4968
5121
4969
5122
4970
5123
4971
5124
4973
5125
4974
5126
4975
5127
4976
5128
4977
5129
4978
5130
4981
5131
4982
5132
4980
4983
5133
4984
5134
4985
5135
4986
5136
4984
4987
5137
4988
5138
4989
5139
4990
5140
4988
4991
5141
4992
5142
4993
5143
4994
5144
4992
4995
5145
4996
5146
4997
5147
4998
5148
4996
4999
5149
5000
5150
5001
5151
5002
5152
5000
5003
5153
5004
5154
5005
5155
5006
5156
5004
5007
5157
5008
5158
5009
5159
5010
5160
5008
5011
5161
5012
5162
5013
5163
5014
5164
5012
5015
5165
5016
5166
5017
5167
5018
5168
5016
5019
5169
5020
5170
5021
5171
5022
5172
5020
5023
5173
5024
5174
5025
5175
5026
5176
5024
5027
5177
5028
5178
5029
5179
5030
5180
5028
5031
5181
5032
5182
5033
5183
5034
5184
5032
5035
5185
5036
5186
5037
5187
5038
5188
5036
5039
5189
5040
5190
5041
5191
5042
5192
5040
5043
5193
5044
5194
5045
5195
5046
5196
5044
5047
5197
5048
5198
5049
5199
5050
5200
5048
5051
5201
5052
5202
5053
5203
5054
5204
5052
5055
5205
5056
5206
5057
5207
5058
5208
5056
5059
5209
5060
5210
5061
5211
5062
5212
5060
5063
5213
5064
5214
5065
5215
5066
5216
5064
5067
5217
5068
5218
5069
5219
5070
5220
5068
5071
5221
5072
5222
5073
5223
5074
5224
5072
5225
5226
5075
5227
5076
5228
5077
5229
5078
5230
5079
5231
5080
5232
5081
5233
5082
5234
5083
5235
5084
5236
5085
5237
5086
5238
5087
5239
5088
5240
5089
5241
5090
5242
5091
5243
5092
5244
5093
5245
5094
5246
5095
5247
5096
5248
5097
5249
5098
5250
5099
5251
5100
5252
5101
5253
5102
5254
5103
5255
5104
5256
5105
5257
5106
5258
5107
5259
5108
5260
5116
5261
5109
5262
5110
5263
5111
5264
5112
5265
5113
5266
5114
5267
5115
5268
5116
5269
5270
5118
5126
5271
5119
5120
5121
5122
5123
5124
5125
5127
5272
5128
5273
5129
5274
5130
5275
5131
5276
5132
5277
5135
5278
5136
5279
5134
5137
5280
5138
5281
5139
5282
5140
5283
5138
5141
5284
5142
5285
5143
5286
5144
5287
5142
5145
5288
5146
5289
5147
5290
5148
5291
5146
5149
5292
5150
5293
5151
5294
5152
5295
5150
5153
5296
5154
5297
5155
5298
5156
5299
5154
5157
5300
5158
5301
5159
5302
5160
5303
5158
5161
5304
5162
5305
5163
5306
5164
5307
5162
5165
5308
5166
5309
5167
5310
5168
5311
5166
5169
5312
5170
5313
5171
5314
5172
5315
5170
5173
5316
5174
5317
5175
5318
5176
5319
5174
5177
5320
5178
5321
5179
5322
5180
5323
5178
5181
5324
5182
5325
5183
5326
5184
5327
5182
5185
5328
5186
5329
5187
5330
5188
5331
5186
5189
5332
5190
5333
5191
5334
5192
5335
5190
5193
5336
5194
5337
5195
5338
5196
5339
5194
5197
5340
5198
5341
5199
5342
5200
5343
5198
5201
5344
5202
5345
5203
5346
5204
5347
5202
5205
5348
5206
5349
5207
5350
5208
5351
5206
5209
5352
5210
5353
5211
5354
5212
5355
5210
5213
5356
5214
5357
5215
5358
5216
5359
5214
5217
5360
5218
5361
5219
5362
5220
5363
5218
5221
5364
5222
5365
5223
5366
5224
5367
5222
5225
5368
5226
5369
5227
5370
5228
5371
5226
5372
5373
5229
5374
5230
5375
5231
5376
5232
5377
5233
5378
5234
5379
5235
5380
5236
5381
5237
5382
5238
5383
5239
5384
5240
5385
5241
5386
5242
5387
5243
5388
5244
5389
5245
5390
5246
5391
5247
5392
5248
5393
5249
5394
5250
5395
5251
5396
5252
5397
5253
5398
5254
5399
5255
5400
5256
5401
5257
5402
5258
5403
5259
5404
5260
5405
5261
5406
5262
5407
5270
5408
5263
5409
5264
5410
5265
5411
5266
5412
5267
5413
5268
5414
5269
5415
5270
5416
5417
5273
5418
5274
5419
5275
5420
5276
5421
5277
5422
5278
5423
5279
5424
5282
5425
5283
5426
5281
5284
5427
5285
5428
5286
5429
5287
5430
5285
5288
5431
5289
5432
5290
5433
5291
5434
5289
5292
5435
5293
5436
5294
5437
5295
5438
5293
5296
5439
5297
5440
5298
5441
5299
5442
5297
5300
5443
5301
5444
5302
5445
5303
5446
5301
5304
5447
5305
5448
5306
5449
5307
5450
5305
5308
5451
5309
5452
5310
5453
5311
5454
5309
5312
5455
5313
5456
5314
5457
5315
5458
5313
5316
5459
5317
5460
5318
5461
5319
5462
5317
5320
5463
5321
5464
5322
5465
5323
5466
5321
5324
5467
5325
5468
5326
5469
5327
5470
5325
5328
5471
5329
5472
5330
5473
5331
5474
5329
5332
5475
5333
5476
5334
5477
5335
5478
5333
5336
5479
5337
5480
5338
5481
5339
5482
5337
5340
5483
5341
5484
5342
5485
5343
5486
5341
5344
5487
5345
5488
5346
5489
5347
5490
5345
5348
5491
5349
5492
5350
5493
5351
5494
5349
5352
5495
5353
5496
5354
5497
5355
5498
5353
5356
5499
5357
5500
5358
5501
5359
5502
5357
5360
5503
5361
5504
5362
5505
5363
5506
5361
5364
5507
5365
5508
5366
5509
5367
5510
5365
5368
5511
5369
5512
5370
5513
5371
5514
5369
5372
5515
5373
5516
5374
5517
5375
5518
5373
5519
5520
5376
5521
5377
5522
5378
5523
5379
5524
5380
5525
5381
5526
5382
5527
5383
5528
5384
5529
5385
5530
5386
5531
5387
5532
5388
5533
5389
5534
5390
5535
5391
5536
5392
5537
5393
5538
5394
5539
5395
5540
5396
5541
5397
5542
5398
5543
5399
5544
5400
5545
5401
5546
5402
5547
5403
5548
5404
5549
5405
5550
5406
5551
5407
5552
5408
5553
5409
5554
5417
5555
5410
5556
5411
5557
5412
5558
5413
5559
5414
5560
5415
5561
5416
5562
5417
5563
5564
5420
5565
5421
5566
5422
5567
5423
5568
5424
5569
5425
5570
5426
5571
5429
5572
5430
5573
5428
5431
5574
5432
5575
5433
5576
5434
5577
5432
5435
5578
5436
5579
5437
5580
5438
5581
5436
5439
5582
5440
5583
5441
5584
5442
5585
5440
5443
5586
5444
5587
5445
5588
5446
5589
5444
5447
5590
5448
5591
5449
5592
5450
5593
5448
5451
5594
5452
5595
5453
5596
5454
5597
5452
5455
5598
5456
5599
5457
5600
5458
5601
5456
5459
5602
5460
5603
5461
5604
5462
5605
5460
5463
5606
5464
5607
5465
5608
5466
5609
5464
5467
5610
5468
5611
5469
5612
5470
5613
5468
5471
5614
5472
5615
5473
5616
5474
5617
5472
5475
5618
5476
5619
5477
5620
5478
5621
5476
5479
5622
5480
5623
5481
5624
5482
5625
5480
5483
5626
5484
5627
5485
5628
5486
5629
5484
5487
5630
5488
5631
5489
5632
5490
5633
5488
5491
5634
5492
5635
5493
5636
5494
5637
5492
5495
5638
5496
5639
5497
5640
5498
5641
5496
5499
5642
5500
5643
5501
5644
5502
5645
5500
5503
5646
5504
5647
5505
5648
5506
5649
5504
5507
5650
5508
5651
5509
5652
5510
5653
5508
5511
5654
5512
5655
5513
5656
5514
5657
5512
5515
5658
5516
5659
5517
5660
5518
5661
5516
5519
5662
5520
5663
5521
5664
5522
5665
5520
5666
5667
5523
5668
5524
5669
5525
5670
5526
5671
5527
5672
5528
5673
5529
5674
5530
5675
5531
5676
5532
5677
5533
5678
5534
5679
5535
5680
5536
5681
5537
5682
5538
5683
5539
5684
5540
5685
5541
5686
5542
5687
5543
5688
5544
5689
5545
5690
5546
5691
5547
5692
5548
5693
5549
5694
5550
5695
5551
5696
5552
5697
5553
5698
5554
5699
5555
5700
5556
5701
5564
5702
5557
5703
5558
5704
5559
5705
5560
5706
5561
5707
5562
5708
5563
5709
5564
5710
5711
5567
5712
5568
5713
5569
5714
5570
5715
5571
5716
5572
5717
5573
5718
5576
5719
5577
5720
5575
5578
5721
5579
5722
5580
5723
5581
5724
5579
5582
5725
5583
5726
5584
5727
5585
5728
5583
5586
5729
5587
5730
5588
5731
5589
5732
5587
5590
5733
5591
5734
5592
5735
5593
5736
5591
5594
5737
5595
5738
5596
5739
5597
5740
5595
5598
5741
5599
5742
5600
5743
5601
5744
5599
5602
5745
5603
5746
5604
5747
5605
5748
5603
5606
5749
5607
5750
5608
5751
5609
5752
5607
5610
5753
5611
5754
5612
5755
5613
5756
5611
5614
5757
5615
5758
5616
5759
5617
5760
5615
5618
5761
5619
5762
5620
5763
5621
5764
5619
5622
5765
5623
5766
5624
5767
5625
5768
5623
5626
5769
5627
5770
5628
5771
5629
5772
5627
5630
5773
5631
5774
5632
5775
5633
5776
5631
5634
5777
5635
5778
5636
5779
5637
5780
5635
5638
5781
5639
5782
5640
5783
5641
5784
5639
5642
5785
5643
5786
5644
5787
5645
5788
5643
5646
5789
5647
5790
5648
5791
5649
5792
5647
5650
5793
5651
5794
5652
5795
5653
5796
5651
5654
5797
5655
5798
5656
5799
5657
5800
5655
5658
5801
5659
5802
5660
5803
5661
5804
5659
5662
5805
5663
5806
5664
5807
5665
5808
5663
5666
5809
5667
5810
5668
5811
5669
5812
5667
5813
5814
5670
5815
5671
5816
5672
5817
5673
5818
5674
5819
5675
5820
5676
5821
5677
5822
5678
5823
5679
5824
5680
5825
5681
5826
5682
5827
5683
5828
5684
5829
5685
5830
5686
5831
5687
5832
5688
5833
5689
5834
5690
5835
5691
5836
5692
5837
5693
5838
5694
5839
5695
5840
5696
5841
5697
5842
5698
5843
5699
5844
5700
5845
5701
5846
5702
5847
5703
5848
5711
5849
5704
5850
5705
5851
5706
5852
5707
5708
5709
5710
5853
5711
5854
5855
5714
5856
5715
5857
5716
5858
5717
5859
5718
5860
5719
5861
5720
5862
5723
5863
5724
5864
5722
5725
5865
5726
5866
5727
5867
5728
5868
5726
5729
5869
5730
5870
5731
5871
5732
5872
5730
5733
5873
5734
5874
5735
5875
5736
5876
5734
5737
5877
5738
5878
5739
5879
5740
5880
5738
5741
5881
5742
5882
5743
5883
5744
5884
5742
5745
5885
5746
5886
5747
5887
5748
5888
5746
5749
5889
5750
5890
5751
5891
5752
5892
5750
5753
5893
5754
5894
5755
5895
5756
5896
5754
5757
5897
5758
5898
5759
5899
5760
5900
5758
5761
5901
5762
5902
5763
5903
5764
5904
5762
5765
5905
5766
5906
5767
5907
5768
5908
5766
5769
5909
5770
5910
5771
5911
5772
5912
5770
5773
5913
5774
5914
5775
5915
5776
5916
5774
5777
5917
5778
5918
5779
5919
5780
5920
5778
5781
5921
5782
5922
5783
5923
5784
5924
5782
5785
5925
5786
5926
5787
5927
5788
5928
5786
5789
5929
5790
5930
5791
5931
5792
5932
5790
5793
5933
5794
5934
5795
5935
5796
5936
5794
5797
5937
5798
5938
5799
5939
5800
5940
5798
5801
5941
5802
5942
5803
5943
5804
5944
5802
5805
5945
5806
5946
5807
5947
5808
5948
5806
5809
5949
5810
5950
5811
5951
5812
5952
5810
5813
5953
5814
5954
5815
5955
5816
5956
5814
5957
5958
5817
5959
5818
5960
5819
5961
5820
5962
5821
5963
5822
5964
5823
5965
5824
5966
5825
5967
5826
5968
5827
5969
5828
5970
5829
5971
5830
5972
5831
5973
5832
5974
5833
5975
5834
5976
5835
5977
5836
5978
5837
5979
5838
5980
5839
5981
5840
5982
5841
5983
5842
5984
5843
5985
5844
5986
5845
5987
5846
5988
5847
5989
5848
5990
5849
5991
5850
5992
5855
5993
5851
5994
5852
5854
5855
5995
5996
5858
5997
5859
5998
5860
5999
5861
6000
5862
6001
5863
6002
5864
6003
5867
6004
5868
6005
5866
5869
6006
5870
6007
5871
6008
5872
6009
5870
5873
6010
5874
6011
5875
6012
5876
6013
5874
5877
6014
5878
6015
5879
6016
5880
6017
5878
5881
6018
5882
6019
5883
6020
5884
6021
5882
5885
6022
5886
6023
5887
6024
5888
6025
5886
5889
6026
5890
6027
5891
6028
5892
6029
5890
5893
6030
5894
6031
5895
6032
5896
6033
5894
5897
6034
5898
6035
5899
6036
5900
6037
5898
5901
6038
5902
6039
5903
6040
5904
6041
5902
5905
6042
5906
6043
5907
6044
5908
6045
5906
5909
6046
5910
6047
5911
6048
5912
6049
5910
5913
6050
5914
6051
5915
6052
5916
6053
5914
5917
6054
5918
6055
5919
6056
5920
6057
5918
5921
6058
5922
6059
5923
6060
5924
6061
5922
5925
6062
5926
6063
5927
6064
5928
6065
5926
5929
6066
5930
6067
5931
6068
5932
6069
5930
5933
6070
5934
6071
5935
6072
5936
6073
5934
5937
6074
5938
6075
5939
6076
5940
6077
5938
5941
6078
5942
6079
5943
6080
5944
6081
5942
5945
6082
5946
6083
5947
6084
5948
6085
5946
5949
6086
5950
6087
5951
6088
5952
6089
5950
5953
6090
5954
6091
5955
6092
5956
6093
5954
5957
6094
5958
6095
5959
6096
5960
6097
5958
6098
6099
5961
6100
5962
6101
5963
6102
5964
6103
5965
6104
5966
6105
5967
6106
5968
6107
5969
6108
5970
6109
5971
6110
5972
6111
5973
6112
5974
6113
5975
6114
5976
6115
5977
6116
5978
6117
5979
6118
5980
6119
5981
6120
5982
6121
5983
6122
5984
6123
5985
6124
5986
6125
5987
6126
5988
6127
5989
6128
5990
6129
5991
6130
5992
6131
5993
6132
5994
6133
5996
6134
6135
5996
6136
5999
6137
6000
6138
6001
6139
6002
6140
6003
6141
6004
6142
6005
6143
6008
6144
6009
6145
6007
6010
6146
6011
6147
6012
6148
6013
6149
6011
6014
6150
6015
6151
6016
6152
6017
6153
6015
6018
6154
6019
6155
6020
6156
6021
6157
6019
6022
6158
6023
6159
6024
6160
6025
6161
6023
6026
6162
6027
6163
6028
6164
6029
6165
6027
6030
6166
6031
6167
6032
6168
6033
6169
6031
6034
6170
6035
6171
6036
6172
6037
6173
6035
6038
6174
6039
6175
6040
6176
6041
6177
6039
6042
6178
6043
6179
6044
6180
6045
6181
6043
6046
6182
6047
6183
6048
6184
6049
6185
6047
6050
6186
6051
6187
6052
6188
6053
6189
6051
6054
6190
6055
6191
6056
6192
6057
6193
6055
6058
6194
6059
6195
6060
6196
6061
6197
6059
6062
6198
6063
6199
6064
6200
6065
6201
6063
6066
6202
6067
6203
6068
6204
6069
6205
6067
6070
6206
6071
6207
6072
6208
6073
6209
6071
6074
6210
6075
6211
6076
6212
6077
6213
6075
6078
6214
6079
6215
6080
6216
6081
6217
6079
6082
6218
6083
6219
6084
6220
6085
6221
6083
6086
6222
6087
6223
6088
6224
6089
6225
6087
6090
6226
6091
6227
6092
6228
6093
6229
6091
6094
6230
6095
6231
6096
6232
6097
6233
6095
6098
6234
6099
6235
6100
6236
6101
6237
6099
6238
6239
6102
6240
6103
6241
6104
6242
6105
6243
6106
6244
6107
6245
6108
6246
6109
6247
6110
6248
6111
6249
6112
6250
6113
6251
6114
6252
6115
6253
6116
6254
6117
6255
6118
6256
6119
6257
6120
6258
6121
6259
6122
6260
6123
6261
6124
6262
6125
6263
6126
6264
6127
6265
6128
6266
6129
6267
6130
6268
6131
6269
6132
6270
6133
6271
6134
6272
6135
6273
6136
6274
6275
6276
6139
6277
6140
6278
6141
6279
6142
6280
6143
6281
6144
6282
6145
6283
6148
6284
6149
6285
6147
6150
6286
6151
6287
6152
6288
6153
6289
6151
6154
6290
6155
6291
6156
6292
6157
6293
6155
6158
6294
6159
6295
6160
6296
6161
6297
6159
6162
6298
6163
6299
6164
6300
6165
6301
6163
6166
6302
6167
6303
6168
6304
6169
6305
6167
6170
6306
6171
6307
6172
6308
6173
6309
6171
6174
6310
6175
6311
6176
6312
6177
6313
6175
6178
6314
6179
6315
6180
6316
6181
6317
6179
6182
6318
6183
6319
6184
6320
6185
6321
6183
6186
6322
6187
6323
6188
6324
6189
6325
6187
6190
6326
6191
6327
6192
6328
6193
6329
6191
6194
6330
6195
6331
6196
6332
6197
6333
6195
6198
6334
6199
6335
6200
6336
6201
6337
6199
6202
6338
6203
6339
6204
6340
6205
6341
6203
6206
6342
6207
6343
6208
6344
6209
6345
6207
6210
6346
6211
6347
6212
6348
6213
6349
6211
6214
6350
6215
6351
6216
6352
6217
6353
6215
6218
6354
6219
6355
6220
6356
6221
6357
6219
6222
6358
6223
6359
6224
6360
6225
6361
6223
6226
6362
6227
6363
6228
6364
6229
6365
6227
6230
6366
6231
6367
6232
6368
6233
6369
6231
6234
6370
6235
6371
6236
6372
6237
6373
6235
6238
6374
6239
6375
6240
6376
6241
6377
6239
6378
6379
6242
6380
6243
6381
6244
6382
6245
6383
6246
6384
6247
6385
6248
6386
6249
6387
6250
6388
6251
6389
6252
6390
6253
6391
6254
6392
6255
6393
6256
6394
6257
6395
6258
6396
6259
6397
6260
6398
6261
6399
6262
6400
6263
6401
6264
6402
6265
6403
6266
6404
6267
6405
6268
6406
6269
6407
6270
6408
6271
6409
6272
6410
6273
6411
6274
6412
6275
6413
6276
6414
6415
6418
6279
6419
6280
6420
6281
6421
6282
6422
6283
6423
6284
6424
6285
6425
6288
6426
6289
6427
6287
6290
6428
6291
6429
6292
6430
6293
6431
6291
6294
6432
6295
6433
6296
6434
6297
6435
6295
6298
6436
6299
6437
6300
6438
6301
6439
6299
6302
6440
6303
6441
6304
6442
6305
6443
6303
6306
6444
6307
6445
6308
6446
6309
6447
6307
6310
6448
6311
6449
6312
6450
6313
6451
6311
6314
6452
6315
6453
6316
6454
6317
6455
6315
6318
6456
6319
6457
6320
6458
6321
6459
6319
6322
6460
6323
6461
6324
6462
6325
6463
6323
6326
6464
6327
6465
6328
6466
6329
6467
6327
6330
6468
6331
6469
6332
6470
6333
6471
6331
6334
6472
6335
6473
6336
6474
6337
6475
6335
6338
6476
6339
6477
6340
6478
6341
6479
6339
6342
6480
6343
6481
6344
6482
6345
6483
6343
6346
6484
6347
6485
6348
6486
6349
6487
6347
6350
6488
6351
6489
6352
6490
6353
6491
6351
6354
6492
6355
6493
6356
6494
6357
6495
6355
6358
6496
6359
6497
6360
6498
6361
6499
6359
6362
6500
6363
6501
6364
6502
6365
6503
6363
6366
6504
6367
6505
6368
6506
6369
6507
6367
6370
6508
6371
6509
6372
6510
6373
6511
6371
6374
6512
6375
6513
6376
6514
6377
6515
6375
6378
6516
6379
6517
6380
6518
6381
6519
6379
6520
6521
6382
6522
6383
6523
6384
6524
6385
6525
6386
6526
6387
6527
6388
6528
6389
6529
6390
6530
6391
6531
6392
6532
6393
6533
6394
6534
6395
6535
6396
6536
6397
6537
6398
6538
6399
6539
6400
6540
6401
6541
6402
6542
6403
6543
6404
6544
6405
6545
6406
6546
6407
6547
6408
6548
6409
6549
6410
6550
6411
6551
6412
6552
6413
6553
6414
6554
6415
6555
6418
6556
6416
6557
6558
6418
6561
6562
6421
6563
6422
6564
6423
6565
6424
6566
6425
6567
6426
6568
6427
6569
6430
6570
6431
6571
6429
6432
6572
6433
6573
6434
6574
6435
6575
6433
6436
6576
6437
6577
6438
6578
6439
6579
6437
6440
6580
6441
6581
6442
6582
6443
6583
6441
6444
6584
6445
6585
6446
6586
6447
6587
6445
6448
6588
6449
6589
6450
6590
6451
6591
6449
6452
6592
6453
6593
6454
6594
6455
6595
6453
6456
6596
6457
6597
6458
6598
6459
6599
6457
6460
6600
6461
6601
6462
6602
6463
6603
6461
6464
6604
6465
6605
6466
6606
6467
6607
6465
6468
6608
6469
6609
6470
6610
6471
6611
6469
6472
6612
6473
6613
6474
6614
6475
6615
6473
6476
6616
6477
6617
6478
6618
6479
6619
6477
6480
6620
6481
6621
6482
6622
6483
6623
6481
6484
6624
6485
6625
6486
6626
6487
6627
6485
6488
6628
6489
6629
6490
6630
6491
6631
6489
6492
6632
6493
6633
6494
6634
6495
6635
6493
6496
6636
6497
6637
6498
6638
6499
6639
6497
6500
6640
6501
6641
6502
6642
6503
6643
6501
6504
6644
6505
6645
6506
6646
6507
6647
6505
6508
6648
6509
6649
6510
6650
6511
6651
6509
6512
6652
6513
6653
6514
6654
6515
6655
6513
6516
6656
6517
6657
6518
6658
6519
6659
6517
6520
6660
6521
6661
6522
6662
6523
6663
6521
6664
6665
6524
6666
6525
6667
6526
6668
6527
6669
6528
6670
6529
6671
6530
6672
6531
6673
6532
6674
6533
6675
6534
6676
6535
6677
6536
6678
6537
6679
6538
6680
6539
6681
6540
6682
6541
6683
6542
6684
6543
6685
6544
6686
6545
6687
6546
6688
6547
6689
6548
6690
6549
6691
6550
6692
6551
6693
6552
6694
6553
6695
6554
6696
6555
6697
6556
6698
6557
6699
6562
6700
6558
6701
6559
6702
6703
6561
6707
6562
6708
6709
6565
6710
6566
6711
6567
6712
6568
6713
6569
6714
6570
6715
6571
6716
6574
6717
6575
6718
6573
6576
6719
6577
6720
6578
6721
6579
6722
6577
6580
6723
6581
6724
6582
6725
6583
6726
6581
6584
6727
6585
6728
6586
6729
6587
6730
6585
6588
6731
6589
6732
6590
6733
6591
6734
6589
6592
6735
6593
6736
6594
6737
6595
6738
6593
6596
6739
6597
6740
6598
6741
6599
6742
6597
6600
6743
6601
6744
6602
6745
6603
6746
6601
6604
6747
6605
6748
6606
6749
6607
6750
6605
6608
6751
6609
6752
6610
6753
6611
6754
6609
6612
6755
6613
6756
6614
6757
6615
6758
6613
6616
6759
6617
6760
6618
6761
6619
6762
6617
6620
6763
6621
6764
6622
6765
6623
6766
6621
6624
6767
6625
6768
6626
6769
6627
6770
6625
6628
6771
6629
6772
6630
6773
6631
6774
6629
6632
6775
6633
6776
6634
6777
6635
6778
6633
6636
6779
6637
6780
6638
6781
6639
6782
6637
6640
6783
6641
6784
6642
6785
6643
6786
6641
6644
6787
6645
6788
6646
6789
6647
6790
6645
6648
6791
6649
6792
6650
6793
6651
6794
6649
6652
6795
6653
6796
6654
6797
6655
6798
6653
6656
6799
6657
6800
6658
6801
6659
6802
6657
6660
6803
6661
6804
6662
6805
6663
6806
6661
6664
6807
6665
6808
6666
6809
6667
6810
6665
6811
6812
6668
6813
6669
6814
6670
6815
6671
6816
6672
6817
6673
6818
6674
6819
6675
6820
6676
6821
6677
6822
6678
6823
6679
6824
6680
6825
6681
6826
6682
6827
6683
6828
6684
6829
6685
6830
6686
6831
6687
6832
6688
6833
6689
6834
6690
6835
6691
6836
6692
6837
6693
6838
6694
6839
6695
6840
6696
6841
6697
6842
6698
6843
6699
6844
6700
6845
6701
6846
6709
6847
6702
6848
6703
6849
6704
6850
6705
6851
6706
6852
6707
6853
6708
6854
6709
6855
6856
6712
6857
6713
6858
6714
6859
6715
6860
6716
6861
6717
6862
6718
6863
6721
6864
6722
6865
6720
6723
6866
6724
6867
6725
6868
6726
6869
6724
6727
6870
6728
6871
6729
6872
6730
6873
6728
6731
6874
6732
6875
6733
6876
6734
6877
6732
6735
6878
6736
6879
6737
6880
6738
6881
6736
6739
6882
6740
6883
6741
6884
6742
6885
6740
6743
6886
6744
6887
6745
6888
6746
6889
6744
6747
6890
6748
6891
6749
6892
6750
6893
6748
6751
6894
6752
6895
6753
6896
6754
6897
6752
6755
6898
6756
6899
6757
6900
6758
6901
6756
6759
6902
6760
6903
6761
6904
6762
6905
6760
6763
6906
6764
6907
6765
6908
6766
6909
6764
6767
6910
6768
6911
6769
6912
6770
6913
6768
6771
6914
6772
6915
6773
6916
6774
6917
6772
6775
6918
6776
6919
6777
6920
6778
6921
6776
6779
6922
6780
6923
6781
6924
6782
6925
6780
6783
6926
6784
6927
6785
6928
6786
6929
6784
6787
6930
6788
6931
6789
6932
6790
6933
6788
6791
6934
6792
6935
6793
6936
6794
6937
6792
6795
6938
6796
6939
6797
6940
6798
6941
6796
6799
6942
6800
6943
6801
6944
6802
6945
6800
6803
6946
6804
6947
6805
6948
6806
6949
6804
6807
6950
6808
6951
6809
6952
6810
6953
6808
6811
6954
6812
6955
6813
6956
6814
6957
6812
6958
6959
6815
6960
6816
6961
6817
6962
6818
6963
6819
6964
6820
6965
6821
6966
6822
6967
6823
6968
6824
6969
6825
6970
6826
6971
6827
6972
6828
6973
6829
6974
6830
6975
6831
6976
6832
6977
6833
6978
6834
6979
6835
6980
6836
6981
6837
6982
6838
6983
6839
6984
6840
6985
6841
6986
6842
6987
6843
6988
6844
6989
6845
6990
6846
6991
6847
6992
6848
6993
6856
6994
6849
6995
6850
6996
6851
6997
6852
6998
6853
6999
6854
7000
6855
7001
6856
7002
7003
6859
7004
6860
7005
6861
7006
6862
7007
6863
7008
6864
7009
6865
7010
6868
7011
6869
7012
6867
6870
7013
6871
7014
6872
7015
6873
7016
6871
6874
7017
6875
7018
6876
7019
6877
7020
6875
6878
7021
6879
7022
6880
7023
6881
7024
6879
6882
7025
6883
7026
6884
7027
6885
7028
6883
6886
7029
6887
7030
6888
7031
6889
7032
6887
6890
7033
6891
7034
6892
7035
6893
7036
6891
6894
7037
6895
7038
6896
7039
6897
7040
6895
6898
7041
6899
7042
6900
7043
6901
7044
6899
6902
7045
6903
7046
6904
7047
6905
7048
6903
6906
7049
6907
7050
6908
7051
6909
7052
6907
6910
7053
6911
7054
6912
7055
6913
7056
6911
6914
7057
6915
7058
6916
7059
6917
7060
6915
6918
7061
6919
7062
6920
7063
6921
7064
6919
6922
7065
6923
7066
6924
7067
6925
7068
6923
6926
7069
6927
7070
6928
7071
6929
7072
6927
6930
7073
6931
7074
6932
7075
6933
7076
6931
6934
7077
6935
7078
6936
7079
6937
7080
6935
6938
7081
6939
7082
6940
7083
6941
7084
6939
6942
7085
6943
7086
6944
7087
6945
7088
6943
6946
7089
6947
7090
6948
7091
6949
7092
6947
6950
7093
6951
7094
6952
7095
6953
7096
6951
6954
7097
6955
7098
6956
7099
6957
7100
6955
6958
7101
6959
7102
6960
7103
6961
7104
6959
7105
7106
6962
7107
6963
7108
6964
7109
6965
7110
6966
7111
6967
7112
6968
7113
6969
7114
6970
7115
6971
7116
6972
7117
6973
7118
6974
7119
6975
7120
6976
7121
6977
7122
6978
7123
6979
7124
6980
7125
6981
7126
6982
7127
6983
7128
6984
7129
6985
7130
6986
7131
6987
7132
6988
7133
6989
7134
6990
7135
6991
7136
6992
7137
6993
7138
6994
7139
6995
7140
7003
7141
6996
7142
6997
7143
6998
7144
6999
7145
7000
7146
7001
7147
7002
7148
7003
7149
7150
7006
7151
7007
7152
7008
7153
7009
7154
7010
7155
7011
7156
7012
7157
7015
7158
7016
7159
7014
7017
7160
7018
7161
7019
7162
7020
7163
7018
7021
7164
7022
7165
7023
7166
7024
7167
7022
7025
7168
7026
7169
7027
7170
7028
7171
7026
7029
7172
7030
7173
7031
7174
7032
7175
7030
7033
7176
7034
7177
7035
7178
7036
7179
7034
7037
7180
7038
7181
7039
7182
7040
7183
7038
7041
7184
7042
7185
7043
7186
7044
7187
7042
7045
7188
7046
7189
7047
7190
7048
7191
7046
7049
7192
7050
7193
7051
7194
7052
7195
7050
7053
7196
7054
7197
7055
7198
7056
7199
7054
7057
7200
7058
7201
7059
7202
7060
7203
7058
7061
7204
7062
7205
7063
7206
7064
7207
7062
7065
7208
7066
7209
7067
7210
7068
7211
7066
7069
7212
7070
7213
7071
7214
7072
7215
7070
7073
7216
7074
7217
7075
7218
7076
7219
7074
7077
7220
7078
7221
7079
7222
7080
7223
7078
7081
7224
7082
7225
7083
7226
7084
7227
7082
7085
7228
7086
7229
7087
7230
7088
7231
7086
7089
7232
7090
7233
7091
7234
7092
7235
7090
7093
7236
7094
7237
7095
7238
7096
7239
7094
7097
7240
7098
7241
7099
7242
7100
7243
7098
7101
7244
7102
7245
7103
7246
7104
7247
7102
7105
7248
7106
7249
7107
7250
7108
7251
7106
7252
7253
7109
7254
7110
7255
7111
7256
7112
7257
7113
7258
7114
7259
7115
7260
7116
7261
7117
7262
7118
7263
7119
7264
7120
7265
7121
7266
7122
7267
7123
7268
7124
7269
7125
7270
7126
7271
7127
7272
7128
7273
7129
7274
7130
7275
7131
7276
7132
7277
7133
7278
7134
7279
7135
7280
7136
7281
7137
7282
7138
7283
7139
7284
7140
7285
7141
7286
7142
7287
7150
7288
7143
7289
7144
7290
7145
7291
7146
7292
7147
7293
7148
7294
7149
7295
7150
7296
7297
7153
7298
7154
7299
7155
7300
7156
7301
7157
7302
7158
7303
7159
7304
7162
7305
7163
7306
7161
7164
7165
7166
7307
7167
7308
7165
7168
7169
7170
7309
7171
7310
7169
7172
7173
7174
7311
7175
7312
7173
7176
7177
7178
7313
7179
7314
7177
7180
7181
7182
7315
7183
7316
7181
7184
7185
7186
7317
7187
7318
7185
7188
7189
7190
7319
7191
7320
7189
7192
7193
7194
7321
7195
7322
7193
7196
7197
7198
7323
7199
7324
7197
7200
7201
7202
7325
7203
7326
7201
7204
7205
7206
7327
7207
7328
7205
7208
7209
7210
7329
7211
7330
7209
7212
7213
7214
7331
7215
7332
7213
7216
7217
7218
7333
7219
7334
7217
7220
7221
7222
7335
7223
7336
7221
7224
7225
7226
7337
7227
7338
7225
7228
7229
7230
7339
7231
7340
7229
7232
7233
7234
7341
7235
7342
7233
7236
7237
7238
7343
7239
7344
7237
7240
7241
7242
7345
7243
7346
7241
7244
7245
7246
7347
7247
7348
7245
7248
7249
7250
7349
7251
7350
7249
7252
7253
7254
7351
7255
7352
7253
7256
7353
7257
7354
7258
7355
7259
7356
7260
7357
7261
7358
7262
7359
7263
7360
7264
7361
7265
7362
7266
7363
7267
7364
7268
7365
7269
7366
7270
7367
7271
7368
7272
7369
7273
7370
7274
7371
7275
7372
7276
7373
7277
7374
7278
7375
7279
7376
7280
7377
7281
7378
7282
7379
7283
7380
7284
7381
7285
7382
7286
7383
7287
7384
7288
7385
7289
7386
7297
7387
7290
7388
7291
7389
7292
7390
7293
7391
7294
7392
7295
7393
7296
7394
7297
7395
7396
7300
7397
7301
7398
7302
7399
7303
7400
7304
7401
7305
7402
7306
7403
7307
7404
7308
7405
7309
7406
7310
7407
7311
7408
7312
7409
7313
7410
7314
7411
7315
7412
7316
7413
7317
7414
7318
7415
7319
7416
7320
7417
7321
7418
7322
7419
7323
7420
7324
7421
7325
7422
7326
7423
7327
7424
7328
7425
7329
7426
7330
7427
7331
7428
7332
7429
7333
7430
7334
7431
7335
7432
7336
7433
7337
7434
7338
7435
7339
7436
7340
7437
7341
7438
7342
7439
7343
7440
7344
7441
7345
7442
7346
7443
7347
7444
7348
7445
7349
7446
7350
7447
7351
7448
7352
7449
7353
7450
7354
7451
7355
7452
7356
7453
7357
7454
7358
7455
7359
7456
7360
7457
7361
7458
7362
7459
7363
7460
7364
7461
7365
7462
7366
7463
7367
7464
7368
7465
7369
7466
7370
7467
7371
7468
7372
7469
7373
7470
7374
7471
7375
7472
7376
7473
7377
7474
7378
7475
7379
7476
7380
7477
7381
7478
7382
7479
7383
7480
7384
7481
7385
7482
7386
7483
7387
7484
7388
7485
7396
7486
7389
7487
7390
7488
7391
7489
7392
7490
7393
7491
7394
7492
7395
7493
7396
7494
7495
7399
7496
7400
7497
7401
7498
7402
7499
7403
7500
7404
7501
7405
7502
7406
7503
7407
7504
7408
7505
7409
7506
7410
7507
7411
7508
7412
7509
7413
7510
7414
7511
7415
7512
7416
7513
7417
7514
7418
7515
7419
7516
7420
7517
7421
7518
7422
7519
7423
7520
7424
7521
7425
7522
7426
7523
7427
7524
7428
7525
7429
7526
7430
7527
7431
7528
7432
7529
7433
7530
7434
7531
7435
7532
7436
7533
7437
7534
7438
7535
7439
7536
7440
7537
7441
7538
7442
7539
7443
7540
7444
7541
7445
7542
7446
7543
7447
7544
7448
7545
7449
7546
7450
7547
7451
7548
7452
7549
7453
7550
7454
7551
7455
7552
7456
7553
7457
7554
7458
7555
7459
7556
7460
7557
7461
7558
7462
7559
7463
7560
7464
7561
7465
7562
7466
7563
7467
7564
7468
7565
7469
7566
7470
7567
7471
7568
7472
7569
7473
7570
7474
7571
7475
7572
7476
7573
7477
7574
7478
7575
7479
7576
7480
7577
7481
7578
7482
7579
7483
7580
7484
7581
7485
7582
7486
7583
7487
7584
7495
7585
7488
7586
7489
7587
7490
7588
7491
7589
7492
7590
7493
7591
7494
7592
7495
7593
7594
7498
7595
7499
7596
7500
7597
7501
7598
7502
7599
7503
7600
7504
7601
7505
7602
7506
7603
7507
7604
7508
7605
7509
7606
7510
7607
7511
7608
7512
7609
7513
7610
7514
7611
7515
7612
7516
7613
7517
7614
7518
7615
7519
7616
7520
7617
7521
7618
7522
7619
7523
7620
7524
7621
7525
7622
7526
7623
7527
7624
7528
7625
7529
7626
7530
7627
7531
7628
7532
7629
7533
7630
7534
7631
7535
7632
7536
7633
7537
7634
7538
7635
7539
7636
7540
7637
7541
7638
7542
7639
7543
7640
7544
7641
7545
7642
7546
7643
7547
7644
7548
7645
7549
7646
7550
7647
7551
7648
7552
7649
7553
7650
7554
7651
7555
7652
7556
7653
7557
7654
7558
7655
7559
7656
7560
7657
7561
7658
7562
7659
7563
7660
7564
7661
7565
7662
7566
7663
7567
7664
7568
7665
7569
7666
7570
7667
7571
7668
7572
7669
7573
7670
7574
7671
7575
7672
7576
7673
7577
7674
7578
7675
7579
7676
7580
7677
7581
7678
7582
7679
7583
7680
7584
7681
7585
7682
7586
7683
7594
7684
7587
7685
7588
7686
7589
7687
7590
7688
7591
7689
7592
7690
7593
7691
7594
7692
7693
7597
7694
7598
7695
7599
7696
7600
7697
7601
7698
7602
7699
7603
7700
7604
7701
7605
7702
7606
7703
7607
7704
7608
7705
7609
7706
7610
7707
7611
7708
7612
7709
7613
7710
7614
7711
7615
7712
7616
7713
7617
7714
7618
7715
7619
7716
7620
7717
7621
7718
7622
7719
7623
7720
7624
7721
7625
7722
7626
7723
7627
7724
7628
7725
7629
7726
7630
7727
7631
7728
7632
7729
7633
7730
7634
7731
7635
7732
7636
7733
7637
7734
7638
7735
7639
7736
7640
7737
7641
7738
7642
7739
7643
7740
7644
7741
7645
7742
7646
7743
7647
7744
7648
7745
7649
7746
7650
7747
7651
7748
7652
7749
7653
7750
7654
7751
7655
7752
7656
7753
7657
7754
7658
7755
7659
7756
7660
7757
7661
7758
7662
7759
7663
7760
7664
7761
7665
7762
7666
7763
7667
7764
7668
7765
7669
7766
7670
7767
7671
7768
7672
7769
7673
7770
7674
7771
7675
7772
7676
7773
7677
7774
7678
7775
7679
7776
7680
7777
7681
7778
7682
7779
7683
7780
7684
7781
7685
7782
7693
7783
7686
7784
7687
7785
7688
7786
7689
7787
7690
7788
7691
7789
7692
7790
7693
7791
7792
7696
7793
7697
7801
7698
7802
7699
7810
7700
7811
7701
7819
7702
7820
7703
7828
7704
7829
7705
7837
7706
7838
7707
7846
7708
7847
7709
7855
7710
7856
7711
7864
7712
7865
7713
7873
7714
7874
7715
7882
7716
7883
7717
7891
7718
7892
7719
7900
7720
7901
7721
7909
7722
7910
7723
7918
7724
7919
7725
7927
7726
7928
7727
7936
7728
7937
7729
7945
7730
7946
7731
7954
7732
7955
7733
7963
7734
7964
7735
7972
7736
7973
7737
7981
7738
7982
7739
7990
7740
7991
7741
7999
7742
8000
7743
8008
7744
8009
7745
8017
7746
8018
7747
8026
7748
8027
7749
8035
7750
8036
7751
8044
7752
8045
7753
8053
7754
8054
7755
8062
7756
8063
7757
8071
7758
8072
7759
8080
7760
8081
7761
8089
7762
8090
7763
8098
7764
8099
7765
8107
7766
8108
7767
8116
7768
8117
7769
8125
7770
8126
7771
8134
7772
8135
7773
8143
7774
8144
7775
8152
7776
8153
7777
8161
7778
8162
7779
8170
7780
8171
7781
8179
7782
8180
7783
8188
7784
8189
7792
8197
7785
8198
7786
8199
7787
8200
7788
8201
7789
8202
7790
8203
7791
8204
7792
8205
8206
7794
7802
7795
7803
7796
7804
7797
7805
7798
7806
7799
7807
7800
7808
7801
7809
7810
7803
7811
7804
7812
7805
7813
7806
7814
7807
7815
7808
7816
7809
7817
7810
7818
7819
7812
7820
7813
7821
7814
7822
7815
7823
7816
7824
7817
7825
7818
7826
7819
7827
7828
7821
7829
7822
7830
7823
7831
7824
7832
7825
7833
7826
7834
7827
7835
7828
7836
7837
7830
7838
7831
7839
7832
7840
7833
7841
7834
7842
7835
7843
7836
7844
7837
7845
7846
7839
7847
7840
7848
7841
7849
7842
7850
7843
7851
7844
7852
7845
7853
7846
7854
7855
7848
7856
7849
7857
7850
7858
7851
7859
7852
7860
7853
7861
7854
7862
7855
7863
7864
7857
7865
7858
7866
7859
7867
7860
7868
7861
7869
7862
7870
7863
7871
7864
7872
7873
7866
7874
7867
7875
7868
7876
7869
7877
7870
7878
7871
7879
7872
7880
7873
7881
7882
7875
7883
7876
7884
7877
7885
7878
7886
7879
7887
7880
7888
7881
7889
7882
7890
7891
7884
7892
7885
7893
7886
7894
7887
7895
7888
7896
7889
7897
7890
7898
7891
7899
7900
7893
7901
7894
7902
7895
7903
7896
7904
7897
7905
7898
7906
7899
7907
7900
7908
7909
7902
7910
7903
7911
7904
7912
7905
7913
7906
7914
7907
7915
7908
7916
7909
7917
7918
7911
7919
7912
7920
7913
7921
7914
7922
7915
7923
7916
7924
7917
7925
7918
7926
7927
7920
7928
7921
7929
7922
7930
7923
7931
7924
7932
7925
7933
7926
7934
7927
7935
7936
7929
7937
7930
7938
7931
7939
7932
7940
7933
7941
7934
7942
7935
7943
7936
7944
7945
7938
7946
7939
7947
7940
7948
7941
7949
7942
7950
7943
7951
7944
7952
7945
7953
7954
7947
7955
7948
7956
7949
7957
7950
7958
7951
7959
7952
7960
7953
7961
7954
7962
7963
7956
7964
7957
7965
7958
7966
7959
7967
7960
7968
7961
7969
7962
7970
7963
7971
7972
7965
7973
7966
7974
7967
7975
7968
7976
7969
7977
7970
7978
7971
7979
7972
7980
7981
7974
7982
7975
7983
7976
7984
7977
7985
7978
7986
7979
7987
7980
7988
7981
7989
7990
7983
7991
7984
7992
7985
7993
7986
7994
7987
7995
7988
7996
7989
7997
7990
7998
7999
7992
8000
7993
8001
7994
8002
7995
8003
7996
8004
7997
8005
7998
8006
7999
8007
8008
8001
8009
8002
8010
8003
8011
8004
8012
8005
8013
8006
8014
8007
8015
8008
8016
8017
8010
8018
8011
8019
8012
8020
8013
8021
8014
8022
8015
8023
8016
8024
8017
8025
8026
8019
8027
8020
8028
8021
8029
8022
8030
8023
8031
8024
8032
8025
8033
8026
8034
8035
8028
8036
8029
8037
8030
8038
8031
8039
8032
8040
8033
8041
8034
8042
8035
8043
8044
8037
8045
8038
8046
8039
8047
8040
8048
8041
8049
8042
8050
8043
8051
8044
8052
8053
8046
8054
8047
8055
8048
8056
8049
8057
8050
8058
8051
8059
8052
8060
8053
8061
8062
8055
8063
8056
8064
8057
8065
8058
8066
8059
8067
8060
8068
8061
8069
8062
8070
8071
8064
8072
8065
8073
8066
8074
8067
8075
8068
8076
8069
8077
8070
8078
8071
8079
8080
8073
8081
8074
8082
8075
8083
8076
8084
8077
8085
8078
8086
8079
8087
8080
8088
8089
8082
8090
8083
8091
8084
8092
8085
8093
8086
8094
8087
8095
8088
8096
8089
8097
8098
8091
8099
8092
8100
8093
8101
8094
8102
8095
8103
8096
8104
8097
8105
8098
8106
8107
8100
8108
8101
8109
8102
8110
8103
8111
8104
8112
8105
8113
8106
8114
8107
8115
8116
8109
8117
8110
8118
8111
8119
8112
8120
8113
8121
8114
8122
8115
8123
8116
8124
8125
8118
8126
8119
8127
8120
8128
8121
8129
8122
8130
8123
8131
8124
8132
8125
8133
8134
8127
8135
8128
8136
8129
8137
8130
8138
8131
8139
8132
8140
8133
8141
8134
8142
8143
8136
8144
8137
8145
8138
8146
8139
8147
8140
8148
8141
8149
8142
8150
8143
8151
8152
8145
8153
8146
8154
8147
8155
8148
8156
8149
8157
8150
8158
8151
8159
8152
8160
8161
8154
8162
8155
8163
8156
8164
8157
8165
8158
8166
8159
8167
8160
8168
8161
8169
8170
8163
8171
8164
8172
8165
8173
8166
8174
8167
8175
8168
8176
8169
8177
8170
8178
8179
8172
8180
8173
8181
8174
8182
8175
8183
8176
8184
8177
8185
8178
8186
8179
8187
8188
8181
8189
8182
8190
8183
8191
8184
8192
8185
8193
8186
8194
8187
8195
8188
8196
8197
8190
8198
8191
8199
8192
8200
8193
8201
8194
8202
8195
8203
8196
8204
8197
8205
8206
8199
8200
8201
8202
8203
8204
8205
8206
)


// ************************************************************************* //
