/*--------------------------------*- C++ -*----------------------------------*\
| =========                 |                                                 |
| \\      /  F ield         | OpenFOAM: The Open Source CFD Toolbox           |
|  \\    /   O peration     | Version:  2606                                  |
|   \\  /    A nd           | Website:  www.openfoam.com                      |
|    \\/     M anipulation  |                                                 |
\*---------------------------------------------------------------------------*/
FoamFile
{
    version     2.0;
    format      ascii;
    arch        "LSB;label=32;scalar=64";
    class       cellSet;
    location    "constant/Trenton_3U_BAM_2/polyMesh/sets";
    object      cellDeterminant;
}
// * * * * * * * * * * * * * * * * * * * * * * * * * * * * * * * * * * * * * //


5180
(
8199
8200
8209
17
8210
18
19
20
21
22
23
24
25
26
8219
27
8220
28
29
30
33
34
35
36
8229
37
8230
38
8231
39
8232
40
41
42
43
44
45
46
8239
8240
49
50
51
52
53
54
8247
55
8248
56
57
58
59
60
61
62
8255
8256
65
66
67
68
69
70
8263
71
8264
72
73
74
75
76
77
78
8271
8272
81
82
83
84
85
86
8279
87
8280
88
89
90
91
92
93
94
8287
8288
8289
97
8290
98
8291
99
100
8293
101
8294
102
103
104
8297
105
8298
106
8299
107
8300
108
109
8302
110
8303
8304
8305
113
8306
114
8307
115
8308
116
8309
117
8310
118
8311
119
8312
120
8313
121
8314
122
8315
123
8316
124
125
126
129
130
131
132
8325
133
8326
134
135
136
137
138
139
140
141
142
8335
8336
145
146
147
148
149
150
151
152
8345
153
8346
154
155
156
157
158
161
162
8355
163
8356
164
165
166
167
168
169
170
171
172
8365
173
8366
174
177
178
179
180
181
182
8375
183
8376
184
185
186
187
188
189
190
8385
193
8386
194
195
196
197
198
199
200
201
202
8395
203
8396
204
205
206
209
210
211
212
8405
213
8406
214
215
216
217
218
219
220
221
222
8415
8416
225
226
227
228
229
230
231
232
8425
233
8426
234
235
236
237
238
241
242
8435
243
8436
244
245
246
247
248
249
250
251
252
8445
253
8446
254
257
258
259
260
261
262
8455
263
8456
264
265
266
267
268
269
270
8465
273
8466
274
275
276
277
278
279
280
281
282
8475
283
8476
284
285
286
289
290
291
292
8485
293
8486
294
295
296
297
298
299
300
301
302
8495
8496
305
306
307
308
309
310
311
312
8505
313
8506
314
8507
315
8508
316
317
318
321
322
8515
323
8516
324
325
326
327
328
329
330
8523
331
8524
332
333
334
337
338
8531
339
8532
340
341
342
343
344
345
346
8539
347
8540
348
349
350
353
354
8547
355
8548
356
357
358
359
360
361
362
8555
363
8556
364
365
366
369
370
8563
371
8564
372
8565
373
8566
374
8567
375
376
8569
377
8570
378
379
380
8573
381
8574
382
8575
8576
385
8578
386
8579
387
8580
388
8581
389
8582
390
8583
391
8584
392
8585
393
8586
394
8587
395
8588
396
8589
397
8590
398
8591
8592
401
402
403
404
405
406
407
408
8601
409
8602
410
411
412
413
414
417
418
8611
419
8612
420
421
422
423
424
425
426
427
428
8621
429
8622
430
433
434
435
436
437
438
8631
439
8632
440
441
442
443
444
445
446
8641
449
8642
450
451
452
453
454
455
456
457
458
8651
459
8652
460
461
462
465
466
467
468
8661
469
8662
470
471
472
473
474
475
476
477
478
8671
8672
481
482
483
484
485
486
487
488
8681
489
8682
490
491
492
493
494
497
498
8691
499
8692
500
501
502
503
504
505
506
507
508
8701
509
8702
510
513
514
515
516
517
518
8711
519
8712
520
521
522
523
524
525
526
8721
529
8722
530
531
532
533
534
535
536
537
538
8731
539
8732
540
541
542
545
546
547
548
8741
549
8742
550
551
552
553
554
555
556
557
558
8751
8752
561
562
563
564
565
566
567
568
8761
569
8762
570
571
572
573
574
577
578
8771
579
8772
580
581
582
583
584
585
586
587
588
8781
589
8782
590
8783
8784
8791
8792
8799
8800
609
610
611
612
613
614
8807
615
8808
616
617
618
619
620
621
622
8815
8816
624
625
626
627
628
629
630
8823
631
8824
632
633
634
635
636
637
638
8831
639
8832
640
641
642
643
644
645
646
8839
647
8840
648
8841
649
8842
650
8843
651
652
8845
653
8846
654
655
656
8849
657
8850
658
8851
659
8852
660
661
8854
662
8855
663
8856
664
8857
665
8858
666
8859
667
8860
668
8861
669
8862
670
8863
671
8864
672
8865
673
8866
674
8867
675
8868
676
677
678
679
680
681
682
683
684
8877
685
8878
686
687
688
689
690
691
692
693
694
8887
695
8888
697
698
699
700
701
702
703
704
8897
705
8898
706
707
708
709
710
713
714
8907
715
8908
716
718
719
720
721
722
723
724
8917
725
8918
726
727
728
729
730
731
732
733
734
8927
735
8928
736
737
738
739
740
741
742
743
744
8937
745
8938
746
747
748
749
750
751
752
753
754
8947
755
8948
756
757
758
759
760
761
762
763
764
8957
765
8958
766
767
768
769
770
771
772
773
774
8967
775
8968
776
777
778
779
780
781
782
783
784
8977
785
8978
786
787
788
789
791
792
8987
795
8988
796
797
798
800
801
802
803
804
8997
805
8998
806
807
808
809
810
811
812
813
814
9007
815
9008
816
817
818
819
820
821
822
823
824
9017
825
9018
826
827
828
829
830
831
832
833
834
9027
835
9028
836
837
838
839
840
841
842
843
844
9037
845
9038
846
847
848
849
850
851
852
853
854
9047
855
9048
856
857
858
859
860
861
862
863
864
9057
865
9058
866
9059
867
9060
868
869
870
871
873
874
9067
9068
877
878
879
880
882
9075
883
9076
884
885
886
887
888
889
890
9083
891
9084
892
893
894
895
896
897
898
9091
899
9092
900
901
902
903
904
905
906
9099
907
9100
908
909
910
911
912
913
914
9107
915
9108
916
917
918
919
920
921
922
9115
923
9116
924
9117
925
9118
926
9119
927
928
9121
929
9122
930
931
932
9125
933
9126
934
9127
935
9128
936
937
9130
938
9131
939
9132
940
9133
941
9134
942
9135
943
9136
944
9137
945
9138
946
9139
947
9140
948
9141
949
9142
950
9143
951
9144
952
953
955
956
959
960
9153
961
9154
962
964
965
966
967
968
969
970
9163
971
9164
972
973
974
975
976
977
978
979
980
9173
981
9174
982
983
984
985
986
987
988
989
990
9183
991
9184
992
993
994
995
996
997
998
999
1000
9193
1001
9194
1002
1003
1004
1005
1006
1007
1008
1009
1010
9203
1011
9204
1012
1013
1014
1015
1016
1017
1018
9213
9214
1023
1024
1029
1030
9223
9224
1035
1036
9233
1041
9234
1042
1047
1048
9243
9244
1053
1054
1055
1056
1057
1058
1059
9253
1061
9254
1062
1065
1066
1067
1068
1070
9263
1071
9264
1072
1073
1074
1075
1076
1077
1078
1079
1080
9273
1081
9274
1082
1083
1084
1085
1086
1087
1088
1089
1090
9283
1091
9284
1092
1093
1094
1095
1096
1097
1098
1099
1100
9293
1101
9294
1102
1103
1104
1105
1106
1107
1108
1109
1110
9303
1111
9304
1112
1113
1114
1115
1116
1117
1118
1119
1120
9313
1121
9314
1122
1123
1124
1129
1130
9323
9324
1135
1136
9333
1141
9334
1142
9335
9336
1147
1148
9343
9344
1153
1154
9351
1159
9352
1160
1161
1162
1163
1164
1165
9359
1167
9360
1168
1171
1172
1173
1174
9367
9368
1176
1177
1178
1179
1180
1181
1182
9375
1183
9376
1184
1185
1186
1187
1188
1189
1190
9383
1191
9384
1192
1193
1194
1195
1196
1197
1198
9391
1199
9392
1200
9393
1201
9394
1202
9395
1203
1204
9397
1205
9398
1206
1207
1208
9401
1209
9402
1210
9403
1211
9404
1212
1213
9406
1214
9407
1215
9408
1216
9409
1217
9410
1218
9411
1219
9412
1220
9413
1221
9414
1222
9415
1223
9416
1224
9417
1225
9418
1226
9419
1227
9420
1228
1229
1230
1235
1236
9429
9430
1241
1242
9439
1247
9440
1248
1253
1254
9449
9450
1259
1260
1261
1264
1265
1266
9459
1267
9460
1268
1269
1270
1271
1273
1274
9469
1277
9470
1278
1279
1280
1282
1283
1284
1285
1286
9479
1287
9480
1288
1289
1290
1291
1292
1293
1294
1295
1296
9489
1297
9490
1298
1303
1304
9499
9500
1309
1310
1315
1316
9509
9510
1321
1322
9519
1327
9520
1328
1333
1334
9529
9530
1339
1340
1345
1346
9539
9540
1351
1352
9549
1357
9550
1358
1363
1364
9559
9560
1369
1370
1375
1376
9569
9570
1381
1382
9579
1387
9580
1388
1393
1394
9589
9590
1399
1400
1401
1402
1403
1404
9599
9600
1409
1410
1415
1416
9609
9610
9611
9612
1421
1422
9619
1427
9620
1428
1433
1434
9627
9628
1439
1440
1441
1442
9635
1443
9636
1444
1445
1447
1448
9643
1451
9644
1452
1453
1454
1456
1457
1458
9651
1459
9652
1460
1461
1462
1463
1464
1465
1466
9659
1467
9660
1468
1469
1470
1471
1472
9667
9668
9669
1477
9670
1478
9671
9673
9674
1483
1484
9677
9678
9679
9680
1489
9682
1490
9683
9684
9685
9686
9687
1495
9688
1496
9689
9690
9691
9692
9693
1501
9694
1502
9695
9696
9697
9698
9699
1507
9700
1508
9701
9702
9703
9704
9705
1513
9706
1514
9707
9708
9709
9710
9711
1519
9712
1520
9713
9714
9715
9716
9717
1525
9718
1526
9719
9720
9721
9722
9723
1531
9724
1532
9725
9726
9727
9728
9729
1537
9730
1538
9731
9732
9733
9734
9735
1543
9736
1544
9737
9738
9739
9740
9741
1549
9742
1550
9743
9744
9745
9746
9747
1555
9748
1556
9749
9750
9751
9752
9753
1561
1562
9755
9756
9759
1567
9760
1568
9761
9762
9764
9765
1573
9766
1574
9767
1575
9768
1576
9769
1577
9770
1578
9771
9772
9773
9774
9775
1583
9776
1584
9777
9778
9779
9780
9781
1589
9782
1590
9783
9784
9785
9786
9787
1595
9788
1596
9789
9790
9791
9792
9793
1601
9794
1602
9795
9796
9797
9798
9799
1607
9800
1608
9801
9802
9803
9804
9805
1613
9806
1614
9807
1615
9808
1616
9809
1617
9810
1618
9811
1619
9812
9813
1621
9814
1622
9815
9816
9817
1625
9818
1626
9819
1627
9820
1628
9821
9822
1630
9823
1631
9824
1632
9825
1633
9826
1634
9827
1635
9828
1636
9829
1637
9830
1638
9831
1639
9832
1640
9833
1641
9834
1642
9835
1643
1644
9837
1645
9838
1646
9841
9842
9843
1651
9844
1652
9845
9846
9847
9848
9849
1657
9850
1658
9851
9852
9853
9854
1663
9856
1664
9857
9858
9859
9860
9861
1669
9862
1670
9863
9864
9865
9866
9867
1675
9868
1676
9869
9870
9871
9872
9873
1681
9874
1682
9875
9876
9877
9878
9879
1687
9880
1688
9881
9882
9883
9884
9885
1693
9886
1694
9887
9888
9889
9890
9891
1699
9892
1700
9893
9894
9895
9896
9897
1705
9898
1706
9899
9900
9901
9902
9903
1711
9904
1712
9905
9906
9907
9908
9909
1717
9910
1718
9911
9912
9913
9914
9915
1723
9916
1724
9917
9918
9919
9920
9921
1729
9922
1730
9923
9924
9925
9926
9927
1735
1736
9929
9930
9931
9932
9933
1741
9934
1742
9935
9936
9937
9938
9939
1747
9940
1748
9941
1749
9942
1750
1751
1752
9945
9946
9947
9948
9949
1757
9950
1758
9951
9952
9953
9954
9955
1763
9956
1764
9957
9958
9960
9961
1769
9962
1770
9963
9964
9965
9966
9967
1775
9968
1776
9969
9970
9971
9972
9973
1781
9974
1782
9975
9976
9977
9978
9979
1787
9980
1788
9981
1789
9982
1790
9983
1791
9984
1792
9985
1793
9986
9987
1795
9988
1796
9989
9990
9991
1799
9992
1800
9993
1801
9994
1802
9995
9996
1804
9997
1805
9998
1806
9999
1807
10000
1808
10001
1809
10002
1810
10003
1811
10004
1812
10005
1813
10006
1814
10007
1815
10008
1816
10009
1817
10010
1818
10011
1819
10012
1820
10013
10014
10015
10016
10017
1825
10018
1826
10019
10020
10021
10022
10023
1831
10024
1832
10025
10026
10027
10028
10029
1837
10030
1838
10031
10033
10034
10035
1843
10036
1844
10037
10038
10039
10040
10041
1849
10042
1850
10043
10044
10045
10046
1855
1856
10049
10050
10051
10052
10053
1861
10054
1862
10055
10056
10057
10058
10059
1867
10060
1868
10061
10062
10064
10065
1873
10066
1874
10067
10068
10069
10070
10071
1879
10072
1880
10073
10074
10075
10076
10077
1885
10078
1886
10079
10080
10081
10082
10083
1891
10084
1892
10085
10086
10087
10088
10089
1897
10090
1898
10091
10092
10093
10094
10095
1903
10096
1904
10097
10098
10099
10100
10101
1909
10102
1910
10103
10104
10105
10106
10107
1915
10108
1916
10109
10110
10111
10112
10113
1921
10114
1922
10115
1923
10116
1924
10117
1925
10118
1926
10119
10120
10121
10122
10123
1931
10124
1932
10125
10126
10127
10128
10129
1937
10130
1938
10131
10132
10133
10134
10135
1943
1944
10137
10138
10139
10140
10141
1949
10142
1950
10143
10144
10145
10146
10147
1955
10148
1956
10149
10150
10153
1961
10154
1962
10155
1963
10156
1964
10157
1965
10158
1966
10159
1967
10160
10161
1969
10162
1970
10163
10164
10165
1973
10166
1974
1975
10168
1976
10169
10170
1978
10171
1979
10172
1980
10173
1981
10174
1982
10175
1983
10176
1984
10177
1985
10178
1986
10179
1987
10180
1988
10181
1989
10182
1990
10183
1991
10184
1992
10185
1993
10186
1994
10187
10188
10189
10190
10191
1999
10192
2000
10193
10194
10195
10196
10197
2005
10198
2006
10199
10200
10201
10202
10203
2011
10204
2012
10205
10206
10207
10208
10209
2017
10210
2018
10211
10212
10213
10214
10215
2023
10216
2024
10217
10218
10219
10220
10221
2029
10222
2030
10223
10224
10225
10226
10227
2035
10228
2036
10229
10230
10231
10232
10233
2041
10234
2042
10235
10236
10237
10238
10239
2047
2048
10241
10242
10243
10244
10245
2053
10246
2054
10247
10248
10249
10250
10251
2059
10252
2060
10253
10254
2065
2066
2071
2072
2077
2078
10273
10274
10275
2083
10276
2084
10277
10278
10279
10280
10281
2089
10282
2090
10283
10284
10285
10286
2095
2096
10289
2097
10290
2098
10291
2099
10292
2100
10293
10294
10295
10296
10297
2105
10298
2106
10299
10300
10301
10302
2111
2112
10305
10306
10307
10308
10309
2117
10310
2118
10311
10312
10313
10314
10315
2123
10316
2124
10317
10318
10321
2129
10322
2130
10323
10324
10325
10326
10327
2135
10328
2136
10329
2137
10330
2138
10331
2139
10332
2140
10333
2141
10334
2143
2144
10337
10338
10339
2147
10340
2148
10341
2149
10342
2150
10343
10344
2152
10345
2153
10346
2154
10347
2155
10348
2156
10349
2157
10350
2158
2159
2160
10353
2161
10354
2162
10355
2163
10356
2164
10357
2165
10358
2166
10359
2167
10360
2168
10361
10362
10363
10364
10365
2173
10366
2174
10369
10370
10371
2179
10372
2180
10373
10374
10375
10376
10377
2185
10378
2186
10379
10380
10381
10382
2191
2192
10385
10386
10387
10388
10389
2197
10390
2198
10391
10392
10393
10394
10395
2203
10396
2204
10397
10398
10401
2209
10402
2210
10403
10404
10405
10406
10407
2215
10408
2216
10409
10410
10411
10412
10413
2221
10414
2222
10417
10418
10419
2227
10420
2228
10421
10422
10423
10424
10425
2233
10426
2234
10427
10428
10429
10430
2239
2240
10433
10434
10435
10436
10437
2245
10438
2246
10439
10440
10441
10442
10443
2251
10444
2252
10445
10446
10449
2257
10450
2258
10451
10452
10453
10454
10455
2263
10456
2264
10457
10458
10459
10460
10461
2269
10462
2270
2271
2272
10465
2273
10466
2274
10467
10468
10469
10470
10471
2279
10472
2280
10473
10474
10475
10476
10477
2285
10478
2286
10481
10482
10483
2291
10484
2292
10485
10486
10487
10488
10489
2297
10490
2298
10491
10492
10493
10494
2303
2304
10497
10498
10499
10500
10501
2309
10502
2310
10503
2311
10504
2312
10505
2313
10506
2314
10507
2315
10508
10509
2317
10510
2318
10513
2321
10514
2322
10515
2323
10516
2324
10517
10518
2326
10519
2327
10520
2328
10521
2329
10522
2330
10523
2331
10524
2332
10525
2333
10526
2334
2335
2336
10529
2337
10530
2338
10531
2339
10532
2340
10533
2341
10534
2342
10535
10536
10537
10538
10539
2347
10540
2348
10541
10542
10545
2353
10546
2354
10547
10548
10549
10550
10551
2359
10552
2360
10553
10554
10555
10556
10557
2365
10558
2366
10561
10562
10563
2371
10564
2372
10565
10566
10567
10568
10569
2377
10570
2378
10571
10572
10573
10574
2383
2384
10577
10578
10579
10580
10581
2389
10582
2390
10583
10584
10585
10586
10587
2395
10588
2396
10589
10590
10593
2401
10594
2402
10595
10596
10597
10598
10599
2407
10600
2408
10601
10602
10603
10604
10605
2413
10606
2414
10609
10610
10611
2419
10612
2420
10613
10614
10615
10616
10617
2425
10618
2426
10619
10620
10621
10622
2431
2432
10625
10626
10627
10628
10629
2437
10630
2438
10631
10632
10633
10634
10635
2443
10636
2444
10637
2445
10638
2446
2447
2448
10641
10642
10643
10644
10645
2453
10646
2454
10647
10648
10649
10650
10651
2459
10652
2460
10653
10654
10657
2465
10658
2466
10659
10660
10661
10662
10663
2471
10664
2472
10665
10666
10667
10668
10669
2477
10670
2478
10673
10674
10675
2483
10676
2484
10677
2485
10678
2486
10679
2487
10680
2488
10681
2489
10682
10683
2491
10684
2492
10685
10686
2495
2496
10689
2497
10690
2498
10691
10692
2500
10693
2501
10694
2502
10695
2503
10696
2504
10697
2505
10698
2506
10699
2507
10700
2508
10701
2509
10702
2510
2511
2512
10705
2513
10706
2514
10707
2515
10708
2516
10709
10710
10711
10712
10713
2521
10714
2522
10715
10716
10717
10718
2527
2528
10721
10722
10723
10724
10725
2533
10726
2534
10727
10728
10729
10730
10731
2539
10732
2540
10733
10734
10737
2545
10738
2546
10739
10740
10741
10742
10743
2551
10744
2552
10745
10746
10747
10748
10749
2557
10750
2558
10753
10754
10755
2563
10756
2564
10757
10758
10759
10760
10761
2569
10762
2570
10763
10764
10765
10766
2575
2576
10769
10770
10771
10772
10773
2581
10774
2582
10775
10776
10777
10778
10779
2587
10780
2588
10781
10782
10785
2593
10786
2594
10787
10788
10789
10790
10791
2599
10792
2600
10793
10794
10795
10796
10797
2605
10798
2606
10801
10802
10803
2611
10804
2612
10805
10806
10807
10808
10809
2617
10810
2618
10811
2619
10812
2620
10813
2621
10814
2622
10817
10818
10819
2627
10820
2628
10821
10822
10823
10824
10825
2633
10826
2634
10827
10828
10829
10830
2639
2640
10833
10834
10835
10836
10837
2645
10838
2646
10839
10840
10841
10842
10843
2651
10844
2652
10845
10846
2657
2658
2659
2660
2661
2662
2663
2665
2666
2669
2670
2671
2672
2674
2675
2676
2677
2678
2679
2680
2681
2682
2683
2684
2685
2686
2687
2688
2689
2690
2695
2696
2701
2702
2707
2708
2713
2714
2719
2720
2725
2726
2731
2732
2737
2738
2743
2744
2749
2750
2755
2756
2761
2762
2767
2768
2773
2774
2779
2780
2785
2786
2791
2792
2793
2794
2795
2796
2801
2802
2807
2808
2813
2814
2819
2820
2825
2826
2831
2832
2833
2834
2835
2836
2837
2839
2840
2843
2844
2845
2846
2848
2849
2850
2851
2852
2853
2854
2855
2856
2857
2858
2859
2860
2861
2862
2863
2864
2869
2870
2875
2876
2881
2882
2887
2888
2893
2894
2899
2900
2905
2906
2911
2912
2917
2918
2923
2924
2929
2930
2935
2936
2941
2942
2947
2948
2953
2954
2959
2960
2965
2966
2967
2968
2969
2970
2975
2976
2981
2982
2987
2988
2993
2994
2999
3000
3005
3006
3007
3008
3009
3010
3011
3013
3014
3017
3018
3019
3020
3022
3023
3024
3025
3026
3027
3028
3029
3030
3031
3032
3033
3034
3035
3036
3037
3038
3043
3044
3049
3050
3055
3056
3061
3062
3067
3068
3073
3074
3079
3080
3085
3086
3091
3092
3097
3098
3103
3104
3109
3110
3115
3116
3121
3122
3127
3128
3133
3134
3139
3140
3141
3142
3143
3144
3149
3150
3155
3156
3161
3162
3167
3168
3173
3174
3179
3180
3181
3182
3183
3184
3185
3187
3188
3191
3192
3193
3194
3196
3197
3198
3199
3200
3201
3202
3203
3204
3205
3206
3207
3208
3209
3210
3211
3212
3217
3218
3223
3224
3229
3230
3235
3236
3241
3242
3247
3248
3253
3254
3259
3260
3265
3266
3271
3272
3277
3278
3283
3284
3289
3290
3295
3296
3301
3302
3307
3308
3313
3314
3315
3316
3317
3318
3323
3324
3329
3330
3335
3336
3341
3342
3347
3348
3353
3354
3355
3356
3357
3358
3359
3361
3362
3365
3366
3367
3368
3370
3371
3372
3373
3374
3375
3376
3377
3378
3379
3380
3381
3382
3383
3384
3385
3386
3391
3392
3397
3398
3403
3404
3409
3410
3415
3416
3421
3422
3427
3428
3433
3434
3439
3440
3445
3446
3451
3452
3457
3458
3463
3464
3469
3470
3475
3476
3481
3482
3483
3486
3487
3488
3489
3490
3491
3492
3497
3498
3503
3504
3509
3510
3515
3516
3521
3522
3523
3526
3527
3528
3529
3530
3531
3532
3533
3535
3536
3539
3540
3541
3542
3544
3545
3546
3547
3548
3549
3550
3551
3552
3553
3554
3555
3556
3557
3558
3559
3560
3565
3566
3571
3572
3577
3578
3583
3584
3589
3590
3595
3596
3601
3602
3607
3608
3613
3614
3619
3620
3625
3626
3631
3632
3637
3638
3643
3644
3649
3650
3655
3656
3661
3662
3663
3664
3665
3666
3671
3672
3677
3678
3683
3684
3689
3690
3695
3696
3701
3702
3703
3704
3705
3706
3707
3709
3710
3713
3714
3715
3716
3718
3719
3720
3721
3722
3723
3724
3725
3726
3727
3728
3729
3730
3731
3732
3733
3734
3739
3740
3745
3746
3751
3752
3757
3758
3763
3764
3769
3770
3775
3776
3781
3782
3787
3788
3793
3794
3799
3800
3805
3806
3811
3812
3817
3818
3823
3824
3829
3830
3835
3836
3837
3838
3839
3840
3845
3846
3851
3852
3857
3858
3863
3864
3869
3870
3875
3876
3877
3878
3879
3880
3881
3883
3884
3887
3888
3889
3890
3892
3893
3894
3895
3896
3897
3898
3899
3900
3901
3902
3903
3904
3905
3906
3907
3908
3913
3914
3919
3920
3925
3926
3931
3932
3937
3938
3943
3944
3949
3950
3955
3956
3961
3962
3967
3968
3973
3974
3979
3980
3985
3986
3991
3992
3997
3998
4003
4004
4009
4010
4011
4012
4013
4014
4019
4020
4025
4026
4031
4032
4037
4038
4043
4044
4049
4050
4051
4052
4053
4054
4055
4057
4058
4061
4062
4063
4064
4066
4067
4068
4069
4070
4071
4072
4073
4074
4075
4076
4077
4078
4079
4080
4081
4082
4087
4088
4093
4094
4099
4100
4105
4106
4111
4112
4117
4118
4123
4124
4129
4130
4135
4136
4141
4142
4147
4148
4153
4154
4159
4160
4165
4166
4171
4172
4177
4178
4183
4184
4185
4186
4187
4188
4193
4194
4199
4200
4205
4206
4211
4212
4217
4218
4223
4224
4225
4226
4227
4228
4229
4231
4232
4235
4236
4237
4238
4240
4241
4242
4243
4244
4245
4246
4247
4248
4249
4250
4251
4252
4253
4254
4255
4256
4261
4262
4267
4268
4273
4274
4279
4280
4285
4286
4291
4292
4297
4298
4303
4304
4309
4310
4315
4316
4321
4322
4327
4328
4333
4334
4339
4340
4345
4346
4351
4352
4357
4358
4359
4360
4361
4362
4363
4364
4365
4366
4367
4368
4369
4370
4371
4372
4373
4374
4375
4376
4377
4378
4379
4381
4382
4385
4386
4387
4388
4390
4391
4392
4393
4394
4395
4396
4397
4398
4399
4400
4401
4402
4403
4404
4405
4406
4411
4412
4417
4418
4423
4424
4429
4430
4435
4436
4441
4442
4447
4448
4453
4454
4459
4460
4465
4466
4471
4472
4477
4478
4483
4484
4489
4490
4495
4496
4501
4502
4507
4508
4509
4510
4511
4512
4519
4520
4527
4528
4535
4536
4543
4544
4551
4552
4559
4560
4567
4568
4569
4570
4571
4573
4574
4577
4578
4579
4580
4582
4583
4584
4585
4586
4587
4588
4589
4590
4591
4592
4593
4594
4595
4596
4597
4598
4603
4604
4609
4610
4615
4616
4621
4622
4627
4628
4633
4634
4639
4640
4645
4646
4651
4652
4657
4658
4663
4664
4669
4670
4675
4676
4681
4682
4687
4688
4693
4694
4699
4700
4701
4702
4703
4704
4711
4712
4719
4720
4727
4728
4735
4736
4743
4744
4751
4752
4759
4760
4761
4762
4763
4765
4766
4769
4770
4771
4772
4774
4775
4776
4777
4778
4779
4780
4781
4782
4783
4784
4785
4786
4787
4788
4789
4790
4795
4796
4801
4802
4807
4808
4813
4814
4819
4820
4825
4826
4831
4832
4837
4838
4843
4844
4849
4850
4855
4856
4861
4862
4867
4868
4873
4874
4879
4880
4885
4886
4891
4892
4893
4894
4895
4896
4903
4904
4911
4912
4919
4920
4927
4928
4935
4936
4943
4944
4951
4952
4953
4954
4955
4957
4958
4961
4962
4963
4964
4966
4967
4968
4969
4970
4971
4972
4973
4974
4975
4976
4977
4978
4979
4980
4981
4982
4987
4988
4993
4994
4999
5000
5005
5006
5011
5012
5017
5018
5023
5024
5029
5030
5035
5036
5041
5042
5047
5048
5053
5054
5059
5060
5065
5066
5071
5072
5077
5078
5083
5084
5085
5086
5087
5088
5095
5096
5103
5104
5111
5112
5119
5120
5127
5128
5135
5136
5143
5144
5145
5146
5147
5149
5150
5153
5154
5155
5156
5158
5159
5160
5161
5162
5163
5164
5165
5166
5167
5168
5169
5170
5171
5172
5173
5174
5179
5180
5185
5186
5191
5192
5197
5198
5203
5204
5209
5210
5215
5216
5221
5222
5227
5228
5233
5234
5239
5240
5245
5246
5251
5252
5257
5258
5263
5264
5269
5270
5275
5276
5277
5278
5279
5280
5287
5288
5295
5296
5303
5304
5311
5312
5319
5320
5327
5328
5335
5336
5337
5338
5339
5341
5342
5345
5346
5347
5348
5350
5351
5352
5353
5354
5355
5356
5357
5358
5359
5360
5361
5362
5363
5364
5365
5366
5371
5372
5377
5378
5383
5384
5389
5390
5395
5396
5401
5402
5407
5408
5413
5414
5419
5420
5425
5426
5431
5432
5437
5438
5443
5444
5449
5450
5455
5456
5461
5462
5467
5468
5469
5470
5471
5472
5479
5480
5487
5488
5495
5496
5503
5504
5511
5512
5519
5520
5527
5528
5529
5530
5531
5533
5534
5537
5538
5539
5540
5542
5543
5544
5545
5546
5547
5548
5549
5550
5551
5552
5553
5554
5555
5556
5565
5566
5575
5576
5585
5586
5595
5596
5605
5606
5615
5616
5625
5626
5635
5636
5645
5646
5655
5656
5665
5666
5675
5676
5685
5686
5695
5696
5705
5706
5715
5716
5725
5726
5735
5736
5745
5746
5747
5748
5755
5756
5763
5764
5771
5772
5779
5780
5787
5788
5795
5796
5803
5804
5805
5806
5807
5809
5810
5813
5814
5815
5816
5818
5819
5820
5821
5822
5823
5824
5825
5826
5827
5828
5829
5830
5831
5832
5841
5842
5851
5852
5861
5862
5871
5872
5881
5882
5891
5892
5901
5902
5911
5912
5921
5922
5931
5932
5941
5942
5951
5952
5961
5962
5971
5972
5981
5982
5991
5992
6001
6002
6011
6012
6021
6022
6023
6024
6031
6032
6039
6040
6047
6048
6055
6056
6063
6064
6071
6072
6079
6080
6081
6082
6083
6085
6086
6089
6090
6091
6092
6094
6095
6096
6097
6098
6099
6100
6101
6102
6103
6104
6105
6106
6107
6108
6117
6118
6127
6128
6137
6138
6147
6148
6157
6158
6167
6168
6177
6178
6187
6188
6197
6198
6207
6208
6217
6218
6227
6228
6237
6238
6247
6248
6257
6258
6267
6268
6277
6278
6287
6288
6297
6298
6299
6300
6307
6308
6315
6316
6323
6324
6331
6332
6339
6340
6347
6348
6355
6356
6357
6358
6359
6361
6362
6365
6366
6367
6368
6370
6371
6372
6373
6374
6375
6376
6377
6378
6379
6380
6381
6382
6383
6384
6393
6394
6403
6404
6413
6414
6423
6424
6433
6434
6443
6444
6453
6454
6463
6464
6473
6474
6483
6484
6493
6494
6503
6504
6513
6514
6523
6524
6533
6534
6543
6544
6553
6554
6563
6564
6573
6574
6575
6576
6583
6584
6591
6592
6599
6600
6607
6608
6615
6616
6623
6624
6631
6632
6633
6634
6635
6637
6638
6641
6642
6643
6644
6646
6647
6648
6649
6650
6651
6652
6653
6654
6655
6656
6657
6658
6659
6660
6669
6670
6679
6680
6689
6690
6699
6700
6709
6710
6719
6720
6729
6730
6739
6740
6749
6750
6759
6760
6769
6770
6779
6780
6789
6790
6799
6800
6809
6810
6819
6820
6829
6830
6839
6840
6849
6850
6851
6852
6859
6860
6867
6868
6875
6876
6883
6884
6891
6892
6899
6900
6907
6908
6909
6910
6911
6913
6914
6917
6918
6919
6920
6922
6923
6924
6925
6926
6927
6928
6929
6930
6931
6932
6933
6934
6935
6936
6945
6946
6955
6956
6965
6966
6975
6976
6985
6986
6995
6996
7005
7006
7015
7016
7025
7026
7035
7036
7045
7046
7055
7056
7065
7066
7075
7076
7085
7086
7095
7096
7105
7106
7115
7116
7125
7126
7127
7128
7135
7136
7143
7144
7151
7152
7159
7160
7167
7168
7175
7176
7183
7184
7185
7186
7187
7189
7190
7193
7194
7195
7196
7198
7199
7200
7201
7202
7203
7204
7205
7206
7207
7208
7209
7210
7211
7212
7221
7222
7231
7232
7241
7242
7251
7252
7261
7262
7271
7272
7281
7282
7291
7292
7301
7302
7311
7312
7321
7322
7331
7332
7341
7342
7351
7352
7361
7362
7371
7372
7381
7382
7391
7392
7401
7402
7403
7404
7411
7412
7419
7420
7427
7428
7435
7436
7443
7444
7451
7452
7459
7460
7461
7462
7463
7465
7466
7469
7470
7471
7472
7474
7475
7476
7477
7478
7479
7480
7481
7482
7483
7484
7485
7486
7487
7488
7497
7498
7507
7508
7517
7518
7527
7528
7537
7538
7547
7548
7557
7558
7567
7568
7577
7578
7587
7588
7597
7598
7607
7608
7617
7618
7627
7628
7637
7638
7647
7648
7657
7658
7667
7668
7677
7678
7679
7680
7687
7688
7695
7696
7703
7704
7711
7712
7719
7720
7727
7728
7735
7736
7737
7738
7739
7741
7742
7745
7746
7747
7748
7750
7751
7752
7753
7754
7755
7756
7757
7758
7759
7760
7761
7762
7763
7764
7773
7774
7783
7784
7793
7794
7803
7804
7813
7814
7823
7824
7833
7834
7843
7844
7853
7854
7863
7864
7873
7874
7883
7884
7893
7894
7903
7904
7913
7914
7923
7924
7933
7934
7943
7944
7953
7954
7955
7956
7963
7964
7971
7972
7979
7980
7987
7988
7995
7996
8003
8004
8011
8012
8013
8014
8015
8017
8018
8021
8022
8023
8024
8026
8027
8028
8029
8030
8031
8032
8033
8034
8035
8036
8037
8038
8039
8040
8049
8050
8059
8060
8069
8070
8079
8080
8089
8090
8099
8100
8109
8110
8119
8120
8129
8130
8139
8140
8149
8150
8159
8160
8169
8170
8179
8180
8189
8190
)


// ************************************************************************* //
