/*--------------------------------*- C++ -*----------------------------------*\
| =========                 |                                                 |
| \\      /  F ield         | OpenFOAM: The Open Source CFD Toolbox           |
|  \\    /   O peration     | Version:  2606                                  |
|   \\  /    A nd           | Website:  www.openfoam.com                      |
|    \\/     M anipulation  |                                                 |
\*---------------------------------------------------------------------------*/
FoamFile
{
    version     2.0;
    format      ascii;
    arch        "LSB;label=32;scalar=64";
    class       cellSet;
    location    "constant/Trenton_3U_BAM_2/polyMesh/sets";
    object      CPU_and_motherboard_7;
}
// * * * * * * * * * * * * * * * * * * * * * * * * * * * * * * * * * * * * * //


1632
(
4096
4097
4098
4101
4102
4103
4104
4107
4108
4109
4110
4113
4114
4115
4116
4119
4120
4121
4122
4125
4126
4127
4128
4131
4132
4133
4134
4137
4138
4139
4140
4143
4144
4145
4146
4149
4150
4151
4152
4155
4156
4157
4158
4161
4162
4163
4164
4167
4168
4169
4170
4173
4174
4175
4176
4179
4180
4181
4182
4257
4258
4259
4260
4263
4264
4265
4266
4269
4270
4271
4272
4275
4276
4277
4278
4281
4282
4283
4284
4287
4288
4289
4290
4293
4294
4295
4296
4299
4300
4301
4302
4305
4306
4307
4308
4311
4312
4313
4314
4317
4318
4319
4320
4323
4324
4325
4326
4329
4330
4331
4332
4335
4336
4337
4338
4341
4342
4343
4344
4347
4348
4349
4350
4353
4354
4355
4356
4407
4408
4409
4410
4413
4414
4415
4416
4419
4420
4421
4422
4425
4426
4427
4428
4431
4432
4433
4434
4437
4438
4439
4440
4443
4444
4445
4446
4449
4450
4451
4452
4455
4456
4457
4458
4461
4462
4463
4464
4467
4468
4469
4470
4473
4474
4475
4476
4479
4480
4481
4482
4485
4486
4487
4488
4491
4492
4493
4494
4497
4498
4499
4500
4503
4504
4505
4506
4599
4600
4601
4602
4605
4606
4607
4608
4611
4612
4613
4614
4617
4618
4619
4620
4623
4624
4625
4626
4629
4630
4631
4632
4635
4636
4637
4638
4641
4642
4643
4644
4647
4648
4649
4650
4653
4654
4655
4656
4659
4660
4661
4662
4665
4666
4667
4668
4671
4672
4673
4674
4677
4678
4679
4680
4683
4684
4685
4686
4689
4690
4691
4692
4695
4696
4697
4698
4791
4792
4793
4794
4797
4798
4799
4800
4803
4804
4805
4806
4809
4810
4811
4812
4815
4816
4817
4818
4821
4822
4823
4824
4827
4828
4829
4830
4833
4834
4835
4836
4839
4840
4841
4842
4845
4846
4847
4848
4851
4852
4853
4854
4857
4858
4859
4860
4863
4864
4865
4866
4869
4870
4871
4872
4875
4876
4877
4878
4881
4882
4883
4884
4887
4888
4889
4890
4983
4984
4985
4986
4989
4990
4991
4992
4995
4996
4997
4998
5001
5002
5003
5004
5007
5008
5009
5010
5013
5014
5015
5016
5019
5020
5021
5022
5025
5026
5027
5028
5031
5032
5033
5034
5037
5038
5039
5040
5043
5044
5045
5046
5049
5050
5051
5052
5055
5056
5057
5058
5061
5062
5063
5064
5067
5068
5069
5070
5073
5074
5075
5076
5079
5080
5081
5082
5175
5176
5177
5178
5181
5182
5183
5184
5187
5188
5189
5190
5193
5194
5195
5196
5199
5200
5201
5202
5205
5206
5207
5208
5211
5212
5213
5214
5217
5218
5219
5220
5223
5224
5225
5226
5229
5230
5231
5232
5235
5236
5237
5238
5241
5242
5243
5244
5247
5248
5249
5250
5253
5254
5255
5256
5259
5260
5261
5262
5265
5266
5267
5268
5271
5272
5273
5274
5367
5368
5369
5370
5373
5374
5375
5376
5379
5380
5381
5382
5385
5386
5387
5388
5391
5392
5393
5394
1299
1300
5397
1301
5398
1302
5399
5400
1305
1306
5403
1307
5404
1308
5405
5406
1311
1312
5409
1313
5410
1314
5411
5412
1317
1318
5415
1319
5416
1320
5417
5418
1323
1324
5421
1325
5422
1326
5423
5424
1329
1330
5427
1331
5428
1332
5429
5430
1335
1336
5433
1337
5434
1338
5435
5436
1341
1342
5439
1343
5440
1344
5441
5442
1347
1348
5445
1349
5446
1350
5447
5448
1353
1354
5451
1355
5452
1356
5453
5454
1359
1360
5457
1361
5458
1362
5459
5460
1365
1366
5463
1367
5464
1368
5465
5466
1371
1372
1373
1374
1377
1378
1379
1380
1383
1384
1385
1386
1389
1390
1391
1392
1395
1396
1397
1398
1473
1474
1475
1476
1479
1480
1481
1482
1485
1486
1487
1488
1491
1492
1493
1494
1497
1498
1499
1500
1503
1504
1505
1506
1509
1510
1511
1512
1515
1516
1517
1518
1521
1522
1523
1524
1527
1528
1529
1530
1533
1534
1535
1536
1539
1540
1541
1542
1545
1546
1547
1548
1551
1552
1553
1554
1557
1558
1559
1560
1563
1564
1565
1566
1569
1570
1571
1572
1647
1648
1649
1650
1653
1654
1655
1656
1659
1660
1661
1662
1665
1666
1667
1668
1671
1672
1673
1674
1677
1678
1679
1680
1683
1684
1685
1686
1689
1690
1691
1692
1695
1696
1697
1698
1701
1702
1703
1704
1707
1708
1709
1710
1713
1714
1715
1716
1719
1720
1721
1722
1725
1726
1727
1728
1731
1732
1733
1734
1737
1738
1739
1740
1743
1744
1745
1746
1821
1822
1823
1824
1827
1828
1829
1830
1833
1834
1835
1836
1839
1840
1841
1842
1845
1846
1847
1848
1851
1852
1853
1854
1857
1858
1859
1860
1863
1864
1865
1866
1869
1870
1871
1872
1875
1876
1877
1878
1881
1882
1883
1884
1887
1888
1889
1890
1893
1894
1895
1896
1899
1900
1901
1902
1905
1906
1907
1908
1911
1912
1913
1914
1917
1918
1919
1920
1995
1996
1997
1998
2001
2002
2003
2004
2007
2008
2009
2010
2013
2014
2015
2016
2019
2020
2021
2022
2025
2026
2027
2028
2031
2032
2033
2034
2037
2038
2039
2040
2043
2044
2045
2046
2049
2050
2051
2052
2055
2056
2057
2058
2061
2062
2063
2064
2067
2068
2069
2070
2073
2074
2075
2076
2079
2080
2081
2082
2085
2086
2087
2088
2091
2092
2093
2094
2169
2170
2171
2172
2175
2176
2177
2178
2181
2182
2183
2184
2187
2188
2189
2190
2193
2194
2195
2196
2199
2200
2201
2202
2205
2206
2207
2208
2211
2212
2213
2214
2217
2218
2219
2220
2223
2224
2225
2226
2229
2230
2231
2232
2235
2236
2237
2238
2241
2242
2243
2244
2247
2248
2249
2250
2253
2254
2255
2256
2259
2260
2261
2262
2265
2266
2267
2268
2343
2344
2345
2346
2349
2350
2351
2352
2355
2356
2357
2358
2361
2362
2363
2364
2367
2368
2369
2370
2373
2374
2375
2376
2379
2380
2381
2382
2385
2386
2387
2388
2391
2392
2393
2394
2397
2398
2399
2400
2403
2404
2405
2406
2409
2410
2411
2412
2415
2416
2417
2418
2421
2422
2423
2424
2427
2428
2429
2430
2433
2434
2435
2436
2439
2440
2441
2442
2517
2518
2519
2520
2523
2524
2525
2526
2529
2530
2531
2532
2535
2536
2537
2538
2541
2542
2543
2544
2547
2548
2549
2550
2553
2554
2555
2556
2559
2560
2561
2562
2565
2566
2567
2568
2571
2572
2573
2574
2577
2578
2579
2580
2583
2584
2585
2586
2589
2590
2591
2592
2595
2596
2597
2598
2601
2602
2603
2604
2607
2608
2609
2610
2613
2614
2615
2616
2691
2692
2693
2694
2697
2698
2699
2700
2703
2704
2705
2706
2709
2710
2711
2712
2715
2716
2717
2718
2721
2722
2723
2724
2727
2728
2729
2730
2733
2734
2735
2736
2739
2740
2741
2742
2745
2746
2747
2748
2751
2752
2753
2754
2757
2758
2759
2760
2763
2764
2765
2766
2769
2770
2771
2772
2775
2776
2777
2778
2781
2782
2783
2784
2787
2788
2789
2790
2865
2866
2867
2868
2871
2872
2873
2874
2877
2878
2879
2880
2883
2884
2885
2886
2889
2890
2891
2892
2895
2896
2897
2898
2901
2902
2903
2904
2907
2908
2909
2910
2913
2914
2915
2916
2919
2920
2921
2922
2925
2926
2927
2928
2931
2932
2933
2934
2937
2938
2939
2940
2943
2944
2945
2946
2949
2950
2951
2952
2955
2956
2957
2958
2961
2962
2963
2964
3039
3040
3041
3042
3045
3046
3047
3048
3051
3052
3053
3054
3057
3058
3059
3060
3063
3064
3065
3066
3069
3070
3071
3072
3075
3076
3077
3078
3081
3082
3083
3084
3087
3088
3089
3090
3093
3094
3095
3096
3099
3100
3101
3102
3105
3106
3107
3108
3111
3112
3113
3114
3117
3118
3119
3120
3123
3124
3125
3126
3129
3130
3131
3132
3135
3136
3137
3138
3213
3214
3215
3216
3219
3220
3221
3222
3225
3226
3227
3228
3231
3232
3233
3234
3237
3238
3239
3240
3243
3244
3245
3246
3249
3250
3251
3252
3255
3256
3257
3258
3261
3262
3263
3264
3267
3268
3269
3270
3273
3274
3275
3276
3279
3280
3281
3282
3285
3286
3287
3288
3291
3292
3293
3294
3297
3298
3299
3300
3303
3304
3305
3306
3309
3310
3311
3312
3387
3388
3389
3390
3393
3394
3395
3396
3399
3400
3401
3402
3405
3406
3407
3408
3411
3412
3413
3414
3417
3418
3419
3420
3423
3424
3425
3426
3429
3430
3431
3432
3435
3436
3437
3438
3441
3442
3443
3444
3447
3448
3449
3450
3453
3454
3455
3456
3459
3460
3461
3462
3465
3466
3467
3468
3471
3472
3473
3474
3477
3478
3479
3480
3483
3484
3485
3486
3561
3562
3563
3564
3567
3568
3569
3570
3573
3574
3575
3576
3579
3580
3581
3582
3585
3586
3587
3588
3591
3592
3593
3594
3597
3598
3599
3600
3603
3604
3605
3606
3609
3610
3611
3612
3615
3616
3617
3618
3621
3622
3623
3624
3627
3628
3629
3630
3633
3634
3635
3636
3639
3640
3641
3642
3645
3646
3647
3648
3651
3652
3653
3654
3657
3658
3659
3660
3735
3736
3737
3738
3741
3742
3743
3744
3747
3748
3749
3750
3753
3754
3755
3756
3759
3760
3761
3762
3765
3766
3767
3768
3771
3772
3773
3774
3777
3778
3779
3780
3783
3784
3785
3786
3789
3790
3791
3792
3795
3796
3797
3798
3801
3802
3803
3804
3807
3808
3809
3810
3813
3814
3815
3816
3819
3820
3821
3822
3825
3826
3827
3828
3831
3832
3833
3834
3909
3910
3911
3912
3915
3916
3917
3918
3921
3922
3923
3924
3927
3928
3929
3930
3933
3934
3935
3936
3939
3940
3941
3942
3945
3946
3947
3948
3951
3952
3953
3954
3957
3958
3959
3960
3963
3964
3965
3966
3969
3970
3971
3972
3975
3976
3977
3978
3981
3982
3983
3984
3987
3988
3989
3990
3993
3994
3995
3996
3999
4000
4001
4002
4005
4006
4007
4008
4083
4084
4085
4086
4089
4090
4091
4092
4095
)


// ************************************************************************* //
