/*--------------------------------*- C++ -*----------------------------------*\
| =========                 |                                                 |
| \\      /  F ield         | OpenFOAM: The Open Source CFD Toolbox           |
|  \\    /   O peration     | Version:  2606                                  |
|   \\  /    A nd           | Website:  www.openfoam.com                      |
|    \\/     M anipulation  |                                                 |
\*---------------------------------------------------------------------------*/
FoamFile
{
    version     2.0;
    format      ascii;
    arch        "LSB;label=32;scalar=64";
    class       cellSet;
    location    "constant/Trenton_3U_BAM_2/polyMesh/sets";
    object      Storage_zone_9;
}
// * * * * * * * * * * * * * * * * * * * * * * * * * * * * * * * * * * * * * //


480
(
1025
1026
1027
1028
1031
1032
1033
1034
1037
1038
1039
1040
1043
1044
1045
1046
1049
1050
1051
1052
2101
2102
2103
2104
2107
2108
2109
2110
2113
2114
2115
2116
2119
2120
3145
2121
3146
2122
3147
3148
2125
2126
3151
2127
3152
2128
3153
3154
2131
2132
3157
2133
3158
2134
3159
3160
3163
3164
4189
3165
4190
3166
4191
4192
3169
3170
4195
3171
4196
3172
4197
1125
4198
1126
3175
1127
3176
1128
4201
3177
4202
3178
4203
1131
4204
1132
1133
1134
4207
4208
4209
1137
4210
1138
1139
1140
4213
4214
4215
1143
4216
1144
1145
1146
4219
4220
4221
1149
4222
1150
1151
1152
1155
1156
1157
1158
1231
1232
1233
1234
1237
1238
1239
1240
1243
1244
1245
1246
1249
1250
2275
1251
2276
1252
2277
2278
1255
1256
2281
1257
2282
1258
2283
2284
1261
1262
2287
1263
2288
1264
2289
2290
2293
2294
3319
2295
3320
2296
3321
3322
2299
2300
3325
2301
3326
2302
3327
3328
2305
2306
3331
2307
3332
2308
3333
3334
3337
3338
3339
3340
3343
3344
3345
3346
3349
3350
3351
3352
1405
1406
1407
1408
1411
1412
1413
1414
1417
1418
1419
1420
1423
1424
2449
1425
2450
1426
2451
2452
1429
1430
2455
1431
2456
1432
2457
2458
1435
1436
2461
1437
2462
1438
2463
2464
2467
2468
3493
2469
3494
2470
3495
3496
2473
2474
3499
2475
3500
2476
3501
3502
2479
2480
3505
2481
3506
2482
3507
3508
3511
3512
3513
3514
3517
3518
3519
3520
3523
3524
3525
3526
1579
1580
1581
1582
1585
1586
1587
1588
1591
1592
1593
1594
1597
1598
2623
1599
2624
1600
2625
2626
1603
1604
2629
1605
2630
1606
2631
2632
1609
1610
2635
1611
2636
1612
2637
2638
2641
2642
3667
2643
3668
2644
3669
3670
2647
2648
3673
2649
3674
2650
3675
3676
2653
2654
3679
2655
3680
2656
3681
3682
3685
3686
3687
3688
3691
3692
3693
3694
3697
3698
3699
3700
1753
1754
1755
1756
1759
1760
1761
1762
1765
1766
1767
1768
1771
1772
2797
1773
2798
1774
2799
2800
1777
1778
2803
1779
2804
1780
2805
2806
1783
1784
2809
1785
2810
1786
2811
2812
2815
2816
3841
2817
3842
2818
3843
3844
2821
2822
3847
2823
3848
2824
3849
3850
2827
2828
3853
2829
3854
2830
3855
3856
3859
3860
3861
3862
3865
3866
3867
3868
3871
3872
3873
3874
1927
1928
1929
1930
1933
1934
1935
1936
1939
1940
1941
1942
1945
1946
2971
1947
2972
1948
2973
2974
1951
1952
2977
1953
2978
1954
2979
2980
1957
1958
2983
1959
2984
1960
2985
2986
2989
2990
4015
2991
4016
2992
4017
4018
2995
2996
4021
2997
4022
2998
4023
4024
3001
3002
4027
3003
4028
3004
4029
4030
4033
4034
4035
4036
4039
4040
4041
4042
4045
4046
4047
4048
1019
1020
1021
1022
)


// ************************************************************************* //
