/*--------------------------------*- C++ -*----------------------------------*\
| =========                 |                                                 |
| \\      /  F ield         | OpenFOAM: The Open Source CFD Toolbox           |
|  \\    /   O peration     | Version:  2606                                  |
|   \\  /    A nd           | Website:  www.openfoam.com                      |
|    \\/     M anipulation  |                                                 |
\*---------------------------------------------------------------------------*/
FoamFile
{
    version     2.0;
    format      ascii;
    arch        "LSB;label=32;scalar=64";
    class       cellSet;
    location    "constant/fluid/polyMesh/sets";
    object      cellDeterminant;
}
// * * * * * * * * * * * * * * * * * * * * * * * * * * * * * * * * * * * * * //


3175
(
81920
36864
36865
53250
36866
36867
36868
12293
36869
12294
36870
12295
12296
86029
36877
20494
40977
12305
86034
40978
12306
12307
12308
28692
12309
28693
12310
86039
81943
12311
73752
69656
12312
24600
12313
24601
12314
12315
86044
12316
12317
12318
12319
12321
36897
36898
36899
36900
36901
36902
36903
36904
36905
36906
53291
36907
36908
36909
81966
36910
36911
73777
69681
36918
86071
41015
20535
41016
86074
86076
24638
86079
24639
86081
69698
86084
81989
86086
86089
73802
86091
86094
86099
69715
53332
86104
86106
82012
86109
41053
41054
86111
36960
20577
86114
73827
86116
69732
24676
24677
86119
61543
86121
86124
12401
12402
12403
73844
12404
69749
12405
86134
12406
12407
12408
12409
12410
12411
12412
53373
12413
12414
12415
65665
36993
86146
65666
20610
36994
65667
41091
20611
65668
41092
86149
73861
65669
36997
69766
65670
20614
86151
86154
24714
24715
86156
86159
61586
73878
53410
86179
37030
73895
20647
37031
86184
20648
37034
20651
41133
41134
24752
24753
73912
37050
37051
37052
61629
37053
37054
37055
37056
86209
37057
37058
37059
12484
37060
37061
86214
37062
53447
37063
37064
86219
37067
20684
37068
20685
37071
86224
20688
12497
41171
41172
12500
12501
12502
12503
12504
12505
12506
24794
12507
24795
12508
12509
12510
78047
12511
37087
86240
12512
37088
12513
37089
12514
37090
86243
37091
86244
37092
37093
37094
86247
37095
86248
61672
37096
37097
37098
86251
37099
86252
53484
37100
37101
86255
37104
20721
37105
20722
86259
86260
86263
86264
78072
41209
41210
86267
86268
86271
86272
24832
24833
86275
12547
86276
12548
12549
12550
86279
12551
12552
12553
33033
49418
12554
37130
12555
37131
12556
37132
12557
37133
12558
37134
12559
37135
12560
37136
78097
53521
12561
37137
37138
61715
37139
37140
37141
37142
37143
37144
37147
20764
37148
20765
41251
41252
24870
24871
78122
37168
37169
12594
33074
37170
49459
12595
37171
12596
37172
12597
37173
12598
37174
12599
37175
12600
37176
12601
37177
12602
37178
12603
37179
12604
37180
12605
37181
61758
12606
37182
12607
12608
37185
20802
37186
78147
20803
41293
41294
24912
24913
37206
37207
37208
37209
37210
33115
37211
78172
49500
37212
37213
37214
37215
37216
61793
12641
37217
12642
37218
12643
37219
12644
37220
12645
12646
12647
37223
12648
20840
37224
12649
20841
12650
12651
12652
12653
12654
12655
41331
41332
78197
45429
45433
24954
24955
37244
37245
37246
37247
37248
37249
37250
37251
61828
33156
37252
49541
37253
45446
37254
37255
37256
45449
37257
37258
45452
37261
78222
20878
37262
45455
20879
12688
12689
45458
12690
29074
70035
12691
70036
12692
70037
45461
12693
70038
12694
29078
70039
12695
70040
45464
12696
41369
12697
41370
12698
45467
12699
12700
12701
45470
12702
24992
45473
24993
37282
29091
37283
45476
37284
37285
29094
37286
78247
61863
37287
37288
29097
37289
37290
37291
29100
37292
33197
37293
49582
37294
29103
37295
37296
29106
37299
20916
37300
20917
29109
29112
29115
29118
41407
12735
78272
41408
12736
12737
29121
12738
12739
12740
74181
12741
74182
12742
25030
74183
12743
25031
74184
12744
37320
74185
12745
37321
74186
61898
12746
37322
12747
37323
12748
37324
12749
37325
37326
37327
37328
37329
37330
37331
37332
37333
33238
37334
49623
78297
66009
37337
20954
37338
20955
66013
66026
25068
66029
61933
25069
12782
37358
12783
37359
66032
12784
37360
12785
37361
12786
37362
66035
12787
37363
12788
37364
12789
37365
66038
12790
37366
12791
37367
12792
37368
66041
12793
37369
12794
37370
12795
37371
66044
12796
37372
66047
33279
37375
49664
20992
37376
20993
66050
66053
66056
37396
37397
37398
37399
37400
37401
37402
37403
37404
12829
37405
12830
37406
12831
37407
12832
37408
12833
37409
12834
37410
12835
12836
12837
37413
12838
21030
37414
12839
21031
12840
12841
33321
49706
12842
12843
37434
37435
66108
37436
66109
37437
66110
37438
66111
37439
66112
37440
66113
37441
66114
37442
66115
37443
66116
37444
66117
37445
66118
37446
66119
37447
66120
37448
66121
66122
33354
49739
33355
37451
49740
21068
37452
21069
33358
49743
37476
37477
37478
37479
37480
37481
37482
37483
37484
37485
37486
33391
37487
49776
33392
37488
49777
37489
21106
37490
21107
33395
49780
37493
37494
12923
12924
12925
12926
12927
12928
12929
12930
12931
12932
12933
12934
12935
12936
12937
37514
37515
37516
37517
37518
37519
58000
37520
37521
37522
66195
37523
66196
58004
33428
37524
66197
49813
33429
37525
66198
49814
37526
66199
37527
66200
21144
33432
37528
66201
49817
21145
66202
66203
37531
66204
37532
66205
66206
66207
66208
66209
58017
58020
58023
58026
12970
12971
12972
58029
12973
12974
12975
58032
12976
12977
12978
58035
12979
12980
12981
58038
12982
12983
12984
58041
33465
49850
33466
49851
58044
21182
58047
21183
37569
37570
45772
13017
13018
37594
13019
37595
13020
37596
13021
37597
13022
37598
13023
37599
13024
37600
13025
29409
37601
13026
37602
13027
37603
13028
33508
37604
49893
13029
33509
37605
49894
13030
37606
13031
37607
21224
37608
21225
37611
37612
45813
13064
13065
13066
29450
33546
49931
13067
33547
49932
13068
13069
13070
13071
13072
13073
13074
21266
13075
21267
13076
13077
37653
13078
37654
45854
13092
13094
66348
33584
49969
33585
49970
29491
13111
13112
21304
13113
21305
13114
13115
37691
13116
37692
41789
13117
13118
13119
13120
41793
13121
13122
13123
13124
13125
45895
41806
37712
41809
37713
37714
13139
37715
41812
37716
13141
37717
33622
37718
66391
50007
41815
33623
37719
50008
37720
37721
41818
37722
37723
29532
37724
41821
37725
21342
37726
21343
41824
37729
37730
41827
41830
13158
13159
13160
41833
13161
13162
25450
13163
41836
13164
13165
13166
25454
13167
45936
13168
66417
13169
13170
13171
13172
37750
37751
37752
37753
37754
25467
37755
33660
37756
50045
33661
37757
50046
25470
37758
37759
37760
25473
37761
13186
37762
37763
13188
21380
25476
37764
21381
29573
25479
37767
37768
66442
25482
25485
25488
25491
13205
13206
25494
13207
13208
45977
13209
25497
13210
13211
13212
37788
13213
37789
13214
37790
13215
37791
13216
37792
13217
37793
13218
33698
37794
66467
50083
13219
33699
37795
50084
37796
37797
37798
37799
37800
37801
37802
29614
13233
13235
66492
46018
70596
13252
13253
13254
13255
13256
33736
50121
13257
33737
50122
13258
13259
13260
66509
13261
13262
13263
13264
13265
13266
29655
70621
66526
13280
13282
58343
46060
33774
66543
50159
33775
50160
13299
13300
13301
74742
70646
62454
13302
62455
13303
62456
13304
62457
13305
62458
13306
62459
13307
13308
13309
13310
13311
66560
13312
13313
29697
46093
46094
74767
70671
58384
66577
46097
33812
50197
33813
50198
13346
29730
13347
29731
13348
13349
13350
29734
13351
74792
70696
13352
13353
13354
13355
13356
13357
13358
13359
13360
46130
46131
46134
58425
33854
50239
33855
50240
74817
70721
37953
37954
37955
37956
37957
37958
37959
29767
37960
29768
37961
37962
37963
29771
37964
37965
37966
37967
13393
70738
13394
13395
13396
13397
13398
46167
13399
46168
13400
13401
74842
13402
46171
13403
13404
13405
13406
13407
58466
70755
33892
50277
33893
50278
37995
37996
29804
37997
13421
29805
37998
37999
13423
38000
29808
38001
38002
74867
38003
70772
38004
38005
38006
38007
38008
38009
46204
46205
13440
13441
13442
13443
74884
13444
70789
13445
13446
13447
13448
13449
13450
33930
58507
50315
13451
33931
50316
13452
13453
13454
29841
29842
42132
74901
70806
13468
13470
74918
46247
46248
13487
13488
13489
13490
13491
58548
13492
33972
50357
13493
33973
50358
13494
74935
13495
13496
13497
25785
13498
13499
13500
29884
42173
13501
29885
38079
38080
38081
38082
38083
38084
38085
38086
38087
74952
38088
38089
38090
38091
13515
38092
46285
38093
13517
46286
58581
13534
34014
50399
13535
34015
50400
13536
13537
13538
25826
29922
13539
29923
13540
13541
42214
13542
13543
13544
13545
13546
13547
13548
46323
46324
58614
13562
13564
21758
21762
50435
50436
34052
38149
34053
29960
38153
29961
25867
13581
13582
42255
13583
21775
13584
13585
13586
21778
13587
13588
13589
21781
38166
13590
58647
13591
13592
21784
46361
38169
13593
46362
13594
13595
21787
38172
66846
21790
66847
38175
66848
66849
21793
66850
38178
66851
21796
38181
50471
21799
50472
38184
21802
34090
38187
34091
21805
38190
29998
29999
54576
38193
54580
38196
25908
58680
42296
13628
13629
13630
46399
13631
46400
13632
54593
13633
13634
13635
54596
13636
13637
13638
54599
13639
13640
13641
54602
13642
50507
50508
54605
62798
54608
34128
34129
62802
54611
30036
30037
54614
58713
54617
54620
25949
62815
54623
42337
62818
62821
46437
46438
62824
62827
13675
13676
13677
62830
13678
13679
13680
62833
13681
13682
13683
62836
13684
13685
13686
62839
13687
13688
13689
62842
30074
30075
62845
25990
42378
46475
46476
13722
13723
13724
13725
13726
13727
13728
30112
13729
30113
13730
71075
13731
71076
13732
71077
13733
71078
13734
71079
13735
71080
13736
26031
62897
46513
62898
46514
62899
62900
42420
62901
62902
62903
62904
62905
62906
62907
62908
62909
62910
62911
62913
30150
30151
75221
42453
75222
42454
75223
46551
75224
46552
75225
42457
26073
75226
13793
13795
79336
30188
30189
13808
13809
13810
13811
13812
13813
13814
13815
13816
13817
42490
13818
26106
42491
13819
26107
13820
13821
42494
13822
26110
79361
46593
46594
13836
62989
62990
13838
62991
62992
62993
62994
62995
62996
62997
62998
30230
62999
30231
63000
63001
79386
63002
63003
13851
13852
13853
13854
42527
13855
26143
42528
13856
26144
13857
13858
42531
13859
26147
13860
13861
13862
46631
13863
46632
13864
13865
79411
13879
13881
30268
30269
67136
67140
42564
26180
42565
26181
13894
13895
13896
26184
13897
13898
13899
79436
13900
46669
13901
22093
46670
13902
13903
13904
67153
13905
13906
13907
67156
13908
67159
67162
38492
67165
67168
63073
63074
30306
67171
63075
30307
63076
79461
63077
67174
63078
63079
63080
67177
63081
26217
63082
26218
63083
67180
63084
63085
63086
67183
63087
42607
42608
13937
13938
13939
13940
13941
13942
22134
46711
13943
46712
13944
13945
13946
13947
13948
13949
79486
13950
13951
38533
54919
30348
30349
63120
63121
63122
63123
63124
26260
63125
42645
26261
63126
42646
79511
63127
63128
63129
63130
63131
63132
13980
63133
13981
63134
13982
13983
22175
13984
46753
13985
46754
13986
13987
13988
13989
13990
13991
13992
63145
13993
13994
38574
46767
79536
54960
46768
46769
46770
30390
30391
26298
42683
26299
42684
50877
50881
22216
79561
46795
46796
50894
34510
50897
34514
63188
50900
50903
38615
55001
46809
50906
46810
46811
46812
30428
50909
30429
34527
50912
26336
42721
26337
79586
42722
34530
50915
34533
50918
34536
50921
34539
50924
34542
22257
34545
34548
46837
46838
34551
14074
34554
14075
14076
14077
34557
14078
63231
14079
38656
14080
14081
55042
14082
30466
46851
14083
30467
46852
14084
46853
14085
46854
14086
26374
42759
14087
26375
42760
14088
63251
63252
63253
63254
63255
63256
63257
14105
63258
22298
63259
63260
63261
63262
63263
46879
63264
46880
63265
14118
30504
38697
14121
30505
63274
14122
55083
14123
14124
26412
46893
42797
14125
26413
46894
42798
14126
46895
14127
46896
14128
14129
34609
14130
34610
14131
34611
14132
34612
14133
34613
14134
34614
14135
34615
34616
34617
34618
34619
34620
34621
63294
34622
63295
34623
63296
63297
63298
63299
22339
63300
63301
63302
59206
63303
59207
63304
59208
63305
59209
63306
59210
63307
59211
63308
38738
26450
42835
26451
55124
42836
63317
46940
46941
46942
46943
63337
63338
63339
63340
63341
22381
63342
63343
63344
63345
63346
63347
63348
63349
63350
63351
26488
42873
26489
42874
38780
55165
63360
46982
46983
14215
46984
14216
46985
14217
14218
14219
63372
14220
63373
14221
63374
14222
22414
63375
14223
22415
63376
14224
63377
14225
63378
14226
22418
67475
63379
14227
63380
14228
63381
14229
63382
63383
63384
63385
63386
38813
38814
26526
42911
26527
42912
38817
55202
63395
67500
22451
22452
22455
38850
38851
26564
67525
26565
63430
38854
55239
42953
42954
71628
18380
22488
22489
22492
67550
71653
38887
38888
63465
38891
55276
26606
42991
26607
42992
14322
18421
14326
67575
14330
22525
71678
14334
22526
75779
14342
14346
63500
38924
38925
14350
67600
55313
14354
51220
26644
43029
26645
43030
14358
71703
63512
63513
63514
63515
75804
63516
63517
34845
63518
18462
63519
63520
67617
63521
63522
63523
63524
63525
63526
22568
22569
63535
71728
67634
75829
38967
38968
26682
63547
26683
63548
63549
51261
63550
63551
43071
63552
43072
63553
63554
67651
63555
63556
63557
63558
34886
63559
18503
63560
71753
63561
75854
22606
22607
67668
71770
39005
39006
63588
26724
67685
63589
26725
63590
51302
75879
63591
63592
63593
43113
63594
43114
71787
63595
63596
63597
63598
63599
34927
63600
18544
63601
63602
22644
22645
71804
75904
39043
39044
63624
63625
63626
63627
63628
71821
63629
63630
26766
63631
51343
43151
26767
63632
43152
75921
63633
63634
63635
63636
63637
63638
34968
18585
59546
22682
22683
71838
59550
75938
30886
47273
39081
39082
30890
59563
63660
63661
47277
63662
59566
63663
63664
63665
59569
63666
75955
63667
63668
59572
26804
63669
43189
26805
63670
43190
63671
59575
30903
63672
51384
63673
63674
59578
47290
30906
59581
47293
30909
59584
47296
22720
30912
22721
35009
18626
59587
47299
30915
75972
59590
47302
30918
59593
47305
30921
47308
30924
47311
39119
30927
63696
39120
63697
63698
47314
30930
63699
63700
75989
63701
47317
30933
63702
63703
63704
47320
63705
63706
26842
63707
43227
26843
63708
43228
63709
63710
51425
22758
22759
35050
18668
63732
63733
39157
63734
39158
63735
63736
63737
63738
63739
63740
63741
63742
63743
63744
26880
63745
26881
63746
51466
22796
22797
35091
18710
63768
63769
63770
63771
39195
63772
39196
63773
63774
63775
63776
63777
63778
63779
63780
63781
63782
22834
22835
51508
63804
63805
35133
63806
63807
63808
18752
63809
39233
63810
39234
63811
63812
63813
63814
63815
63816
63817
63818
22872
22873
51550
35166
35167
63840
63841
63842
35170
63843
63844
63845
63846
63847
39271
63848
39272
63849
63850
18794
63851
63852
63853
63854
67954
67955
67956
67957
67958
67959
22914
22915
35203
63876
35204
63877
63878
63879
35207
63880
51592
63881
63882
63883
63884
63885
63886
63887
63888
63889
39313
63890
39314
35240
35241
72107
72108
63916
22956
35244
72109
63917
22957
72110
63918
72111
63919
72112
63920
63921
63922
51634
63923
63924
63925
63926
63927
39351
63928
39352
63929
63930
35277
35278
63952
63953
63954
63955
63956
63957
63958
22998
63959
22999
63960
63961
63962
63963
63964
63965
39389
63966
39390
76258
76259
76260
76261
76262
76263
59893
31221
35320
35321
47616
23044
23045
39431
39432
64024
64025
64026
64027
64028
64029
64030
31262
35358
64031
35359
64032
64033
64034
59938
64035
64036
64037
64038
47657
39473
39474
23090
23091
64056
64057
64058
64059
64060
64061
35396
35397
31303
59983
47698
39511
39512
43609
23132
43613
23133
43626
35434
35435
43629
43632
31344
43635
43638
43641
47739
60028
43644
39549
39550
27262
43647
43650
27266
43653
23174
23175
43656
27279
64144
35472
64145
35473
64146
27282
64147
68244
64148
64149
27285
64150
64151
68248
64152
27288
80537
64153
31385
64154
64155
27291
64156
64157
64158
27294
27297
39587
47780
39588
27300
68261
27303
68264
60073
27306
68267
27309
68270
23216
68273
23217
80564
68276
35510
68279
35511
68282
68285
68288
31426
68291
47821
80591
60118
35548
35549
80618
31467
47862
60155
35586
35587
80645
31509
80672
60192
47904
35624
35625
31542
31543
31546
80699
47937
47938
60229
47941
35666
35667
80726
31579
31580
31583
47974
47975
60266
47978
80753
35704
35705
68475
31616
31617
31620
48011
80780
48012
60303
48015
64400
68500
64404
35742
35743
64417
64420
31653
31654
80807
64423
64426
68525
64429
64432
48048
43952
48049
64435
64438
64441
64444
64447
68550
35784
35785
27597
31696
31697
72663
43993
48091
48092
68575
72688
35826
64499
35827
64500
64501
64502
27638
31734
64503
31735
68600
64504
64505
64506
64507
64508
64509
64510
64511
64512
64513
48129
48130
44034
72713
68617
76816
35864
35865
68634
31772
31773
27679
39969
72738
39973
48167
48168
76841
68651
44075
56368
39986
56372
39989
39992
72763
39995
68668
39998
35902
35903
56385
40001
76866
31810
31811
56388
40004
56391
40007
27720
56394
40010
68685
56397
48205
40013
48206
56400
40016
56403
72788
44116
56406
23638
56409
23642
76891
56412
56415
35940
72805
35941
23655
31848
31849
23658
23661
23664
27761
48243
23667
76916
48244
72822
23670
23673
23676
44157
23679
23682
23685
72839
76941
31886
31887
72856
48281
48282
27802
76966
44198
72873
31924
31925
76991
48319
48320
27843
44240
77016
31962
31963
48357
48358
27885
77041
44273
64754
44274
44277
32000
32001
77066
48395
48396
27918
27919
27922
44310
44311
44314
64797
32042
32043
27955
27956
48437
48438
27959
44347
44348
44351
64840
32080
32081
27992
27993
68954
68955
48475
68956
48476
27996
68957
68958
68959
44384
44385
64883
32118
32119
40312
28029
28030
48513
48514
56711
44427
44428
64926
32160
40353
32161
23973
28072
28073
48555
48556
56752
44465
44466
60852
60853
73142
60854
73143
60855
73144
60856
73145
60857
73146
73147
64969
40394
32202
32203
24014
28110
28111
48597
48598
44503
44504
56793
36322
36326
65004
32240
32241
19954
40435
36339
28148
28149
19958
36342
24055
48633
36345
48634
36348
44541
44542
36351
56834
36354
19971
36357
19974
36360
19977
36363
19980
36366
65039
19983
36369
19986
19989
32278
32279
19992
28186
19995
28187
40476
48669
48670
19998
24096
20001
44579
44580
56875
52784
65074
52788
32316
32317
28224
52801
48705
28225
48706
52804
40517
36421
36422
52807
36423
36424
44617
24137
36425
52810
44618
36426
36427
36428
52813
36429
36430
36431
52816
36432
36433
36434
52819
36435
56916
65109
36437
52822
52825
52828
52831
28262
28263
40558
44655
44656
24178
65144
56957
69246
69247
69248
69259
69260
28300
69261
28301
44693
44694
40600
24219
69278
69279
69280
36513
56994
36514
36515
36516
36517
36518
69287
36519
69288
36520
69289
36521
36522
36523
36524
36525
36526
36527
69296
69297
69298
28338
28339
69305
40633
69306
40634
69307
44731
44732
40637
69314
69315
69316
24261
57031
69323
69324
69325
69332
69333
69334
28376
28377
69341
69342
40670
69343
40671
40674
44773
69350
44774
24294
69351
24295
69352
24298
57068
69359
69360
69361
36604
36605
36606
36607
36608
36609
28418
36610
40707
28419
36611
40708
36612
36613
36614
40711
36615
36616
36617
36618
44811
24331
61196
44812
24332
24335
61200
57105
61213
61216
61219
61222
40744
28456
61225
40745
28457
36651
61228
36652
36653
36654
61231
36655
24368
36656
44849
24369
36657
61234
44850
36658
36659
24372
36660
61237
36661
36662
36663
61240
36664
36665
61243
36672
20289
28494
28495
40787
40788
24405
24406
44891
44892
36713
20330
81782
28536
40825
28537
40826
24448
24449
44933
44934
53127
81805
36754
20371
40863
40864
28578
28579
81828
24486
36774
24487
36775
36776
36777
36778
44971
36779
44972
36780
36781
36782
36783
53168
36784
36785
36786
49075
36787
69556
36788
49079
32698
81851
36795
20412
32702
49092
40901
40902
49095
28616
28617
49098
32715
24524
69581
49101
24525
32718
36815
49104
36816
45009
32721
36817
81874
45010
36818
49107
36819
32724
36820
36821
49110
36822
32727
36823
85976
36824
53209
49113
36825
32730
36826
85979
36827
85980
49116
36828
32733
36829
49119
32736
49122
32739
36836
20453
73702
69606
32742
81897
32745
40939
40940
28654
28655
24562
24563
45047
45048
36856
86009
36857
36858
36859
12284
36860
36861
86014
12286
36862
73727
69631
36863
)


// ************************************************************************* //
