/*--------------------------------*- C++ -*----------------------------------*\
| =========                 |                                                 |
| \\      /  F ield         | OpenFOAM: The Open Source CFD Toolbox           |
|  \\    /   O peration     | Version:  2606                                  |
|   \\  /    A nd           | Website:  www.openfoam.com                      |
|    \\/     M anipulation  |                                                 |
\*---------------------------------------------------------------------------*/
FoamFile
{
    version     2.0;
    format      ascii;
    arch        "LSB;label=32;scalar=64";
    class       cellSet;
    location    "constant/fluid/polyMesh/sets";
    object      internal_Rear_exhaust_12;
}
// * * * * * * * * * * * * * * * * * * * * * * * * * * * * * * * * * * * * * //


552
(
30758
30759
30760
30761
47145
30762
47146
30763
47147
30764
47148
30765
47149
30766
47150
30767
47151
30768
47152
30769
47153
47154
47155
47156
59454
59455
59456
59457
59458
59459
59460
59461
59462
59463
59464
59465
21634
21635
21636
21637
38021
21638
38022
21639
38023
21640
38024
21641
38025
21642
38026
21643
38027
21644
38028
21645
38029
38030
38031
38032
54448
54449
54450
54451
54452
54453
54454
54455
54456
54457
54458
54459
4307
4308
4309
4310
4311
4312
4313
4314
4315
4316
4317
4318
62706
62707
62708
45301
62709
45302
62710
45303
62711
45304
62712
45305
62713
45306
62714
45307
62715
45308
62716
45309
62717
45310
45311
45312
28946
28947
28948
28949
28950
28951
28952
28953
28954
28955
28956
28957
36194
36195
36196
36197
36198
36199
36200
36201
36202
36203
36204
36205
19830
19831
19832
19833
19834
19835
19836
19837
65917
19838
65918
65919
19839
65920
19840
65921
19841
65922
65923
65924
65925
65926
65927
65928
52656
52657
52658
17843
52659
17844
52660
17845
52661
17846
52662
17847
52663
17848
52664
17849
52665
17850
52666
17851
52667
17852
17853
17854
43481
43482
43483
43484
43485
43486
43487
43488
43489
43490
43491
67044
43492
67045
67046
67047
67048
67049
67050
67051
67052
67053
67054
67055
27134
27135
27136
27137
27138
27139
27140
27141
27142
27143
27144
27145
69152
69153
69154
69155
69156
69157
69158
69159
69160
69161
69162
69163
57908
57909
57910
57911
68152
57912
68153
57913
68154
57914
68155
57915
68156
57916
68157
50749
57917
68158
50750
57918
68159
50751
57919
68160
50752
68161
50753
68162
50754
68163
50755
50756
50757
50758
50759
50760
34382
34383
34384
34385
34386
34387
34388
34389
34390
34391
34392
70233
34393
70234
70235
70236
70237
70238
70239
70240
70241
70242
70243
70244
71273
71274
71275
71276
15980
71277
15981
71278
15982
71279
15983
71280
15984
72305
71281
15985
72306
71282
15986
72307
71283
15987
72308
71284
15988
72309
15989
72310
15990
72311
15991
72312
72313
72314
72315
73340
72316
73341
73342
73343
73344
73345
73346
73347
73348
73349
73350
73351
74379
74380
74381
74382
74383
74384
74385
74386
74387
74388
74389
74390
75419
75420
75421
75422
75423
75424
75425
75426
75427
75428
75429
75430
76456
76457
76458
76459
76460
76461
76462
76463
76464
61104
76465
61105
76466
61106
76467
61107
61108
61109
61110
61111
61112
61113
61114
61115
41661
41662
41663
41664
41665
41666
41667
41668
41669
41670
41671
41672
25322
25323
25324
25325
25326
25327
25328
25329
25330
25331
25332
25333
48947
48948
64308
48949
64309
12086
48950
64310
12087
48951
64311
12088
48952
64312
12089
48953
64313
32570
12090
48954
64314
32571
12091
48955
64315
32572
12092
48956
64316
32573
12093
48957
64317
32574
12094
48958
64318
32575
12095
64319
32576
12096
32577
12097
32578
32579
32580
32581
14152
14153
8009
14154
8010
14155
8011
14156
8012
14157
8013
14158
8014
14159
8015
14160
8016
14161
8017
14162
8018
14163
8019
8020
77687
77688
77689
77690
77691
77692
77693
77694
77695
77696
77697
77698
39841
39842
39843
39844
39845
39846
39847
39848
39849
39850
39851
39852
56240
56241
56242
56243
56244
56245
56246
56247
56248
56249
56250
56251
23498
23499
23500
23501
23502
23503
23504
23505
23506
23507
23508
23509
10226
10227
10228
6132
10229
6133
10230
6134
10231
6135
10232
6136
10233
6137
10234
6138
10235
6139
10236
6140
10237
6141
6142
6143
)


// ************************************************************************* //
