/*--------------------------------*- C++ -*----------------------------------*\
| =========                 |                                                 |
| \\      /  F ield         | OpenFOAM: The Open Source CFD Toolbox           |
|  \\    /   O peration     | Version:  2606                                  |
|   \\  /    A nd           | Website:  www.openfoam.com                      |
|    \\/     M anipulation  |                                                 |
\*---------------------------------------------------------------------------*/
FoamFile
{
    version     2.0;
    format      ascii;
    arch        "LSB;label=32;scalar=64";
    class       cellSet;
    location    "constant/fluid/polyMesh/sets";
    object      internal_Front_intake_11;
}
// * * * * * * * * * * * * * * * * * * * * * * * * * * * * * * * * * * * * * //


460
(
42004
42005
42006
42007
42008
42009
42010
42011
42012
42013
25662
25663
25664
25665
25666
25667
25668
25669
25670
25671
64622
64623
64624
64625
64626
64627
64628
64629
64630
64631
49290
49291
49292
49293
32910
49294
32911
49295
32912
49296
32913
49297
32914
49298
32915
49299
32916
12436
32917
12437
32918
12438
32919
12439
12440
12441
12442
12443
12444
12445
14521
14522
14523
14524
14525
14526
14527
14528
14529
14530
6385
6386
6387
6388
8436
6389
8437
6390
8438
6391
8439
40184
6392
8440
40185
6393
8441
40186
6394
8442
40187
8443
40188
8444
8445
40189
40190
40191
40192
40193
56583
56584
56585
56586
56587
56588
56589
56590
56591
56592
23850
23851
23852
23853
23854
23855
23856
23857
23858
23859
59761
59762
59763
59764
59765
59766
59767
59768
59769
31098
59770
31099
31100
31101
31102
31103
31104
47488
31105
47489
31106
47490
31107
47491
47492
10629
47493
10630
47494
10631
47495
10632
47496
10633
47497
10634
10635
10636
10637
10638
21970
21971
21972
21973
21974
21975
21976
21977
21978
21979
38364
38365
38366
38367
38368
38369
38370
38371
38372
38373
54791
54792
54793
54794
54795
54796
54797
54798
54799
54800
63013
63014
63015
63016
63017
63018
63019
63020
63021
63022
2609
2610
2611
2612
2613
2614
2615
2616
2617
2618
45644
45645
45646
45647
45648
45649
45650
45651
45652
45653
29286
29287
29288
29289
29290
29291
29292
29293
29294
29295
4767
4768
4769
4770
4771
4772
4773
4774
4775
4776
66221
66222
66223
66224
66225
66226
66227
66228
66229
66230
36544
36545
36546
36547
36548
36549
36550
20166
36551
20167
36552
20168
36553
20169
20170
20171
20172
20173
20174
20175
52999
53000
53001
53002
53003
53004
53005
53006
53007
53008
67348
67349
67350
67351
67352
67353
67354
67355
67356
67357
43824
43825
43826
68402
43827
68403
43828
68404
43829
68405
43830
68406
43831
68407
43832
68408
43833
68409
68410
68411
18257
27474
18258
27475
18259
27476
18260
27477
18261
27478
18262
27479
18263
27480
18264
27481
18265
27482
18266
27483
58215
58216
58217
58218
58219
69483
58220
69484
58221
69485
58222
69486
58223
69487
58224
69488
69489
69490
69491
69492
70523
70524
70525
70526
70527
70528
70529
70530
70531
71555
70532
71556
71557
71558
71559
71560
71561
71562
71563
71564
72590
72591
72592
72593
72594
72595
72596
51092
72597
51093
72598
51094
72599
51095
51096
51097
51098
51099
51100
73629
51101
73630
73631
73632
73633
73634
34722
73635
34723
73636
34724
73637
34725
73638
34726
34727
34728
34729
34730
34731
74669
74670
74671
74672
74673
74674
74675
74676
74677
74678
75706
75707
75708
75709
75710
75711
16319
75712
16320
75713
16321
75714
16322
75715
16323
16324
16325
16326
76743
16327
76744
16328
76745
76746
76747
76748
76749
76750
76751
76752
61411
61412
61413
61414
61415
61416
61417
61418
61419
61420
)


// ************************************************************************* //
