/*--------------------------------*- C++ -*----------------------------------*\
| =========                 |                                                 |
| \\      /  F ield         | OpenFOAM: The Open Source CFD Toolbox           |
|  \\    /   O peration     | Version:  2606                                  |
|   \\  /    A nd           | Website:  www.openfoam.com                      |
|    \\/     M anipulation  |                                                 |
\*---------------------------------------------------------------------------*/
FoamFile
{
    version     2.0;
    format      ascii;
    arch        "LSB;label=32;scalar=64";
    class       cellSet;
    location    "constant/fluid/polyMesh/sets";
    object      multiZoneCells;
}
// * * * * * * * * * * * * * * * * * * * * * * * * * * * * * * * * * * * * * //


1244
(
83985
30758
30759
30760
14377
30761
47145
30762
47146
30763
47147
30764
47148
30765
47149
30766
47150
30767
47151
30768
47152
30769
47153
47154
47155
47156
84026
84027
77884
84030
59454
59455
59456
59457
59458
59459
59460
59461
59462
59463
59464
59465
12418
12419
12420
12421
32901
49285
12422
32902
12423
12424
32905
49290
12427
49291
12428
49292
77965
12429
49293
77966
12430
32910
49294
12431
32911
49295
32912
49296
77969
32913
49297
32914
49298
32915
49299
12436
32916
12437
32917
12438
32918
12439
32919
12440
12441
12442
12443
12444
12445
22686
14512
14513
14516
14521
14522
14523
14524
14525
14526
14527
14528
14529
14530
67779
4307
55507
4308
4309
4310
4311
82136
4312
4313
4314
4315
4316
4317
4318
59614
69860
30954
47341
6385
6386
6387
6388
8436
6389
8437
45301
6390
8438
45302
6391
8439
45303
6392
8440
45304
6393
8441
45305
6394
8442
45306
8443
45307
71932
8444
45308
8445
45309
45310
45311
45312
28946
28947
28948
28949
74006
28950
28951
28952
28953
86298
28954
28955
28956
28957
76083
59756
31089
59761
31090
59762
59763
59764
31093
59765
59766
59767
59768
59769
31098
59770
31099
47483
31100
65917
31101
65918
31102
65919
31103
65920
31104
47488
65921
31105
47489
65922
31106
47490
65923
31107
47491
65924
47492
65925
10629
47493
65926
10630
47494
65927
10631
47495
65928
10632
47496
10633
47497
10634
10635
10636
10637
10638
20882
45497
53715
29142
43481
43482
43483
43484
43485
43486
43487
43488
43489
43490
43491
43492
27134
27135
80384
27136
27137
27138
27139
27140
27141
27142
27143
27144
27145
66077
2609
2610
2611
2612
57908
2613
57909
2614
57910
2615
57911
68152
2616
57912
68153
2617
57913
68154
2618
57914
68155
57915
68156
57916
68157
57917
68158
57918
68159
57919
68160
68161
68162
68163
19013
45639
84553
45644
45645
45646
45647
45648
80465
45649
80466
45650
45651
45652
80469
45653
70233
70234
70235
70236
70237
29277
70238
29278
78431
70239
70240
70241
29281
70242
70243
70244
29286
29287
29288
29289
29290
29291
29292
29293
29294
29295
72305
72306
72307
72308
72309
72310
72311
72312
72313
72314
72315
72316
74379
74380
74381
74382
74383
74384
74385
74386
74387
74388
74389
74390
43677
4767
4768
4769
4770
4771
66212
4772
66213
4773
4774
4775
76456
66216
4776
76457
76458
76459
76460
76461
66221
76462
66222
76463
66223
76464
66224
76465
66225
76466
66226
76467
66227
66228
66229
66230
70329
70330
70331
70332
70333
41661
41662
41663
41664
41665
27330
41666
41667
41668
41669
41670
41671
17096
41672
72399
72400
72401
72402
58068
68312
25322
25323
74476
25324
74477
25325
74478
25326
25327
25328
25329
25330
25331
25332
25333
70433
68393
68394
43819
68397
43824
43825
68402
43826
68403
43827
72500
68404
64308
43828
68405
64309
43829
68406
64310
43830
68407
64311
43831
68408
64312
43832
68409
64313
43833
68410
64314
68411
64315
64316
64317
64318
64319
27465
27466
27469
27474
74579
27475
27476
27477
27478
27479
27480
27481
82778
27482
33626
27483
58210
58215
58216
58217
58218
58219
58220
76653
58221
58222
58223
58224
70514
70515
70518
70523
70524
70525
70526
70527
70528
70529
41857
70530
82819
70531
82820
70532
72581
72582
82823
72585
72590
72591
72592
72593
72594
72595
72596
72597
72598
72599
39841
39842
39843
74660
39844
74661
39845
39846
39847
74664
39848
39849
39850
39851
39852
74669
74670
25518
74671
74672
56240
74673
56241
74674
56242
74675
56243
74676
56244
74677
56245
74678
56246
56247
56248
56249
56250
56251
76734
76735
76738
76743
76744
76745
76746
23498
76747
23499
76748
23500
76749
23501
76750
23502
76751
23503
76752
23504
23505
23506
23507
64468
23508
23509
41999
42004
42005
42006
42007
42008
42009
42010
42011
42012
42013
25653
25654
80951
25657
25662
25663
25664
25665
25666
25667
25668
25669
25670
31814
25671
48209
60497
64608
64609
64610
64611
64612
64613
40037
64614
64617
64622
66671
64623
64624
64625
64626
64627
64628
56436
64629
64630
64631
21634
21635
21636
21637
38021
21638
38022
21639
38023
21640
38024
21641
38025
21642
38026
21643
38027
21644
38028
21645
38029
38030
38031
38032
23706
68779
54448
54449
54450
54451
54452
54453
54454
54455
54456
54457
54458
54459
62706
62707
40179
70900
62708
62709
62710
62711
62712
40184
62713
40185
62714
40186
62715
40187
62716
40188
62717
40189
40190
40191
40192
40193
56578
56583
56584
56585
56586
56587
56588
56589
56590
56591
56592
46365
23841
23842
23845
75046
23850
23851
23852
23853
23854
23855
23856
23857
23858
30002
23859
21826
38217
79183
36194
36195
36196
36197
36198
36199
36200
36201
36202
36203
36204
36205
54644
19830
19831
19832
19833
19834
19835
19836
19837
19838
19839
19840
19841
77200
62866
79264
79265
79268
52656
52657
52658
17843
52659
17844
52660
17845
52661
17846
52662
17847
52663
17848
52664
17849
52665
17850
52666
17851
52667
17852
17853
17854
21961
21962
21965
21970
21971
21972
21973
21974
21975
38359
21976
21977
21978
21979
38364
38365
38366
38367
38368
38369
38370
38371
67044
38372
67045
38373
67046
67047
67048
67049
67050
67051
67052
67053
67054
67055
44545
54786
54791
58887
54792
54793
54794
54795
54796
54797
54798
54799
54800
69152
63008
69153
69154
69155
69156
69157
63013
69158
63014
36390
69159
63015
69160
63016
69161
63017
69162
63018
69163
63019
63020
63021
63022
20022
50749
50750
50751
50752
50753
50754
50755
50756
50757
50758
50759
50760
34382
34383
34384
34385
34386
34387
34388
34389
34390
34391
34392
34393
71273
71274
71275
71276
15980
71277
15981
71278
15982
71279
15983
71280
15984
71281
15985
71282
15986
71283
15987
71284
15988
52852
15989
15990
15991
73340
73341
73342
73343
73344
73345
73346
73347
73348
69252
67204
73349
69253
73350
69254
73351
75419
75420
75421
75422
75423
75424
75425
75426
75427
75428
75429
75430
61104
61105
61106
61107
61108
61109
61110
61111
61112
61113
61114
36539
61115
20157
20158
36544
18113
20161
36545
36546
36547
36548
36549
71366
20166
36550
71367
20167
36551
71368
20168
36552
20169
36553
20170
20171
20172
20173
20174
20175
73436
73437
73438
73439
81633
42725
50945
52994
52999
53000
53001
26378
53002
67339
53003
67340
53004
53005
53006
67343
53007
53008
69393
34578
67348
67349
67350
67351
67352
67353
67354
67355
67356
67357
71465
16175
81714
81715
48947
48948
48949
81718
12086
48950
12087
48951
12088
48952
12089
48953
12090
32570
48954
12091
32571
48955
12092
32572
48956
12093
32573
48957
12094
32574
48958
12095
32575
12096
32576
12097
32577
32578
73539
32579
32580
32581
14152
18248
8009
14153
18249
8010
14154
8011
14155
8012
14156
18252
8013
14157
8014
14158
8015
14159
8016
14160
61264
8017
14161
18257
8018
14162
18258
8019
14163
18259
8020
18260
18261
18262
18263
18264
18265
18266
75616
69474
69475
69478
79720
69483
69484
69485
69486
69487
69488
69489
69490
69491
69492
77687
77688
77689
77690
71546
77691
71547
77692
77693
77694
71550
77695
77696
77697
77698
71555
71556
71557
71558
71559
71560
71561
71562
71563
71564
51087
73620
51092
73621
51093
51094
51095
73624
51096
34713
51097
34714
51098
51099
51100
73629
34717
51101
73630
73631
73632
73633
73634
34722
73635
34723
73636
34724
73637
34725
73638
34726
34727
34728
34729
34730
34731
75697
75698
75701
16310
16311
75706
16314
75707
75708
75709
75710
75711
16319
75712
16320
75713
16321
75714
16322
75715
16323
16324
16325
16326
16327
16328
40905
85966
57299
61406
61411
61412
61413
61414
61415
61416
61417
61418
12266
61419
12267
61420
12268
12269
12270
10226
10227
6132
10228
6133
10229
6134
10230
24566
6135
10231
49143
6136
10232
6137
10233
6138
10234
6139
10235
6140
10236
6141
10237
6142
32766
6143
)


// ************************************************************************* //
