/*--------------------------------*- C++ -*----------------------------------*\
| =========                 |                                                 |
| \\      /  F ield         | OpenFOAM: The Open Source CFD Toolbox           |
|  \\    /   O peration     | Version:  2606                                  |
|   \\  /    A nd           | Website:  www.openfoam.com                      |
|    \\/     M anipulation  |                                                 |
\*---------------------------------------------------------------------------*/
FoamFile
{
    version     2.0;
    format      ascii;
    arch        "LSB;label=32;scalar=64";
    class       cellSet;
    location    "constant/fluid/polyMesh/sets";
    object      cellDeterminant;
}
// * * * * * * * * * * * * * * * * * * * * * * * * * * * * * * * * * * * * * //


1185
(
32768
14336
32769
14337
32770
14338
32771
14339
32772
14340
32773
14341
32774
14342
32775
14343
32776
14344
14345
14346
12334
12335
12336
12337
12338
12339
12340
12341
12342
12343
32824
12344
32825
12345
32826
12346
32827
12347
32828
12348
32829
32830
32831
32832
32833
32834
32835
32836
32837
32838
20552
20566
12396
12397
12398
12399
12400
12401
12402
12403
12404
12405
32886
12406
32887
12407
32888
12408
32889
12409
32890
12410
32891
32892
32893
32894
32895
32896
32897
32898
32899
32900
12458
12459
26796
12460
12461
12462
12463
12464
12465
12466
12467
32948
12468
32949
12469
32950
12470
32951
12471
32952
12472
32953
32954
26810
32955
32956
32957
32958
32959
32960
32961
32962
45255
12520
12521
12522
12523
12524
12525
12526
12527
12528
12529
33010
12530
33011
12531
33012
12532
33013
12533
33014
12534
33015
33016
33017
33018
33019
33020
33021
33022
33023
33024
33027
33028
33029
33030
33031
33032
33033
33034
33035
33036
33037
33038
33039
33040
33041
33042
33043
33044
33045
33046
33047
33048
33049
33050
33051
33052
33053
33054
33055
33056
33057
33058
33059
33060
33061
33062
12582
33063
12583
33064
12584
33065
12585
33066
12586
33067
12587
33068
12588
33069
12589
33070
12590
33071
12591
33072
12592
33073
12593
33074
12594
33075
12595
33076
12596
33077
33078
33079
33080
33081
33082
33083
59708
33084
33085
33086
33087
33088
59715
59722
59726
12644
12645
49510
12646
12647
12648
12649
12650
12651
12652
12653
12654
12655
12656
12657
12658
39285
39299
51595
6545
12706
12707
12708
12709
12710
12711
6567
12712
6568
12713
6569
12714
6570
12715
6571
12716
6572
12717
6573
12718
6574
12719
6575
12720
6576
6577
6578
12723
6579
12724
6580
12725
6581
12726
12727
12728
12729
12730
12731
12732
12733
12734
12735
12736
12737
12738
12739
12740
12741
12742
12743
12744
12745
12746
12747
12748
12749
12750
12751
12752
12753
12754
12755
12756
12757
12758
12759
12760
12761
12762
12763
12764
47581
12765
12766
12767
12768
12769
12770
12771
12772
12773
12774
12775
12776
12777
12778
47595
12779
12780
12781
12782
12783
12784
57860
57861
57862
57863
57864
57865
57866
57867
57868
57869
57870
57871
57872
57873
57874
57875
57876
57877
57878
57879
57880
19002
25250
31467
31470
31471
49904
31472
49905
31473
49906
49907
49908
49909
31477
49910
31478
49911
31479
49912
31480
49913
31481
49914
49915
49916
49917
49918
49919
49920
49921
49922
31490
49923
31491
49924
49925
31493
49926
49927
49928
31500
31501
31502
31503
31512
31513
31514
31515
51996
31516
31517
31518
31519
31520
31521
31522
31523
31524
31525
31526
31528
52010
31549
31550
31551
31552
31553
31554
31555
31556
31557
31558
31559
31560
31561
31562
31563
37722
31586
31587
31588
31589
31590
31591
37736
31592
31593
31594
31595
31596
31597
31598
31599
31600
58237
31623
31624
31625
31626
5002
31627
5003
31628
31629
5005
31630
31631
31632
31633
31634
31635
31636
31637
5024
5025
5026
5027
5028
5029
5030
5031
5032
5033
5034
5035
31660
5036
31661
5037
31662
11182
5038
31663
31664
5040
31665
31666
31667
31668
31669
31670
31671
31672
31673
31674
43982
31697
31698
31699
31700
31701
31702
31703
31704
31705
31706
31707
31708
31709
31710
31711
11241
11242
11243
11244
11245
11246
11247
11248
11249
11250
11251
11252
11253
31734
11254
31735
11255
31736
31737
31738
31739
31740
31741
56318
31742
31743
31744
31745
31746
31747
31748
11278
11279
11280
11281
11282
11283
11284
11285
11286
11287
11288
11289
11290
11291
11292
17438
11315
11316
11317
11318
11319
11320
11321
11322
11323
11324
11325
11326
11327
31808
11328
31809
11329
31810
31811
31812
31813
31814
31815
31816
31817
31818
31819
31820
31821
31822
11352
11353
11354
11355
11356
11357
11358
11359
11360
11361
11362
11363
11364
31845
11365
31846
11366
31847
31848
31849
31850
31851
48236
31852
31853
31854
31855
31856
31857
31858
31859
48250
23676
11389
11390
11391
11392
11393
11394
11395
11396
11397
11398
11399
11400
11401
23690
11402
11403
50321
50324
50325
31896
31897
31898
50331
31899
50332
31900
50333
31901
50334
31902
50335
31903
31904
31905
31906
11426
31907
11427
31908
11428
31909
11429
31910
11430
11431
50344
11432
50345
11433
11434
11435
11436
11437
11438
11439
11440
52406
31947
31948
31949
31950
31951
31952
31953
31954
31955
31956
31957
31958
31959
31960
31961
29916
29930
11500
11501
11502
11503
11504
11505
11506
11507
11508
11509
11510
11511
11512
11513
11514
31998
31999
32000
32001
32002
32003
32004
32005
32006
32007
32008
32009
32010
32011
32012
11541
11542
11543
11544
11545
11546
11547
11548
11549
11550
11551
11552
11553
11554
11555
32049
32050
32051
32052
32053
32054
32055
32056
32057
32058
32059
32060
32061
32062
32063
11592
11593
11594
11595
11596
36173
11597
11598
11599
11600
11601
11602
11603
11604
11605
11606
32100
32101
32102
32103
32104
32105
32106
32107
32108
32109
32110
32111
32112
32113
32114
3445
11643
11644
11645
11646
11647
11648
11649
11650
11651
3459
11652
11653
11654
11655
11656
11657
32151
32152
32153
32154
32155
32156
32157
32158
32159
32160
32161
32162
32163
9635
32164
32165
11694
11695
11696
46513
11697
11698
11699
11700
11701
42422
11702
11703
11704
11705
9657
11706
9658
11707
9659
11708
9660
9661
9662
46527
9663
9664
9665
9666
9667
9668
9669
9670
9671
9673
32202
32203
32204
32205
32206
32207
32208
32209
32210
32211
32212
32213
32214
32215
32216
11745
11746
11747
11748
11749
11750
11751
11752
11753
11754
11755
11756
11757
11758
11759
32253
32254
32255
32256
32257
32258
15874
32259
32260
32261
32262
32263
32264
32265
32266
32267
11796
11797
11798
11799
15896
11800
15897
11801
15898
11802
15899
11803
15900
11804
15901
11805
15902
11806
15903
11807
15904
11808
15905
11809
15906
11810
15907
48676
15908
15909
15910
15912
50738
50739
50740
50741
50742
50743
50744
50745
50746
50747
50748
50749
50750
50751
50752
50753
50754
50755
50756
50757
50758
50759
11847
50760
11848
50761
11849
50762
11850
11851
11852
11853
11854
52815
11855
11856
11857
11858
11859
11860
11861
32355
32356
22116
32357
32358
32359
32360
32361
32362
32363
32364
32365
32366
32367
32368
32369
22130
11898
11899
11900
11901
11902
11903
11904
11905
11906
11907
11908
11909
11910
11911
11912
32411
32412
32413
32414
32415
32416
1696
32417
32418
32419
32420
32421
32422
32423
32424
32425
11949
11950
1710
11951
11952
11953
11954
11955
11956
11957
11958
11959
11960
11961
11962
11963
28356
28370
12000
12001
12002
12003
12004
12005
12006
12007
12008
12009
12010
12011
12012
12013
12014
57096
57097
57098
57099
57100
57101
57102
57103
57104
57105
57106
57107
12051
57108
12052
57109
12053
57110
12054
57111
12055
57112
12056
57113
12057
57114
12058
57115
12059
57116
12060
12061
12062
12063
12064
12065
34610
12107
12108
12109
12110
12111
12112
12113
12114
12115
12116
12117
12118
12119
12120
12121
55148
55149
55150
55151
55152
55153
55154
55155
55156
55157
55158
55159
55160
55161
55162
55163
55164
55165
55166
32638
55167
32639
55168
32640
32641
32642
32643
32644
32645
32646
32647
32648
32649
32650
32651
32652
40848
8088
40862
32700
32701
32702
32703
32704
32705
32706
32707
32708
49093
32709
32710
32711
32712
32713
32714
51155
14310
51178
51179
32762
32763
32764
14332
32765
14333
32766
14334
32767
14335
)


// ************************************************************************* //
