Rack dimensions:
  height: 0.4445 m (10 U)
  width:  0.22225 m (8.75 in)
  depth:  0.22225 m (8.75 in)

Components:
Component 1: Server 1
  dimensions: 0.22225 x 0.22225 x 0.04445 m
  coordinates: 0 0 0.04445 m
  watts: 500 W
  Internal Region 1:
    type: HeatSource
    size: 0.04445 0.22225 0.04445 m
    local_position: 0 0 0 m
    global_position: 0 0 0.04445 m
    watts: 200 W
    k: 120 W/m-K
    rho: 2300 kg/m^3
    cp: 700 J/kg-K

Fans: 
Fan 1: Top fan
  type: Exhaust
  shape: Circular
  cfm: 80
  diameter: 0.1 m
  f_size: 0 0 0 m
  f_center: 0.111125 0.111125 0.4445 m
  f_direction: 0 0 1

Vents: 
Vent 1: main front vent
  shape: Circular
  free_area_ratio: 0.5
  cd: 0.5
  diameter: 0.1 m
  v_size: 0 0 0 m
  v_center: 0.111125 0 0.1778 m
  v_direction: 0 1 0

