Rack dimensions:
  height: 0.4445 m (10 U)
  width:  0.22225 m (8.75 in)
  depth:  0.22225 m (8.75 in)

Components:
Component 1: S-1
  dimensions: 0.04445 x 0.22225 x 0.22225 m
  coordinates: 0 0 0.04445 m
  watts: 1000 W

Fans: 
Fan 1: Top exhust
  type: Exhaust
  cfm: 3
  diameter: 0.1 m
  center: 0.111125 0.111125 0.4445 m
  direction: 0 0 1

