Rack dimensions:
  height: 0.4445 m (10 U)
  width:  0.22225 m (8.75 in)
  depth:  0.22225 m (8.75 in)

Components:
Component 1: S-1
  dimensions: 0.22225 x 0.22225 x 0.04445 m
  coordinates: 0 0 0.04445 m
  watts: 1000 W
  Internal Region 1:
    type: Air
    size: 0.111125 0.22225 0.04445 m
    local_position: 0 0 0 m
    global_position: 0 0 0.04445 m
  Internal Region 2:
    type: HeatSource
    size: 0.0555625 0.111125 0.022225 m
    local_position: 0.0555625 0.022225 0 m
    global_position: 0.0555625 0.022225 0.04445 m
    watts: 200 W
    k: 237 W/m-K
    rho: 2170 kg/m^3
    cp: 897 J/kg-K

Fans: 
Fan 1: Top exhust
  type: Exhaust
  shape: Circular
  cfm: 3
  diameter: 0.1 m
  f_size: 0 0 0 m
  f_center: 0.111125 0.111125 0.4445 m
  f_direction: 0 0 1

Fan 2: mid intake
  type: Intake
  shape: Rectangular
  cfm: 3
  diameter: 0 m
  f_size: 0 0.1 0.1 m
  f_center: 0.22225 0.111125 0.22225 m
  f_direction: -1 0 0

Vents: 
Vent 1: Rack main vent
  Free area ratio: 0.5
  size: 0.1 0 0.1 m
  v_center: 0.111125 0 0.22225 m
  v_direction: 0 1 0

