/*--------------------------------*- C++ -*----------------------------------*\
| =========                 |                                                 |
| \\      /  F ield         | OpenFOAM: The Open Source CFD Toolbox           |
|  \\    /   O peration     | Version:  2606                                  |
|   \\  /    A nd           | Website:  www.openfoam.com                      |
|    \\/     M anipulation  |                                                 |
\*---------------------------------------------------------------------------*/
FoamFile
{
    version     2.0;
    format      ascii;
    arch        "LSB;label=32;scalar=64";
    class       cellSet;
    location    "constant/fluid/polyMesh/sets";
    object      external_Vent_main_intake_9;
}
// * * * * * * * * * * * * * * * * * * * * * * * * * * * * * * * * * * * * * //


763
(
5120
5121
5122
5123
5124
5125
5126
5127
5128
5129
5130
6182
6183
6184
6185
6186
3114
6187
3115
6188
3116
6189
3117
6190
3118
6191
3119
6192
3120
6193
3121
6194
3122
6195
3123
3124
3125
3126
3127
13384
13385
13386
13387
13388
18509
13389
18510
13390
18511
13391
18512
13392
18513
13393
16465
18514
13394
16466
18515
13395
16467
18516
13396
16468
18517
13397
16469
18518
16470
18519
16471
18520
16472
18521
16473
18522
16474
16475
21596
16476
21597
16477
21598
16478
21599
21600
21601
21602
21603
21604
21605
21606
21607
21608
21609
28779
28780
28781
28782
28783
28784
10352
28785
25713
10353
28786
25714
10354
28787
25715
10355
28788
25716
10356
28789
25717
10357
28790
25718
10358
28791
25719
10359
25720
10360
25721
10361
25722
10362
25723
10363
25724
10364
25725
10365
25726
17541
17542
17543
17544
17545
17546
17547
17548
15500
17549
15501
17550
15502
17551
15503
17552
15504
17553
15505
17554
15506
15507
15508
29845
15509
29846
15510
29847
15511
29848
15512
29849
15513
29850
29851
29852
29853
29854
29855
29856
24743
24744
24745
24746
24747
24748
24749
24750
24751
24752
24753
24754
24755
24756
20699
20700
20701
20702
20703
20704
20705
20706
20707
20708
20709
20710
20711
20712
26863
26864
26865
26866
26867
26868
26869
26870
26871
26872
26873
12537
26874
12538
26875
12539
12540
12541
12542
12543
9472
12544
9473
12545
9474
12546
9475
12547
9476
12548
9477
12549
9478
12550
9479
9480
9481
9482
9483
9484
9485
23849
23850
23851
23852
23853
23854
23855
23856
23857
23858
23859
23860
23861
23862
14650
14651
14652
14653
14654
14655
14656
14657
14658
14659
14660
14661
14662
14663
19805
19806
19807
19808
19809
19810
19811
19812
19813
19814
19815
19816
19817
19818
8600
7576
11672
8601
7577
11673
8602
7578
11674
8603
7579
11675
8604
7580
11676
8605
7581
11677
8606
7582
11678
8607
7583
11679
8608
7584
11680
8609
7585
11681
8610
7586
11682
8611
7587
11683
8612
7588
11684
8613
7589
11685
22955
22956
22957
22958
22959
22960
22961
22962
22963
22964
22965
22966
22967
22968
4582
4583
4584
4585
4586
4587
4588
4589
4590
13806
4591
13807
4592
13808
4593
13809
4594
13810
4595
13811
13812
13813
13814
13815
13816
13817
13818
13819
18941
18942
18943
18944
18945
18946
18947
18948
18949
18950
18951
18952
18953
18954
5652
5653
5654
5655
5656
5657
5658
5659
5660
5661
5662
5663
5664
5665
22052
22053
22054
22055
22056
10792
22057
10793
22058
10794
22059
10795
22060
10796
22061
10797
22062
10798
22063
10799
22064
10800
22065
10801
10802
10803
10804
10805
15925
15926
15927
15928
15929
15930
15931
15932
15933
15934
15935
15936
15937
15938
28250
28251
28252
28253
28254
28255
28256
28257
28258
28259
28260
28261
28262
25190
25191
25192
25193
25194
25195
25196
25197
17005
25198
17006
25199
17007
25200
17008
25201
17009
25202
17010
25203
17011
17012
17013
17014
17015
17016
17017
17018
26236
26237
26238
26239
29312
26240
29313
26241
29314
26242
29315
26243
29316
26244
29317
26245
29318
26246
29319
26247
29320
26248
29321
26249
29322
29323
29324
21146
21147
21148
21149
18077
21150
18078
21151
18079
21152
18080
21153
18081
21154
18082
12962
21155
18083
12963
21156
18084
12964
21157
18085
12965
21158
18086
12966
21159
18087
12967
18088
12968
18089
12969
18090
12970
12971
12972
12973
12974
12975
9912
9913
9914
9915
9916
9917
9918
9919
9920
9921
9922
9923
9924
9925
15075
15076
15077
15078
15079
24296
15080
24297
15081
24298
15082
24299
15083
24300
15084
24301
15085
24302
15086
24303
15087
24304
15088
24305
24306
24307
24308
24309
3848
3849
3850
3851
3852
3853
3854
3855
3856
3857
3858
3859
3860
3861
20252
20253
20254
20255
20256
20257
20258
20259
20260
20261
6949
20262
6950
20263
6951
20264
6952
20265
6953
6954
6955
6956
6957
6958
6959
6960
6961
6962
9036
9037
9038
9039
9040
12112
9041
12113
9042
12114
9043
12115
9044
12116
9045
12117
9046
12118
9047
12119
9048
12120
9049
12121
12122
12123
12124
12125
27488
27489
27490
27491
27492
27493
27494
27495
27496
27497
27498
23402
27499
23403
27500
23404
23405
23406
23407
23408
23409
23410
23411
23412
23413
23414
23415
14228
14229
14230
14231
8088
14232
8089
14233
8090
14234
8091
14235
8092
14236
8093
14237
8094
14238
8095
14239
8096
14240
8097
14241
8098
8099
8100
8101
19373
19374
19375
19376
19377
19378
19379
19380
19381
19382
19383
19384
19385
19386
11232
11233
11234
11235
11236
11237
11238
11239
11240
22505
11241
22506
11242
22507
11243
22508
11244
22509
11245
22510
22511
22512
22513
22514
22515
22516
22517
22518
5117
5118
5119
)


// ************************************************************************* //
