/*--------------------------------*- C++ -*----------------------------------*\
| =========                 |                                                 |
| \\      /  F ield         | OpenFOAM: The Open Source CFD Toolbox           |
|  \\    /   O peration     | Version:  2606                                  |
|   \\  /    A nd           | Website:  www.openfoam.com                      |
|    \\/     M anipulation  |                                                 |
\*---------------------------------------------------------------------------*/
FoamFile
{
    version     2.0;
    format      ascii;
    arch        "LSB;label=32;scalar=64";
    class       cellSet;
    location    "constant/fluid/polyMesh/sets";
    object      multiZoneCells;
}
// * * * * * * * * * * * * * * * * * * * * * * * * * * * * * * * * * * * * * //


1233
(
22556
22557
22558
22559
22560
22565
22566
6182
22567
6183
22568
6184
6185
6186
6187
6188
6189
6190
6191
6192
6193
6194
6195
14413
18509
14414
18510
14415
18511
14416
18512
16465
18513
16466
18514
16467
18515
16468
18516
16469
18517
16470
18518
16471
18519
16472
18520
6233
16473
18521
6234
16474
18522
6235
16475
6236
16476
6237
16477
16478
8288
8289
6242
8290
6243
8291
6244
6245
28779
28780
28781
28782
28783
28784
10352
28785
10353
28786
10354
28787
10355
28788
10356
28789
10357
28790
10358
28791
10359
10360
10361
10362
10363
10364
10365
18559
18560
18561
18562
16515
16516
16517
16518
10403
10404
10405
10406
24743
10407
24744
24745
24746
24747
24748
10412
24749
10413
24750
10414
24751
10415
24752
24753
24754
24755
24756
24794
24795
20699
24796
20700
24797
20701
24798
20702
20703
20704
20705
20706
24803
20707
24804
20708
24805
20709
24806
20710
20711
20712
26863
26864
26865
26866
26867
26868
26869
26870
26871
26872
26873
12537
26874
12538
26875
12539
12540
12541
12542
12543
12544
12545
12546
12547
12548
12549
12550
20750
20751
20752
20753
20754
20759
20760
20761
20762
26912
26913
26914
26915
26916
26921
26922
26923
12587
26924
12588
12589
12590
16695
10552
16696
10553
16697
10554
14650
16698
10555
14651
14652
14653
14654
14655
14656
14657
14658
14659
14660
14661
14662
14663
24924
24925
24926
24927
14700
14701
14702
14703
22925
20880
20881
20882
20883
8600
8601
8602
8603
8604
8605
8606
8607
8608
8609
8610
8611
8612
8613
22955
22956
22957
22958
22959
22960
22961
22962
22963
22964
22965
22966
22967
22968
8651
8652
8653
8654
8655
8660
8661
8662
8663
23006
23007
23008
23009
23010
4582
23015
4583
23016
4584
23017
4585
23018
4586
4587
4588
4589
4590
4591
4592
4593
4594
4595
14835
14836
14837
14838
18941
18942
18943
18944
18945
18946
18947
18948
18949
18950
18951
18952
18953
18954
10792
10793
10794
10795
10796
10797
10798
10799
18991
10800
18992
10801
18993
10802
18994
10803
10804
10805
10843
10844
10845
10846
10847
23136
8800
23137
8801
23138
8802
23139
8803
10852
10853
25190
10854
25191
10855
25192
25193
25194
25195
25196
25197
17005
25198
17006
25199
17007
25200
17008
25201
17009
25202
17010
25203
17011
17012
17013
17014
17015
17016
17017
17018
29312
29313
29314
29315
29316
29317
29318
29319
29320
29321
29322
29323
29324
25241
25242
21146
25243
21147
25244
21148
25245
21149
21150
17055
21151
17056
21152
17057
21153
25250
12962
17058
21154
25251
12963
21155
25252
12964
21156
25253
21157
12965
21158
12966
21159
12967
12968
12969
12970
12971
12972
12973
12974
12975
21197
21198
21199
21200
21201
13012
13013
21206
13014
21207
13015
21208
21209
15075
15076
15077
15078
15079
15080
15081
15082
15083
15084
15085
15086
15087
10992
15088
10993
10994
10995
15125
15126
15127
15128
25371
25372
25373
25374
6949
6950
6951
6952
6953
6954
6955
6956
6957
6958
6959
6960
6961
6962
9036
9037
9038
21327
9039
21328
9040
21329
9041
21330
9042
9043
17235
9044
17236
9045
17237
9046
17238
9047
7000
9048
7001
9049
7002
7003
13147
7004
13148
13149
13150
27488
27489
7009
27490
7010
27491
7011
27492
7012
27493
27494
27495
27496
27497
27498
23402
27499
23403
27500
23404
23405
23406
23407
23408
23409
23410
23411
23412
23413
23414
23415
9087
9088
9089
9090
9091
9096
9097
9098
9099
27537
27538
27539
27540
27541
27546
27547
27548
27549
23453
23454
23455
23456
23457
23462
23463
23464
23465
19373
19374
19375
19376
19377
19378
19379
19380
19381
19382
19383
19384
19385
19386
19423
11232
19424
11233
19425
11234
19426
11235
11236
11237
11238
11239
11240
11241
11242
11243
11244
11245
5117
5118
5119
5120
5121
5122
5123
5124
5125
5126
5127
5128
5129
5130
11283
9236
11284
9237
11285
9238
11286
9239
11287
7194
7195
7196
11292
7197
11293
11294
23583
11295
23584
23585
23586
3114
3115
3116
3117
3118
3119
3120
3121
3122
3123
3124
3125
3126
3127
21566
13384
13385
13386
13387
13388
13389
13390
13391
13392
13393
13394
13395
13396
13397
21596
21597
21598
21599
21600
21601
21602
21603
21604
21605
21606
21607
21608
21609
25713
25714
25715
25716
25717
25718
25719
25720
25721
25722
13434
25723
13435
25724
13436
25725
13437
25726
17541
17542
17543
17544
17545
17546
17547
15500
17548
15501
17549
15502
17550
21647
15503
17551
21648
15504
17552
21649
15505
17553
21650
15506
17554
21651
15507
15508
29845
15509
29846
15510
29847
15511
29848
21656
15512
29849
21657
15513
29850
21658
29851
21659
29852
29853
29854
29855
29856
25764
25765
25766
25767
25768
11432
11433
11434
11435
25773
25774
25775
25776
17591
17592
17593
17594
15550
15551
15552
15553
9472
9473
13569
9474
13570
9475
13571
9476
13572
9477
9478
9479
9480
9481
9482
9483
9484
9485
21777
21778
21779
21780
25894
25895
25896
25897
23849
23850
23851
23852
23853
23854
23855
23856
23857
23858
23859
9523
23860
9524
23861
9525
23862
9526
9527
9532
9533
9534
9535
23900
23901
19805
23902
19806
23903
19807
23904
19808
19809
19810
19811
19812
23909
19813
23910
19814
23911
19815
23912
19816
19817
19818
17771
17772
17773
17774
19856
19857
19858
19859
19860
7576
11672
7577
11673
19865
7578
11674
19866
7579
11675
19867
7580
11676
19868
7581
11677
7582
11678
7583
11679
7584
11680
7585
11681
7586
11682
7587
11683
7588
11684
7589
11685
9672
9673
9674
7627
9675
11723
7628
11724
7629
11725
7630
11726
7631
11727
7636
11732
7637
11733
7638
11734
7639
11735
24030
24031
24032
24033
13806
13807
13808
13809
13810
13811
13812
13813
13814
13815
13816
13817
13818
13819
22019
22020
22021
22022
19986
19987
5652
19988
5653
19989
5654
5655
5656
5657
5658
5659
5660
5661
5662
5663
5664
13856
5665
13857
13858
13859
22052
22053
22054
22055
22056
22057
22058
22059
22060
22061
22062
22063
22064
22065
15925
15926
15927
15928
15929
15930
15931
15932
15933
15934
15935
15936
15937
15938
22103
22104
22105
28250
22106
28251
22107
28252
28253
28254
28255
28256
22112
7776
28257
22113
7777
28258
22114
7778
28259
22115
7779
28260
28261
28262
15975
15976
15977
15978
26236
26237
26238
26239
26240
26241
26242
26243
26244
26245
26246
26247
26248
26249
18077
18078
18079
18080
18081
18082
18083
18084
18085
18086
13991
18087
13992
18088
13993
18089
13994
18090
26287
26288
26289
26290
26291
26296
9912
26297
9913
26298
9914
26299
9915
9916
9917
9918
9919
9920
9921
9922
9923
9924
9925
18127
18128
18129
18130
22233
22234
22235
22236
24296
24297
24298
24299
9963
24300
9964
24301
9965
24302
9966
24303
9967
24304
24305
24306
24307
24308
9972
24309
9973
9974
9975
3848
3849
3850
3851
3852
3853
3854
3855
3856
3857
3858
3859
3860
3861
24347
16155
24348
16156
20252
24349
16157
20253
24350
16158
20254
24351
20255
20256
20257
20258
20259
24356
20260
24357
20261
24358
20262
24359
20263
20264
20265
18243
18244
18245
18246
20303
12112
20304
12113
20305
12114
20306
12115
20307
12116
12117
12118
12119
12120
20312
12121
20313
12122
20314
12123
20315
12124
12125
26481
26482
26483
26484
12162
12163
12164
12165
14228
14229
14230
14231
8088
14232
8089
14233
8090
14234
8091
14235
8092
14236
24477
8093
14237
24478
8094
14238
24479
8095
14239
24480
8096
14240
8097
14241
8098
8099
8100
8101
14278
14279
14280
14281
22474
22475
8139
22476
8140
8141
8142
8143
20433
20434
20435
8148
20436
8149
8150
8151
22505
22506
22507
22508
22509
22510
22511
22512
22513
22514
22515
22516
22517
22518
)


// ************************************************************************* //
