/*--------------------------------*- C++ -*----------------------------------*\
| =========                 |                                                 |
| \\      /  F ield         | OpenFOAM: The Open Source CFD Toolbox           |
|  \\    /   O peration     | Version:  2606                                  |
|   \\  /    A nd           | Website:  www.openfoam.com                      |
|    \\/     M anipulation  |                                                 |
\*---------------------------------------------------------------------------*/
FoamFile
{
    version     2.0;
    format      ascii;
    arch        "LSB;label=32;scalar=64";
    class       labelList;
    location    "constant/Trenton_3U_BAM_2/polyMesh";
    object      cellRegionAddressing;
}
// * * * * * * * * * * * * * * * * * * * * * * * * * * * * * * * * * * * * * //


10864
(
213
214
215
216
217
218
219
220
221
222
223
224
225
226
227
228
275
276
277
278
279
280
281
282
283
284
285
286
287
288
289
290
337
338
339
340
341
342
343
344
345
346
347
348
349
350
351
352
399
400
401
402
403
404
405
406
407
408
409
410
411
412
413
414
461
462
463
464
465
466
467
468
469
470
471
472
473
474
475
476
523
524
525
526
527
528
529
530
531
532
533
534
535
536
537
538
585
586
587
588
589
590
591
592
593
594
595
596
597
598
599
600
647
648
649
650
651
652
653
654
655
656
657
658
659
660
661
662
709
710
711
712
713
714
715
716
717
718
719
720
721
722
723
724
771
772
773
774
775
776
777
778
779
780
781
782
783
784
785
786
833
834
835
836
837
838
839
840
841
842
843
844
845
846
847
848
895
896
897
898
899
900
901
902
903
904
905
906
907
908
909
910
957
958
959
960
961
962
963
964
965
966
967
968
969
970
971
972
1019
1020
1021
1022
1023
1024
1025
1026
1027
1028
1029
1030
1031
1032
1033
1034
1081
1082
1083
1084
1085
1086
1087
1088
1089
1090
1091
1092
1093
1094
1095
1096
1143
1144
1145
1146
1147
1148
1149
1150
1151
1152
1153
1154
1155
1156
1157
1158
1205
1206
1207
1208
1209
1210
1211
1212
1213
1214
1215
1216
1217
1218
1219
1220
1267
1268
1269
1270
1271
1272
1273
1274
1275
1276
1277
1278
1279
1280
1281
1282
1329
1330
1331
1332
1333
1334
1335
1336
1337
1338
1339
1340
1341
1342
1343
1344
1391
1392
1393
1394
1395
1396
1397
1398
1399
1400
1401
1402
1403
1404
1405
1406
1453
1454
1455
1456
1457
1458
1459
1460
1461
1462
1463
1464
1465
1466
1467
1468
1515
1516
1517
1518
1519
1520
1521
1522
1523
1524
1525
1526
1527
1528
1529
1530
1577
1578
1579
1580
1581
1582
1583
1584
1585
1586
1587
1588
1589
1590
1591
1592
1639
1640
1641
1642
1643
1644
1645
1646
1647
1648
1649
1650
1651
1652
1653
1654
1701
1702
1703
1704
1705
1706
1707
1708
1709
1710
1711
1712
1713
1714
1715
1716
1763
1764
1765
1766
1767
1768
1769
1770
1771
1772
1773
1774
1775
1776
1777
1778
1825
1826
1827
1828
1829
1830
1831
1832
1833
1834
1835
1836
1837
1838
1839
1840
1887
1888
1889
1890
1891
1892
1893
1894
1895
1896
1897
1898
1899
1900
1901
1902
1949
1950
1951
1952
1953
1954
1955
1956
1957
1958
1959
1960
1961
1962
1963
1964
2011
2012
2013
2014
2015
2016
2017
2018
2019
2020
2021
2022
2023
2024
2025
2026
2073
2074
2075
2076
2077
2078
2079
2080
2081
2082
2083
2084
2085
2086
2087
2088
2135
2136
2137
2138
2139
2140
2141
2142
2143
2144
2145
2146
2147
2148
2149
2150
2197
2198
2199
2200
2201
2202
2203
2204
2205
2206
2207
2208
2209
2210
2211
2212
2259
2260
2261
2262
2263
2264
2265
2266
2267
2268
2269
2270
2271
2272
2273
2274
2321
2322
2323
2324
2325
2326
2327
2328
2329
2330
2331
2332
2333
2334
2335
2336
2383
2384
2385
2386
2387
2388
2389
2390
2391
2392
2393
2394
2395
2396
2397
2398
2445
2446
2447
2448
2449
2450
2451
2452
2453
2454
2455
2456
2457
2458
2459
2460
2507
2508
2509
2510
2511
2512
2513
2514
2515
2516
2517
2518
2519
2520
2521
2522
4739
4740
4741
4742
4743
4744
4745
4746
4747
4748
4749
4750
4751
4752
4753
4754
4801
4816
4863
4878
4925
4940
4987
5002
5049
5064
5111
5126
5173
5188
5235
5250
5297
5312
5359
5374
5421
5436
5483
5498
5545
5560
5607
5622
5669
5684
5731
5746
5793
5808
5855
5870
5917
5932
5979
5994
6041
6056
6103
6118
6165
6180
6227
6242
6289
6304
6351
6366
6413
6428
6475
6490
6537
6552
6599
6614
6661
6676
6723
6738
6785
6800
6847
6862
6909
6924
6971
6986
7033
7034
7035
7036
7037
7038
7039
7040
7041
7042
7043
7044
7045
7046
7047
7048
9265
9266
9267
9278
9279
9280
9327
9342
9389
9404
9451
9466
9513
9528
9575
9590
9637
9652
9699
9714
9761
9776
9823
9838
9885
9900
9947
9962
10009
10024
10071
10086
10133
10148
10195
10210
10257
10272
10319
10334
10381
10396
10443
10458
10505
10520
10567
10582
10629
10644
10691
10706
10753
10768
10815
10830
10877
10892
10939
10954
11001
11016
11063
11078
11125
11140
11187
11202
11249
11264
11311
11326
11373
11388
11435
11450
11497
11512
11559
11560
11573
11574
13791
13792
13793
13804
13805
13806
13853
13868
13915
13930
13977
13992
14039
14054
14101
14116
14163
14178
14225
14240
14287
14302
14349
14364
14411
14426
14473
14488
14535
14550
14597
14612
14659
14674
14721
14736
14783
14798
14845
14860
14907
14922
14969
14984
15031
15046
15093
15108
15155
15170
15217
15232
15279
15294
15341
15356
15403
15418
15465
15480
15527
15542
15589
15604
15651
15666
15713
15728
15775
15790
15837
15852
15899
15914
15961
15976
16023
16038
16085
16086
16099
16100
18317
18318
18319
18330
18331
18332
18379
18394
18441
18456
18503
18518
18565
18580
18627
18642
18689
18704
18751
18766
18813
18828
18875
18890
18937
18952
18999
19014
19061
19076
19123
19138
19185
19200
19247
19262
19309
19324
19371
19386
19433
19448
19495
19510
19557
19572
19619
19634
19681
19696
19743
19758
19805
19820
19867
19882
19929
19944
19991
20006
20053
20068
20115
20130
20177
20192
20239
20254
20301
20316
20363
20378
20425
20440
20487
20502
20549
20564
20611
20612
20625
20626
22843
22844
22845
22856
22857
22858
22905
22920
22967
22982
23029
23044
23091
23106
23153
23168
23215
23230
23277
23292
23339
23354
23401
23416
23463
23478
23525
23540
23587
23602
23649
23664
23711
23726
23773
23788
23835
23850
23897
23912
23959
23974
24021
24036
24083
24098
24145
24160
24207
24222
24269
24284
24331
24346
24393
24408
24455
24470
24517
24532
24579
24585
24586
24587
24588
24594
24641
24647
24648
24649
24650
24656
24703
24709
24710
24711
24712
24718
24765
24771
24772
24773
24774
24780
24827
24833
24834
24835
24836
24842
24889
24895
24896
24897
24898
24904
24951
24966
25013
25028
25075
25090
25137
25138
25151
25152
27369
27370
27371
27382
27383
27384
27431
27446
27493
27508
27555
27570
27617
27632
27679
27694
27741
27756
27803
27818
27865
27880
27927
27942
27989
28004
28051
28066
28113
28128
28175
28190
28237
28252
28299
28314
28361
28376
28423
28438
28485
28500
28547
28562
28609
28624
28671
28686
28733
28748
28795
28810
28857
28872
28919
28934
28981
28996
29043
29058
29105
29111
29112
29113
29114
29120
29167
29173
29174
29175
29176
29182
29229
29235
29236
29237
29238
29244
29291
29297
29298
29299
29300
29306
29353
29359
29360
29361
29362
29368
29415
29421
29422
29423
29424
29430
29477
29492
29539
29554
29601
29616
29663
29664
29677
29678
31895
31896
31897
31908
31909
31910
31957
31972
32019
32034
32081
32096
32143
32158
32205
32220
32267
32282
32329
32344
32391
32406
32453
32468
32515
32530
32577
32592
32639
32654
32701
32716
32763
32778
32825
32840
32887
32902
32949
32964
33011
33026
33073
33088
33135
33150
33197
33212
33259
33274
33321
33336
33383
33398
33445
33460
33507
33522
33569
33584
33631
33637
33638
33639
33640
33646
33693
33699
33700
33701
33702
33708
33755
33761
33762
33763
33764
33770
33817
33823
33824
33825
33826
33832
33879
33885
33886
33887
33888
33894
33941
33947
33948
33949
33950
33956
34003
34018
34065
34080
34127
34142
34189
34190
34203
34204
36421
36422
36423
36434
36435
36436
36483
36498
36545
36560
36607
36622
36669
36684
36731
36746
36793
36808
36855
36870
36917
36932
36979
36985
36986
36987
36988
36994
37041
37047
37048
37049
37050
37056
37103
37109
37110
37111
37112
37118
37165
37171
37172
37173
37174
37180
37227
37233
37234
37235
37236
37242
37289
37295
37296
37297
37298
37304
37351
37357
37358
37359
37360
37366
37413
37419
37420
37421
37422
37428
37475
37481
37482
37483
37484
37490
37537
37543
37544
37545
37546
37552
37599
37605
37606
37607
37608
37614
37661
37667
37668
37669
37670
37676
37723
37729
37730
37731
37732
37738
37785
37791
37792
37793
37794
37800
37847
37853
37854
37855
37856
37862
37909
37915
37916
37917
37918
37924
37971
37977
37978
37979
37980
37986
38033
38048
38095
38110
38157
38163
38164
38165
38166
38172
38219
38225
38226
38227
38228
38234
38281
38287
38288
38289
38290
38296
38343
38349
38350
38351
38352
38358
38405
38411
38412
38413
38414
38420
38467
38473
38474
38475
38476
38482
38529
38544
38591
38606
38653
38668
38715
38716
38729
38730
40947
40948
40949
40960
40961
40962
41009
41024
41071
41086
41133
41148
41195
41210
41257
41272
41319
41334
41381
41396
41443
41458
41505
41511
41512
41513
41514
41520
41567
41573
41574
41575
41576
41582
41629
41635
41636
41637
41638
41644
41691
41697
41698
41699
41700
41706
41753
41759
41760
41761
41762
41768
41815
41821
41822
41823
41824
41830
41877
41883
41884
41885
41886
41892
41939
41945
41946
41947
41948
41954
42001
42007
42008
42009
42010
42016
42063
42069
42070
42071
42072
42078
42125
42131
42132
42133
42134
42140
42187
42193
42194
42195
42196
42202
42249
42255
42256
42257
42258
42264
42311
42317
42318
42319
42320
42326
42373
42379
42380
42381
42382
42388
42435
42441
42442
42443
42444
42450
42497
42503
42504
42505
42506
42512
42559
42574
42621
42636
42683
42689
42690
42691
42692
42698
42745
42751
42752
42753
42754
42760
42807
42813
42814
42815
42816
42822
42869
42875
42876
42877
42878
42884
42931
42937
42938
42939
42940
42946
42993
42999
43000
43001
43002
43008
43055
43070
43117
43132
43179
43194
43241
43242
43255
43256
45473
45474
45475
45486
45487
45488
45535
45550
45597
45612
45659
45674
45721
45736
45783
45798
45845
45860
45907
45922
45969
45984
46031
46037
46038
46039
46040
46046
46093
46099
46100
46101
46102
46108
46155
46161
46162
46163
46164
46170
46217
46223
46224
46225
46226
46232
46279
46285
46286
46287
46288
46294
46341
46347
46348
46349
46350
46356
46403
46409
46410
46411
46412
46418
46465
46471
46472
46473
46474
46480
46527
46533
46534
46535
46536
46542
46589
46595
46596
46597
46598
46604
46651
46657
46658
46659
46660
46666
46713
46719
46720
46721
46722
46728
46775
46781
46782
46783
46784
46790
46837
46843
46844
46845
46846
46852
46899
46905
46906
46907
46908
46914
46961
46967
46968
46969
46970
46976
47023
47029
47030
47031
47032
47038
47085
47100
47147
47162
47209
47215
47216
47217
47218
47224
47271
47277
47278
47279
47280
47286
47333
47339
47340
47341
47342
47348
47395
47401
47402
47403
47404
47410
47457
47463
47464
47465
47466
47472
47519
47525
47526
47527
47528
47534
47581
47596
47643
47658
47705
47720
47767
47768
47781
47782
49999
50000
50001
50012
50013
50014
50061
50076
50123
50138
50185
50200
50247
50262
50309
50324
50371
50386
50433
50448
50495
50510
50557
50563
50564
50565
50566
50572
50619
50625
50626
50627
50628
50634
50681
50687
50688
50689
50690
50696
50743
50749
50750
50751
50752
50758
50805
50811
50812
50813
50814
50820
50867
50873
50874
50875
50876
50882
50929
50935
50936
50937
50938
50944
50991
50997
50998
50999
51000
51006
51053
51059
51060
51061
51062
51068
51115
51121
51122
51123
51124
51130
51177
51183
51184
51185
51186
51192
51239
51245
51246
51247
51248
51254
51301
51307
51308
51309
51310
51316
51363
51369
51370
51371
51372
51378
51425
51431
51432
51433
51434
51440
51487
51493
51494
51495
51496
51502
51549
51555
51556
51557
51558
51564
51611
51626
51673
51688
51735
51741
51742
51743
51744
51750
51797
51803
51804
51805
51806
51812
51859
51865
51866
51867
51868
51874
51921
51927
51928
51929
51930
51936
51983
51989
51990
51991
51992
51998
52045
52051
52052
52053
52054
52060
52107
52122
52169
52184
52231
52246
52293
52294
52307
52308
54525
54526
54527
54538
54539
54540
54587
54602
54649
54664
54711
54726
54773
54788
54835
54850
54897
54912
54959
54974
55021
55036
55083
55089
55090
55091
55092
55098
55145
55151
55152
55153
55154
55160
55207
55213
55214
55215
55216
55222
55269
55275
55276
55277
55278
55284
55331
55337
55338
55339
55340
55346
55393
55399
55400
55401
55402
55408
55455
55461
55462
55463
55464
55470
55517
55523
55524
55525
55526
55532
55579
55585
55586
55587
55588
55594
55641
55647
55648
55649
55650
55656
55703
55709
55710
55711
55712
55718
55765
55771
55772
55773
55774
55780
55827
55833
55834
55835
55836
55842
55889
55895
55896
55897
55898
55904
55951
55957
55958
55959
55960
55966
56013
56019
56020
56021
56022
56028
56075
56081
56082
56083
56084
56090
56137
56152
56199
56214
56261
56267
56268
56269
56270
56276
56323
56329
56330
56331
56332
56338
56385
56391
56392
56393
56394
56400
56447
56453
56454
56455
56456
56462
56509
56515
56516
56517
56518
56524
56571
56577
56578
56579
56580
56586
56633
56648
56695
56710
56757
56772
56819
56820
56833
56834
59051
59052
59053
59064
59065
59066
59113
59128
59175
59190
59237
59252
59299
59314
59361
59376
59423
59438
59485
59500
59547
59562
59609
59615
59616
59617
59618
59624
59671
59677
59678
59679
59680
59686
59733
59739
59740
59741
59742
59748
59795
59801
59802
59803
59804
59810
59857
59863
59864
59865
59866
59872
59919
59925
59926
59927
59928
59934
59981
59987
59988
59989
59990
59996
60043
60049
60050
60051
60052
60058
60105
60111
60112
60113
60114
60120
60167
60173
60174
60175
60176
60182
60229
60235
60236
60237
60238
60244
60291
60297
60298
60299
60300
60306
60353
60359
60360
60361
60362
60368
60415
60421
60422
60423
60424
60430
60477
60483
60484
60485
60486
60492
60539
60545
60546
60547
60548
60554
60601
60607
60608
60609
60610
60616
60663
60678
60725
60740
60787
60793
60794
60795
60796
60802
60849
60855
60856
60857
60858
60864
60911
60917
60918
60919
60920
60926
60973
60979
60980
60981
60982
60988
61035
61041
61042
61043
61044
61050
61097
61103
61104
61105
61106
61112
61159
61174
61221
61236
61283
61298
61345
61346
61359
61360
63577
63578
63579
63590
63591
63592
63639
63654
63701
63716
63763
63778
63825
63840
63887
63902
63949
63964
64011
64026
64073
64088
64135
64141
64142
64143
64144
64150
64197
64203
64204
64205
64206
64212
64259
64265
64266
64267
64268
64274
64321
64327
64328
64329
64330
64336
64383
64389
64390
64391
64392
64398
64445
64451
64452
64453
64454
64460
64507
64513
64514
64515
64516
64522
64569
64575
64576
64577
64578
64584
64631
64637
64638
64639
64640
64646
64693
64699
64700
64701
64702
64708
64755
64761
64762
64763
64764
64770
64817
64823
64824
64825
64826
64832
64879
64885
64886
64887
64888
64894
64941
64947
64948
64949
64950
64956
65003
65009
65010
65011
65012
65018
65065
65071
65072
65073
65074
65080
65127
65133
65134
65135
65136
65142
65189
65204
65251
65266
65313
65319
65320
65321
65322
65328
65375
65381
65382
65383
65384
65390
65437
65443
65444
65445
65446
65452
65499
65505
65506
65507
65508
65514
65561
65567
65568
65569
65570
65576
65623
65629
65630
65631
65632
65638
65685
65700
65747
65762
65809
65824
65871
65872
65885
65886
68103
68104
68105
68116
68117
68118
68165
68180
68227
68242
68289
68304
68351
68366
68413
68428
68475
68490
68537
68552
68599
68614
68661
68667
68668
68669
68670
68676
68723
68729
68730
68731
68732
68738
68785
68791
68792
68793
68794
68800
68847
68853
68854
68855
68856
68862
68909
68915
68916
68917
68918
68924
68971
68977
68978
68979
68980
68986
69033
69039
69040
69041
69042
69048
69095
69101
69102
69103
69104
69110
69157
69163
69164
69165
69166
69172
69219
69225
69226
69227
69228
69234
69281
69287
69288
69289
69290
69296
69343
69349
69350
69351
69352
69358
69405
69411
69412
69413
69414
69420
69467
69473
69474
69475
69476
69482
69529
69535
69536
69537
69538
69544
69591
69597
69598
69599
69600
69606
69653
69659
69660
69661
69662
69668
69715
69730
69777
69792
69839
69845
69846
69847
69848
69854
69901
69907
69908
69909
69910
69916
69963
69969
69970
69971
69972
69978
70025
70031
70032
70033
70034
70040
70087
70093
70094
70095
70096
70102
70149
70155
70156
70157
70158
70164
70211
70226
70273
70288
70335
70350
70397
70398
70411
70412
72629
72630
72631
72642
72643
72644
72691
72706
72753
72768
72815
72830
72877
72892
72939
72954
73001
73016
73063
73078
73125
73140
73187
73193
73194
73195
73196
73202
73249
73255
73256
73257
73258
73264
73311
73317
73318
73319
73320
73326
73373
73379
73380
73381
73382
73388
73435
73441
73442
73443
73444
73450
73497
73503
73504
73505
73506
73512
73559
73565
73566
73567
73568
73574
73621
73627
73628
73629
73630
73636
73683
73689
73690
73691
73692
73698
73745
73751
73752
73753
73754
73760
73807
73813
73814
73815
73816
73822
73869
73875
73876
73877
73878
73884
73931
73937
73938
73939
73940
73946
73993
73999
74000
74001
74002
74008
74055
74061
74062
74063
74064
74070
74117
74123
74124
74125
74126
74132
74179
74185
74186
74187
74188
74194
74241
74256
74303
74318
74365
74371
74372
74373
74374
74380
74427
74433
74434
74435
74436
74442
74489
74495
74496
74497
74498
74504
74551
74557
74558
74559
74560
74566
74613
74619
74620
74621
74622
74628
74675
74681
74682
74683
74684
74690
74737
74752
74799
74814
74861
74876
74923
74924
74937
74938
77155
77156
77157
77168
77169
77170
77217
77232
77279
77294
77341
77356
77403
77418
77465
77480
77527
77542
77589
77604
77651
77666
77713
77719
77720
77721
77722
77728
77775
77781
77782
77783
77784
77790
77837
77843
77844
77845
77846
77852
77899
77905
77906
77907
77908
77914
77961
77967
77968
77969
77970
77976
78023
78029
78030
78031
78032
78038
78085
78091
78092
78093
78094
78100
78147
78153
78154
78155
78156
78162
78209
78215
78216
78217
78218
78224
78271
78277
78278
78279
78280
78286
78333
78339
78340
78341
78342
78348
78395
78401
78402
78403
78404
78410
78457
78463
78464
78465
78466
78472
78519
78525
78526
78527
78528
78534
78581
78587
78588
78589
78590
78596
78643
78649
78650
78651
78652
78658
78705
78711
78712
78713
78714
78720
78767
78782
78829
78844
78891
78897
78898
78899
78900
78906
78953
78959
78960
78961
78962
78968
79015
79021
79022
79023
79024
79030
79077
79083
79084
79085
79086
79092
79139
79145
79146
79147
79148
79154
79201
79207
79208
79209
79210
79216
79263
79278
79325
79340
79387
79402
79449
79450
79463
79464
81681
81682
81683
81694
81695
81696
81743
81758
81805
81820
81867
81882
81929
81944
81991
82006
82053
82068
82115
82130
82177
82192
82239
82245
82246
82247
82248
82254
82301
82307
82308
82309
82310
82316
82363
82369
82370
82371
82372
82378
82425
82431
82432
82433
82434
82440
82487
82493
82494
82495
82496
82502
82549
82555
82556
82557
82558
82564
82611
82617
82618
82619
82620
82626
82673
82679
82680
82681
82682
82688
82735
82741
82742
82743
82744
82750
82797
82803
82804
82805
82806
82812
82859
82865
82866
82867
82868
82874
82921
82927
82928
82929
82930
82936
82983
82989
82990
82991
82992
82998
83045
83051
83052
83053
83054
83060
83107
83113
83114
83115
83116
83122
83169
83175
83176
83177
83178
83184
83231
83237
83238
83239
83240
83246
83293
83308
83355
83370
83417
83423
83424
83425
83426
83432
83479
83485
83486
83487
83488
83494
83541
83547
83548
83549
83550
83556
83603
83609
83610
83611
83612
83618
83665
83671
83672
83673
83674
83680
83727
83733
83734
83735
83736
83742
83789
83804
83851
83866
83913
83928
83975
83976
83989
83990
86207
86208
86209
86220
86221
86222
86269
86284
86331
86346
86393
86408
86455
86470
86517
86532
86579
86594
86641
86656
86703
86718
86765
86771
86772
86773
86774
86780
86827
86833
86834
86835
86836
86842
86889
86895
86896
86897
86898
86904
86951
86957
86958
86959
86960
86966
87013
87019
87020
87021
87022
87028
87075
87081
87082
87083
87084
87090
87137
87143
87144
87145
87146
87152
87199
87205
87206
87207
87208
87214
87261
87267
87268
87269
87270
87276
87323
87329
87330
87331
87332
87338
87385
87391
87392
87393
87394
87400
87447
87453
87454
87455
87456
87462
87509
87515
87516
87517
87518
87524
87571
87577
87578
87579
87580
87586
87633
87639
87640
87641
87642
87648
87695
87701
87702
87703
87704
87710
87757
87763
87764
87765
87766
87772
87819
87834
87881
87896
87943
87949
87950
87951
87952
87958
88005
88011
88012
88013
88014
88020
88067
88073
88074
88075
88076
88082
88129
88135
88136
88137
88138
88144
88191
88197
88198
88199
88200
88206
88253
88259
88260
88261
88262
88268
88315
88330
88377
88392
88439
88454
88501
88502
88515
88516
90733
90734
90735
90746
90747
90748
90795
90810
90857
90872
90919
90934
90981
90996
91043
91058
91105
91120
91167
91182
91229
91244
91291
91297
91298
91299
91300
91306
91353
91359
91360
91361
91362
91368
91415
91421
91422
91423
91424
91430
91477
91483
91484
91485
91486
91492
91539
91545
91546
91547
91548
91554
91601
91607
91608
91609
91610
91616
91663
91669
91670
91671
91672
91678
91725
91731
91732
91733
91734
91740
91787
91793
91794
91795
91796
91802
91849
91855
91856
91857
91858
91864
91911
91917
91918
91919
91920
91926
91973
91979
91980
91981
91982
91988
92035
92041
92042
92043
92044
92050
92097
92103
92104
92105
92106
92112
92159
92165
92166
92167
92168
92174
92221
92227
92228
92229
92230
92236
92283
92289
92290
92291
92292
92298
92345
92360
92407
92422
92469
92475
92476
92477
92478
92484
92531
92537
92538
92539
92540
92546
92593
92599
92600
92601
92602
92608
92655
92661
92662
92663
92664
92670
92717
92723
92724
92725
92726
92732
92779
92785
92786
92787
92788
92794
92841
92856
92903
92918
92965
92980
93027
93028
93041
93042
95259
95260
95261
95272
95273
95274
95321
95336
95383
95398
95445
95460
95507
95522
95569
95584
95631
95646
95693
95708
95755
95770
95817
95823
95824
95825
95826
95832
95879
95885
95886
95887
95888
95894
95941
95947
95948
95949
95950
95956
96003
96009
96010
96011
96012
96018
96065
96071
96072
96073
96074
96080
96127
96133
96134
96135
96136
96142
96189
96195
96196
96197
96198
96204
96251
96257
96258
96259
96260
96266
96313
96319
96320
96321
96322
96328
96375
96381
96382
96383
96384
96390
96437
96443
96444
96445
96446
96452
96499
96505
96506
96507
96508
96514
96561
96567
96568
96569
96570
96576
96623
96629
96630
96631
96632
96638
96685
96691
96692
96693
96694
96700
96747
96753
96754
96755
96756
96762
96809
96815
96816
96817
96818
96824
96871
96886
96933
96948
96995
97001
97002
97003
97004
97010
97057
97063
97064
97065
97066
97072
97119
97125
97126
97127
97128
97134
97181
97187
97188
97189
97190
97196
97243
97249
97250
97251
97252
97258
97305
97311
97312
97313
97314
97320
97367
97382
97429
97444
97491
97506
97553
97554
97567
97568
99785
99786
99787
99798
99799
99800
99847
99862
99909
99924
99971
99986
100033
100048
100095
100110
100157
100172
100219
100234
100281
100296
100343
100349
100350
100351
100352
100358
100405
100411
100412
100413
100414
100420
100467
100473
100474
100475
100476
100482
100529
100535
100536
100537
100538
100544
100591
100597
100598
100599
100600
100606
100653
100659
100660
100661
100662
100668
100715
100721
100722
100723
100724
100730
100777
100783
100784
100785
100786
100792
100839
100845
100846
100847
100848
100854
100901
100907
100908
100909
100910
100916
100963
100969
100970
100971
100972
100978
101025
101031
101032
101033
101034
101040
101087
101093
101094
101095
101096
101102
101149
101155
101156
101157
101158
101164
101211
101217
101218
101219
101220
101226
101273
101279
101280
101281
101282
101288
101335
101341
101342
101343
101344
101350
101397
101412
101459
101474
101521
101527
101528
101529
101530
101536
101583
101589
101590
101591
101592
101598
101645
101651
101652
101653
101654
101660
101707
101713
101714
101715
101716
101722
101769
101775
101776
101777
101778
101784
101831
101837
101838
101839
101840
101846
101893
101908
101955
101970
102017
102032
102079
102080
102093
102094
104311
104312
104313
104324
104325
104326
104373
104388
104435
104450
104497
104512
104559
104574
104621
104636
104683
104698
104745
104760
104807
104822
104869
104875
104876
104877
104878
104884
104931
104937
104938
104939
104940
104946
104993
104999
105000
105001
105002
105008
105055
105061
105062
105063
105064
105070
105117
105123
105124
105125
105126
105132
105179
105185
105186
105187
105188
105194
105241
105247
105248
105249
105250
105256
105303
105309
105310
105311
105312
105318
105365
105371
105372
105373
105374
105380
105427
105433
105434
105435
105436
105442
105489
105495
105496
105497
105498
105504
105551
105557
105558
105559
105560
105566
105613
105619
105620
105621
105622
105628
105675
105681
105682
105683
105684
105690
105737
105743
105744
105745
105746
105752
105799
105805
105806
105807
105808
105814
105861
105867
105868
105869
105870
105876
105923
105938
105985
106000
106047
106053
106054
106055
106056
106062
106109
106115
106116
106117
106118
106124
106171
106177
106178
106179
106180
106186
106233
106239
106240
106241
106242
106248
106295
106301
106302
106303
106304
106310
106357
106363
106364
106365
106366
106372
106419
106434
106481
106496
106543
106558
106605
106606
106619
106620
108837
108838
108839
108850
108851
108852
108899
108914
108961
108976
109023
109038
109085
109100
109147
109162
109209
109224
109271
109286
109333
109348
109395
109401
109402
109403
109404
109410
109457
109463
109464
109465
109466
109472
109519
109525
109526
109527
109528
109534
109581
109587
109588
109589
109590
109596
109643
109649
109650
109651
109652
109658
109705
109711
109712
109713
109714
109720
109767
109773
109774
109775
109776
109782
109829
109835
109836
109837
109838
109844
109891
109897
109898
109899
109900
109906
109953
109959
109960
109961
109962
109968
110015
110021
110022
110023
110024
110030
110077
110083
110084
110085
110086
110092
110139
110145
110146
110147
110148
110154
110201
110207
110208
110209
110210
110216
110263
110269
110270
110271
110272
110278
110325
110331
110332
110333
110334
110340
110387
110393
110394
110395
110396
110402
110449
110464
110511
110526
110573
110579
110580
110581
110582
110588
110635
110641
110642
110643
110644
110650
110697
110703
110704
110705
110706
110712
110759
110765
110766
110767
110768
110774
110821
110827
110828
110829
110830
110836
110883
110889
110890
110891
110892
110898
110945
110960
111007
111022
111069
111084
111131
111132
111145
111146
113363
113364
113365
113376
113377
113378
113425
113440
113487
113502
113549
113564
113611
113626
113673
113688
113735
113750
113797
113812
113859
113874
113921
113927
113928
113929
113930
113936
113983
113989
113990
113991
113992
113998
114045
114051
114052
114053
114054
114060
114107
114113
114114
114115
114116
114122
114169
114175
114176
114177
114178
114184
114231
114237
114238
114239
114240
114246
114293
114299
114300
114301
114302
114308
114355
114361
114362
114363
114364
114370
114417
114423
114424
114425
114426
114432
114479
114485
114486
114487
114488
114494
114541
114547
114548
114549
114550
114556
114603
114609
114610
114611
114612
114618
114665
114671
114672
114673
114674
114680
114727
114733
114734
114735
114736
114742
114789
114795
114796
114797
114798
114804
114851
114857
114858
114859
114860
114866
114913
114919
114920
114921
114922
114928
114975
114990
115037
115052
115099
115114
115161
115176
115223
115238
115285
115300
115347
115362
115409
115424
115471
115486
115533
115548
115595
115610
115657
115658
115671
115672
117889
117890
117891
117902
117903
117904
117951
117966
118013
118028
118075
118090
118137
118152
118199
118214
118261
118276
118323
118338
118385
118400
118447
118453
118454
118455
118456
118462
118509
118515
118516
118517
118518
118524
118571
118577
118578
118579
118580
118586
118633
118639
118640
118641
118642
118648
118695
118701
118702
118703
118704
118710
118757
118763
118764
118765
118766
118772
118819
118825
118826
118827
118828
118834
118881
118887
118888
118889
118890
118896
118943
118949
118950
118951
118952
118958
119005
119011
119012
119013
119014
119020
119067
119073
119074
119075
119076
119082
119129
119135
119136
119137
119138
119144
119191
119197
119198
119199
119200
119206
119253
119259
119260
119261
119262
119268
119315
119321
119322
119323
119324
119330
119377
119383
119384
119385
119386
119392
119439
119445
119446
119447
119448
119454
119501
119516
119563
119578
119625
119630
119631
119632
119633
119634
119635
119640
119687
119692
119693
119694
119695
119696
119697
119702
119749
119754
119755
119756
119757
119758
119759
119764
119811
119816
119817
119818
119819
119820
119821
119826
119873
119878
119879
119880
119881
119882
119883
119888
119935
119940
119941
119942
119943
119944
119945
119950
119997
120002
120003
120004
120005
120006
120007
120012
120059
120074
120121
120136
120183
120184
120197
120198
122415
122416
122417
122428
122429
122430
122477
122492
122539
122554
122601
122616
122663
122678
122725
122740
122787
122802
122849
122864
122911
122926
122973
122979
122980
122981
122982
122988
123035
123041
123042
123043
123044
123050
123097
123103
123104
123105
123106
123112
123159
123165
123166
123167
123168
123174
123221
123227
123228
123229
123230
123236
123283
123289
123290
123291
123292
123298
123345
123351
123352
123353
123354
123360
123407
123413
123414
123415
123416
123422
123469
123475
123476
123477
123478
123484
123531
123537
123538
123539
123540
123546
123593
123599
123600
123601
123602
123608
123655
123661
123662
123663
123664
123670
123717
123723
123724
123725
123726
123732
123779
123785
123786
123787
123788
123794
123841
123847
123848
123849
123850
123856
123903
123909
123910
123911
123912
123918
123965
123971
123972
123973
123974
123980
124027
124042
124089
124104
124151
124156
124157
124158
124159
124160
124161
124166
124213
124218
124219
124220
124221
124222
124223
124228
124275
124280
124281
124282
124283
124284
124285
124290
124337
124342
124343
124344
124345
124346
124347
124352
124399
124404
124405
124406
124407
124408
124409
124414
124461
124466
124467
124468
124469
124470
124471
124476
124523
124528
124529
124530
124531
124532
124533
124538
124585
124600
124647
124662
124709
124710
124723
124724
126941
126942
126943
126954
126955
126956
127003
127018
127065
127080
127127
127142
127189
127204
127251
127266
127313
127328
127375
127390
127437
127452
127499
127505
127506
127507
127508
127514
127561
127567
127568
127569
127570
127576
127623
127629
127630
127631
127632
127638
127685
127691
127692
127693
127694
127700
127747
127753
127754
127755
127756
127762
127809
127815
127816
127817
127818
127824
127871
127877
127878
127879
127880
127886
127933
127939
127940
127941
127942
127948
127995
128001
128002
128003
128004
128010
128057
128063
128064
128065
128066
128072
128119
128125
128126
128127
128128
128134
128181
128187
128188
128189
128190
128196
128243
128249
128250
128251
128252
128258
128305
128311
128312
128313
128314
128320
128367
128373
128374
128375
128376
128382
128429
128435
128436
128437
128438
128444
128491
128497
128498
128499
128500
128506
128553
128568
128615
128630
128677
128682
128683
128684
128685
128686
128687
128692
128739
128744
128745
128746
128747
128748
128749
128754
128801
128806
128807
128808
128809
128810
128811
128816
128863
128868
128869
128870
128871
128872
128873
128878
128925
128930
128931
128932
128933
128934
128935
128940
128987
128992
128993
128994
128995
128996
128997
129002
129049
129054
129055
129056
129057
129058
129059
129064
129111
129126
129173
129188
129235
129236
129249
129250
131467
131468
131469
131480
131481
131482
131529
131544
131591
131606
131653
131668
131715
131730
131777
131792
131839
131854
131901
131916
131963
131978
132025
132031
132032
132033
132034
132040
132087
132093
132094
132095
132096
132102
132149
132155
132156
132157
132158
132164
132211
132217
132218
132219
132220
132226
132273
132279
132280
132281
132282
132288
132335
132341
132342
132343
132344
132350
132397
132403
132404
132405
132406
132412
132459
132465
132466
132467
132468
132474
132521
132527
132528
132529
132530
132536
132583
132589
132590
132591
132592
132598
132645
132651
132652
132653
132654
132660
132707
132713
132714
132715
132716
132722
132769
132775
132776
132777
132778
132784
132831
132837
132838
132839
132840
132846
132893
132899
132900
132901
132902
132908
132955
132961
132962
132963
132964
132970
133017
133023
133024
133025
133026
133032
133079
133094
133141
133156
133203
133208
133209
133210
133211
133212
133213
133218
133265
133270
133271
133272
133273
133274
133275
133280
133327
133332
133333
133334
133335
133336
133337
133342
133389
133394
133395
133396
133397
133398
133399
133404
133451
133456
133457
133458
133459
133460
133461
133466
133513
133518
133519
133520
133521
133522
133523
133528
133575
133580
133581
133582
133583
133584
133585
133590
133637
133652
133699
133714
133761
133762
133775
133776
135993
135994
135995
136006
136007
136008
136055
136070
136117
136132
136179
136194
136241
136256
136303
136318
136365
136380
136427
136442
136489
136504
136551
136557
136558
136559
136560
136566
136613
136619
136620
136621
136622
136628
136675
136681
136682
136683
136684
136690
136737
136743
136744
136745
136746
136752
136799
136805
136806
136807
136808
136814
136861
136867
136868
136869
136870
136876
136923
136929
136930
136931
136932
136938
136985
136991
136992
136993
136994
137000
137047
137053
137054
137055
137056
137062
137109
137115
137116
137117
137118
137124
137171
137177
137178
137179
137180
137186
137233
137239
137240
137241
137242
137248
137295
137301
137302
137303
137304
137310
137357
137363
137364
137365
137366
137372
137419
137425
137426
137427
137428
137434
137481
137487
137488
137489
137490
137496
137543
137549
137550
137551
137552
137558
137605
137620
137667
137682
137729
137734
137735
137736
137737
137738
137739
137744
137791
137796
137797
137798
137799
137800
137801
137806
137853
137858
137859
137860
137861
137862
137863
137868
137915
137920
137921
137922
137923
137924
137925
137930
137977
137982
137983
137984
137985
137986
137987
137992
138039
138044
138045
138046
138047
138048
138049
138054
138101
138106
138107
138108
138109
138110
138111
138116
138163
138178
138225
138240
138287
138288
138301
138302
140519
140520
140521
140532
140533
140534
140581
140596
140643
140658
140705
140720
140767
140782
140829
140844
140891
140906
140953
140968
141015
141030
141077
141083
141084
141085
141086
141092
141139
141145
141146
141147
141148
141154
141201
141207
141208
141209
141210
141216
141263
141269
141270
141271
141272
141278
141325
141331
141332
141333
141334
141340
141387
141393
141394
141395
141396
141402
141449
141455
141456
141457
141458
141464
141511
141517
141518
141519
141520
141526
141573
141579
141580
141581
141582
141588
141635
141641
141642
141643
141644
141650
141697
141703
141704
141705
141706
141712
141759
141765
141766
141767
141768
141774
141821
141827
141828
141829
141830
141836
141883
141889
141890
141891
141892
141898
141945
141951
141952
141953
141954
141960
142007
142013
142014
142015
142016
142022
142069
142075
142076
142077
142078
142084
142131
142146
142193
142208
142255
142260
142261
142262
142263
142264
142265
142270
142317
142322
142323
142324
142325
142326
142327
142332
142379
142384
142385
142386
142387
142388
142389
142394
142441
142446
142447
142448
142449
142450
142451
142456
142503
142508
142509
142510
142511
142512
142513
142518
142565
142570
142571
142572
142573
142574
142575
142580
142627
142632
142633
142634
142635
142636
142637
142642
142689
142704
142751
142766
142813
142814
142827
142828
145045
145046
145047
145058
145059
145060
145107
145122
145169
145184
145231
145246
145293
145308
145355
145370
145417
145432
145479
145494
145541
145545
145546
145547
145548
145549
145550
145551
145552
145556
145603
145607
145608
145609
145610
145611
145612
145613
145614
145618
145665
145669
145670
145671
145672
145673
145674
145675
145676
145680
145727
145731
145732
145733
145734
145735
145736
145737
145738
145742
145789
145793
145794
145795
145796
145797
145798
145799
145800
145804
145851
145855
145856
145857
145858
145859
145860
145861
145862
145866
145913
145917
145918
145919
145920
145921
145922
145923
145924
145928
145975
145979
145980
145981
145982
145983
145984
145985
145986
145990
146037
146041
146042
146043
146044
146045
146046
146047
146048
146052
146099
146103
146104
146105
146106
146107
146108
146109
146110
146114
146161
146165
146166
146167
146168
146169
146170
146171
146172
146176
146223
146227
146228
146229
146230
146231
146232
146233
146234
146238
146285
146289
146290
146291
146292
146293
146294
146295
146296
146300
146347
146351
146352
146353
146354
146355
146356
146357
146358
146362
146409
146413
146414
146415
146416
146417
146418
146419
146420
146424
146471
146475
146476
146477
146478
146479
146480
146481
146482
146486
146533
146537
146538
146539
146540
146541
146542
146543
146544
146548
146595
146599
146600
146601
146602
146603
146604
146605
146606
146610
146657
146661
146662
146663
146664
146665
146666
146667
146668
146672
146719
146734
146781
146786
146787
146788
146789
146790
146791
146796
146843
146848
146849
146850
146851
146852
146853
146858
146905
146910
146911
146912
146913
146914
146915
146920
146967
146972
146973
146974
146975
146976
146977
146982
147029
147034
147035
147036
147037
147038
147039
147044
147091
147096
147097
147098
147099
147100
147101
147106
147153
147158
147159
147160
147161
147162
147163
147168
147215
147230
147277
147292
147339
147340
147353
147354
149571
149572
149573
149584
149585
149586
149633
149648
149695
149710
149757
149772
149819
149834
149881
149896
149943
149958
150005
150020
150067
150071
150072
150073
150074
150075
150076
150077
150078
150082
150129
150133
150134
150135
150136
150137
150138
150139
150140
150144
150191
150195
150196
150197
150198
150199
150200
150201
150202
150206
150253
150257
150258
150259
150260
150261
150262
150263
150264
150268
150315
150319
150320
150321
150322
150323
150324
150325
150326
150330
150377
150381
150382
150383
150384
150385
150386
150387
150388
150392
150439
150443
150444
150445
150446
150447
150448
150449
150450
150454
150501
150505
150506
150507
150508
150509
150510
150511
150512
150516
150563
150567
150568
150569
150570
150571
150572
150573
150574
150578
150625
150629
150630
150631
150632
150633
150634
150635
150636
150640
150687
150691
150692
150693
150694
150695
150696
150697
150698
150702
150749
150753
150754
150755
150756
150757
150758
150759
150760
150764
150811
150815
150816
150817
150818
150819
150820
150821
150822
150826
150873
150877
150878
150879
150880
150881
150882
150883
150884
150888
150935
150939
150940
150941
150942
150943
150944
150945
150946
150950
150997
151001
151002
151003
151004
151005
151006
151007
151008
151012
151059
151063
151064
151065
151066
151067
151068
151069
151070
151074
151121
151125
151126
151127
151128
151129
151130
151131
151132
151136
151183
151187
151188
151189
151190
151191
151192
151193
151194
151198
151245
151260
151307
151312
151313
151314
151315
151316
151317
151322
151369
151374
151375
151376
151377
151378
151379
151384
151431
151436
151437
151438
151439
151440
151441
151446
151493
151498
151499
151500
151501
151502
151503
151508
151555
151560
151561
151562
151563
151564
151565
151570
151617
151622
151623
151624
151625
151626
151627
151632
151679
151684
151685
151686
151687
151688
151689
151694
151741
151756
151803
151818
151865
151866
151879
151880
154097
154098
154099
154110
154111
154112
154159
154174
154221
154236
154283
154298
154345
154360
154407
154422
154469
154484
154531
154546
154593
154597
154598
154599
154600
154601
154602
154603
154604
154608
154655
154659
154660
154661
154662
154663
154664
154665
154666
154670
154717
154721
154722
154723
154724
154725
154726
154727
154728
154732
154779
154783
154784
154785
154786
154787
154788
154789
154790
154794
154841
154845
154846
154847
154848
154849
154850
154851
154852
154856
154903
154907
154908
154909
154910
154911
154912
154913
154914
154918
154965
154969
154970
154971
154972
154973
154974
154975
154976
154980
155027
155031
155032
155033
155034
155035
155036
155037
155038
155042
155089
155093
155094
155095
155096
155097
155098
155099
155100
155104
155151
155155
155156
155157
155158
155159
155160
155161
155162
155166
155213
155217
155218
155219
155220
155221
155222
155223
155224
155228
155275
155279
155280
155281
155282
155283
155284
155285
155286
155290
155337
155341
155342
155343
155344
155345
155346
155347
155348
155352
155399
155403
155404
155405
155406
155407
155408
155409
155410
155414
155461
155465
155466
155467
155468
155469
155470
155471
155472
155476
155523
155527
155528
155529
155530
155531
155532
155533
155534
155538
155585
155589
155590
155591
155592
155593
155594
155595
155596
155600
155647
155651
155652
155653
155654
155655
155656
155657
155658
155662
155709
155713
155714
155715
155716
155717
155718
155719
155720
155724
155771
155786
155833
155838
155839
155840
155841
155842
155843
155848
155895
155900
155901
155902
155903
155904
155905
155910
155957
155962
155963
155964
155965
155966
155967
155972
156019
156024
156025
156026
156027
156028
156029
156034
156081
156086
156087
156088
156089
156090
156091
156096
156143
156148
156149
156150
156151
156152
156153
156158
156205
156210
156211
156212
156213
156214
156215
156220
156267
156282
156329
156344
156391
156392
156405
156406
158623
158624
158625
158636
158637
158638
158685
158700
158747
158762
158809
158824
158871
158886
158933
158948
158995
159010
159057
159072
159119
159123
159124
159125
159126
159127
159128
159129
159130
159134
159181
159185
159186
159187
159188
159189
159190
159191
159192
159196
159243
159247
159248
159249
159250
159251
159252
159253
159254
159258
159305
159309
159310
159311
159312
159313
159314
159315
159316
159320
159367
159371
159372
159373
159374
159375
159376
159377
159378
159382
159429
159433
159434
159435
159436
159437
159438
159439
159440
159444
159491
159495
159496
159497
159498
159499
159500
159501
159502
159506
159553
159557
159558
159559
159560
159561
159562
159563
159564
159568
159615
159619
159620
159621
159622
159623
159624
159625
159626
159630
159677
159681
159682
159683
159684
159685
159686
159687
159688
159692
159739
159743
159744
159745
159746
159747
159748
159749
159750
159754
159801
159805
159806
159807
159808
159809
159810
159811
159812
159816
159863
159867
159868
159869
159870
159871
159872
159873
159874
159878
159925
159929
159930
159931
159932
159933
159934
159935
159936
159940
159987
159991
159992
159993
159994
159995
159996
159997
159998
160002
160049
160053
160054
160055
160056
160057
160058
160059
160060
160064
160111
160115
160116
160117
160118
160119
160120
160121
160122
160126
160173
160177
160178
160179
160180
160181
160182
160183
160184
160188
160235
160239
160240
160241
160242
160243
160244
160245
160246
160250
160297
160312
160359
160364
160365
160366
160367
160368
160369
160374
160421
160426
160427
160428
160429
160430
160431
160436
160483
160488
160489
160490
160491
160492
160493
160498
160545
160550
160551
160552
160553
160554
160555
160560
160607
160612
160613
160614
160615
160616
160617
160622
160669
160674
160675
160676
160677
160678
160679
160684
160731
160736
160737
160738
160739
160740
160741
160746
160793
160808
160855
160870
160917
160918
160931
160932
163149
163150
163151
163162
163163
163164
163211
163226
163273
163288
163335
163350
163397
163412
163459
163474
163521
163536
163583
163598
163645
163649
163650
163651
163652
163653
163654
163655
163656
163660
163707
163711
163712
163713
163714
163715
163716
163717
163718
163722
163769
163773
163774
163775
163776
163777
163778
163779
163780
163784
163831
163835
163836
163837
163838
163839
163840
163841
163842
163846
163893
163897
163898
163899
163900
163901
163902
163903
163904
163908
163955
163959
163960
163961
163962
163963
163964
163965
163966
163970
164017
164021
164022
164023
164024
164025
164026
164027
164028
164032
164079
164083
164084
164085
164086
164087
164088
164089
164090
164094
164141
164145
164146
164147
164148
164149
164150
164151
164152
164156
164203
164207
164208
164209
164210
164211
164212
164213
164214
164218
164265
164269
164270
164271
164272
164273
164274
164275
164276
164280
164327
164331
164332
164333
164334
164335
164336
164337
164338
164342
164389
164393
164394
164395
164396
164397
164398
164399
164400
164404
164451
164455
164456
164457
164458
164459
164460
164461
164462
164466
164513
164517
164518
164519
164520
164521
164522
164523
164524
164528
164575
164579
164580
164581
164582
164583
164584
164585
164586
164590
164637
164641
164642
164643
164644
164645
164646
164647
164648
164652
164699
164703
164704
164705
164706
164707
164708
164709
164710
164714
164761
164765
164766
164767
164768
164769
164770
164771
164772
164776
164823
164838
164885
164890
164891
164892
164893
164894
164895
164900
164947
164952
164953
164954
164955
164956
164957
164962
165009
165014
165015
165016
165017
165018
165019
165024
165071
165076
165077
165078
165079
165080
165081
165086
165133
165138
165139
165140
165141
165142
165143
165148
165195
165200
165201
165202
165203
165204
165205
165210
165257
165262
165263
165264
165265
165266
165267
165272
165319
165334
165381
165396
165443
165444
165457
165458
167675
167676
167677
167688
167689
167690
167737
167752
167799
167814
167861
167876
167923
167938
167985
168000
168047
168062
168109
168124
168171
168175
168176
168177
168178
168179
168180
168181
168182
168186
168233
168237
168238
168239
168240
168241
168242
168243
168244
168248
168295
168299
168300
168301
168302
168303
168304
168305
168306
168310
168357
168361
168362
168363
168364
168365
168366
168367
168368
168372
168419
168423
168424
168425
168426
168427
168428
168429
168430
168434
168481
168485
168486
168487
168488
168489
168490
168491
168492
168496
168543
168547
168548
168549
168550
168551
168552
168553
168554
168558
168605
168609
168610
168611
168612
168613
168614
168615
168616
168620
168667
168671
168672
168673
168674
168675
168676
168677
168678
168682
168729
168733
168734
168735
168736
168737
168738
168739
168740
168744
168791
168795
168796
168797
168798
168799
168800
168801
168802
168806
168853
168857
168858
168859
168860
168861
168862
168863
168864
168868
168915
168919
168920
168921
168922
168923
168924
168925
168926
168930
168977
168981
168982
168983
168984
168985
168986
168987
168988
168992
169039
169043
169044
169045
169046
169047
169048
169049
169050
169054
169101
169105
169106
169107
169108
169109
169110
169111
169112
169116
169163
169167
169168
169169
169170
169171
169172
169173
169174
169178
169225
169229
169230
169231
169232
169233
169234
169235
169236
169240
169287
169291
169292
169293
169294
169295
169296
169297
169298
169302
169349
169364
169411
169416
169417
169418
169419
169420
169421
169426
169473
169478
169479
169480
169481
169482
169483
169488
169535
169540
169541
169542
169543
169544
169545
169550
169597
169602
169603
169604
169605
169606
169607
169612
169659
169664
169665
169666
169667
169668
169669
169674
169721
169726
169727
169728
169729
169730
169731
169736
169783
169788
169789
169790
169791
169792
169793
169798
169845
169860
169907
169922
169969
169970
169983
169984
172201
172202
172203
172214
172215
172216
172263
172278
172325
172340
172387
172402
172449
172464
172511
172526
172573
172588
172635
172650
172697
172701
172702
172703
172704
172705
172706
172707
172708
172712
172759
172763
172764
172765
172766
172767
172768
172769
172770
172774
172821
172825
172826
172827
172828
172829
172830
172831
172832
172836
172883
172887
172888
172889
172890
172891
172892
172893
172894
172898
172945
172949
172950
172951
172952
172953
172954
172955
172956
172960
173007
173011
173012
173013
173014
173015
173016
173017
173018
173022
173069
173073
173074
173075
173076
173077
173078
173079
173080
173084
173131
173135
173136
173137
173138
173139
173140
173141
173142
173146
173193
173197
173198
173199
173200
173201
173202
173203
173204
173208
173255
173259
173260
173261
173262
173263
173264
173265
173266
173270
173317
173321
173322
173323
173324
173325
173326
173327
173328
173332
173379
173383
173384
173385
173386
173387
173388
173389
173390
173394
173441
173445
173446
173447
173448
173449
173450
173451
173452
173456
173503
173507
173508
173509
173510
173511
173512
173513
173514
173518
173565
173569
173570
173571
173572
173573
173574
173575
173576
173580
173627
173631
173632
173633
173634
173635
173636
173637
173638
173642
173689
173693
173694
173695
173696
173697
173698
173699
173700
173704
173751
173755
173756
173757
173758
173759
173760
173761
173762
173766
173813
173817
173818
173819
173820
173821
173822
173823
173824
173828
173875
173890
173937
173942
173943
173944
173945
173946
173947
173952
173999
174004
174005
174006
174007
174008
174009
174014
174061
174066
174067
174068
174069
174070
174071
174076
174123
174128
174129
174130
174131
174132
174133
174138
174185
174190
174191
174192
174193
174194
174195
174200
174247
174252
174253
174254
174255
174256
174257
174262
174309
174314
174315
174316
174317
174318
174319
174324
174371
174386
174433
174448
174495
174496
174509
174510
176727
176728
176729
176740
176741
176742
176789
176804
176851
176866
176913
176928
176975
176990
177037
177052
177099
177114
177161
177176
177223
177227
177228
177229
177230
177231
177232
177233
177234
177238
177285
177289
177290
177291
177292
177293
177294
177295
177296
177300
177347
177351
177352
177353
177354
177355
177356
177357
177358
177362
177409
177413
177414
177415
177416
177417
177418
177419
177420
177424
177471
177475
177476
177477
177478
177479
177480
177481
177482
177486
177533
177537
177538
177539
177540
177541
177542
177543
177544
177548
177595
177599
177600
177601
177602
177603
177604
177605
177606
177610
177657
177661
177662
177663
177664
177665
177666
177667
177668
177672
177719
177723
177724
177725
177726
177727
177728
177729
177730
177734
177781
177785
177786
177787
177788
177789
177790
177791
177792
177796
177843
177847
177848
177849
177850
177851
177852
177853
177854
177858
177905
177909
177910
177911
177912
177913
177914
177915
177916
177920
177967
177971
177972
177973
177974
177975
177976
177977
177978
177982
178029
178033
178034
178035
178036
178037
178038
178039
178040
178044
178091
178095
178096
178097
178098
178099
178100
178101
178102
178106
178153
178157
178158
178159
178160
178161
178162
178163
178164
178168
178215
178219
178220
178221
178222
178223
178224
178225
178226
178230
178277
178281
178282
178283
178284
178285
178286
178287
178288
178292
178339
178343
178344
178345
178346
178347
178348
178349
178350
178354
178401
178416
178463
178468
178469
178470
178471
178472
178473
178478
178525
178530
178531
178532
178533
178534
178535
178540
178587
178592
178593
178594
178595
178596
178597
178602
178649
178654
178655
178656
178657
178658
178659
178664
178711
178716
178717
178718
178719
178720
178721
178726
178773
178778
178779
178780
178781
178782
178783
178788
178835
178840
178841
178842
178843
178844
178845
178850
178897
178912
178959
178974
179021
179022
179035
179036
181253
181254
181255
181266
181267
181268
181315
181330
181377
181392
181439
181454
181501
181516
181563
181578
181625
181640
181687
181702
181749
181753
181754
181755
181756
181757
181758
181759
181760
181764
181811
181815
181816
181817
181818
181819
181820
181821
181822
181826
181873
181877
181878
181879
181880
181881
181882
181883
181884
181888
181935
181939
181940
181941
181942
181943
181944
181945
181946
181950
181997
182001
182002
182003
182004
182005
182006
182007
182008
182012
182059
182063
182064
182065
182066
182067
182068
182069
182070
182074
182121
182125
182126
182127
182128
182129
182130
182131
182132
182136
182183
182187
182188
182189
182190
182191
182192
182193
182194
182198
182245
182249
182250
182251
182252
182253
182254
182255
182256
182260
182307
182311
182312
182313
182314
182315
182316
182317
182318
182322
182369
182373
182374
182375
182376
182377
182378
182379
182380
182384
182431
182435
182436
182437
182438
182439
182440
182441
182442
182446
182493
182497
182498
182499
182500
182501
182502
182503
182504
182508
182555
182559
182560
182561
182562
182563
182564
182565
182566
182570
182617
182621
182622
182623
182624
182625
182626
182627
182628
182632
182679
182683
182684
182685
182686
182687
182688
182689
182690
182694
182741
182745
182746
182747
182748
182749
182750
182751
182752
182756
182803
182807
182808
182809
182810
182811
182812
182813
182814
182818
182865
182869
182870
182871
182872
182873
182874
182875
182876
182880
182927
182942
182989
182994
182995
182996
182997
182998
182999
183004
183051
183056
183057
183058
183059
183060
183061
183066
183113
183118
183119
183120
183121
183122
183123
183128
183175
183180
183181
183182
183183
183184
183185
183190
183237
183242
183243
183244
183245
183246
183247
183252
183299
183304
183305
183306
183307
183308
183309
183314
183361
183366
183367
183368
183369
183370
183371
183376
183423
183438
183485
183500
183547
183548
183561
183562
185779
185780
185781
185792
185793
185794
185841
185856
185903
185918
185965
185980
186027
186042
186089
186104
186151
186166
186213
186228
186275
186279
186280
186281
186282
186283
186284
186285
186286
186290
186337
186341
186342
186343
186344
186345
186346
186347
186348
186352
186399
186403
186404
186405
186406
186407
186408
186409
186410
186414
186461
186465
186466
186467
186468
186469
186470
186471
186472
186476
186523
186527
186528
186529
186530
186531
186532
186533
186534
186538
186585
186589
186590
186591
186592
186593
186594
186595
186596
186600
186647
186651
186652
186653
186654
186655
186656
186657
186658
186662
186709
186713
186714
186715
186716
186717
186718
186719
186720
186724
186771
186775
186776
186777
186778
186779
186780
186781
186782
186786
186833
186837
186838
186839
186840
186841
186842
186843
186844
186848
186895
186899
186900
186901
186902
186903
186904
186905
186906
186910
186957
186961
186962
186963
186964
186965
186966
186967
186968
186972
187019
187023
187024
187025
187026
187027
187028
187029
187030
187034
187081
187085
187086
187087
187088
187089
187090
187091
187092
187096
187143
187147
187148
187149
187150
187151
187152
187153
187154
187158
187205
187209
187210
187211
187212
187213
187214
187215
187216
187220
187267
187271
187272
187273
187274
187275
187276
187277
187278
187282
187329
187333
187334
187335
187336
187337
187338
187339
187340
187344
187391
187395
187396
187397
187398
187399
187400
187401
187402
187406
187453
187468
187515
187520
187521
187522
187523
187524
187525
187530
187577
187582
187583
187584
187585
187586
187587
187592
187639
187644
187645
187646
187647
187648
187649
187654
187701
187706
187707
187708
187709
187710
187711
187716
187763
187768
187769
187770
187771
187772
187773
187778
187825
187830
187831
187832
187833
187834
187835
187840
187887
187892
187893
187894
187895
187896
187897
187902
187949
187964
188011
188026
188073
188074
188087
188088
190305
190306
190307
190318
190319
190320
190367
190382
190429
190444
190491
190506
190553
190568
190615
190630
190677
190692
190739
190754
190801
190805
190806
190807
190808
190809
190810
190811
190812
190816
190863
190867
190868
190869
190870
190871
190872
190873
190874
190878
190925
190929
190930
190931
190932
190933
190934
190935
190936
190940
190987
190991
190992
190993
190994
190995
190996
190997
190998
191002
191049
191053
191054
191055
191056
191057
191058
191059
191060
191064
191111
191115
191116
191117
191118
191119
191120
191121
191122
191126
191173
191177
191178
191179
191180
191181
191182
191183
191184
191188
191235
191239
191240
191241
191242
191243
191244
191245
191246
191250
191297
191301
191302
191303
191304
191305
191306
191307
191308
191312
191359
191363
191364
191365
191366
191367
191368
191369
191370
191374
191421
191425
191426
191427
191428
191429
191430
191431
191432
191436
191483
191487
191488
191489
191490
191491
191492
191493
191494
191498
191545
191549
191550
191551
191552
191553
191554
191555
191556
191560
191607
191611
191612
191613
191614
191615
191616
191617
191618
191622
191669
191673
191674
191675
191676
191677
191678
191679
191680
191684
191731
191735
191736
191737
191738
191739
191740
191741
191742
191746
191793
191797
191798
191799
191800
191801
191802
191803
191804
191808
191855
191859
191860
191861
191862
191863
191864
191865
191866
191870
191917
191921
191922
191923
191924
191925
191926
191927
191928
191932
191979
191994
192041
192046
192047
192048
192049
192050
192051
192056
192103
192108
192109
192110
192111
192112
192113
192118
192165
192170
192171
192172
192173
192174
192175
192180
192227
192232
192233
192234
192235
192236
192237
192242
192289
192294
192295
192296
192297
192298
192299
192304
192351
192356
192357
192358
192359
192360
192361
192366
192413
192418
192419
192420
192421
192422
192423
192428
192475
192490
192537
192552
192599
192600
192613
192614
194831
194832
194833
194844
194845
194846
194893
194908
194955
194970
195017
195032
195079
195094
195141
195156
195203
195218
195265
195280
195327
195331
195332
195333
195334
195335
195336
195337
195338
195342
195389
195393
195394
195395
195396
195397
195398
195399
195400
195404
195451
195455
195456
195457
195458
195459
195460
195461
195462
195466
195513
195517
195518
195519
195520
195521
195522
195523
195524
195528
195575
195579
195580
195581
195582
195583
195584
195585
195586
195590
195637
195641
195642
195643
195644
195645
195646
195647
195648
195652
195699
195703
195704
195705
195706
195707
195708
195709
195710
195714
195761
195765
195766
195767
195768
195769
195770
195771
195772
195776
195823
195827
195828
195829
195830
195831
195832
195833
195834
195838
195885
195889
195890
195891
195892
195893
195894
195895
195896
195900
195947
195951
195952
195953
195954
195955
195956
195957
195958
195962
196009
196013
196014
196015
196016
196017
196018
196019
196020
196024
196071
196075
196076
196077
196078
196079
196080
196081
196082
196086
196133
196137
196138
196139
196140
196141
196142
196143
196144
196148
196195
196199
196200
196201
196202
196203
196204
196205
196206
196210
196257
196261
196262
196263
196264
196265
196266
196267
196268
196272
196319
196323
196324
196325
196326
196327
196328
196329
196330
196334
196381
196385
196386
196387
196388
196389
196390
196391
196392
196396
196443
196447
196448
196449
196450
196451
196452
196453
196454
196458
196505
196520
196567
196572
196573
196574
196575
196576
196577
196582
196629
196634
196635
196636
196637
196638
196639
196644
196691
196696
196697
196698
196699
196700
196701
196706
196753
196758
196759
196760
196761
196762
196763
196768
196815
196820
196821
196822
196823
196824
196825
196830
196877
196882
196883
196884
196885
196886
196887
196892
196939
196944
196945
196946
196947
196948
196949
196954
197001
197016
197063
197078
197125
197126
197139
197140
199357
199358
199359
199370
199371
199372
199419
199434
199481
199496
199543
199558
199605
199620
199667
199682
199729
199744
199791
199806
199853
199857
199858
199859
199860
199861
199862
199863
199864
199868
199915
199919
199920
199921
199922
199923
199924
199925
199926
199930
199977
199981
199982
199983
199984
199985
199986
199987
199988
199992
200039
200043
200044
200045
200046
200047
200048
200049
200050
200054
200101
200105
200106
200107
200108
200109
200110
200111
200112
200116
200163
200167
200168
200169
200170
200171
200172
200173
200174
200178
200225
200229
200230
200231
200232
200233
200234
200235
200236
200240
200287
200291
200292
200293
200294
200295
200296
200297
200298
200302
200349
200353
200354
200355
200356
200357
200358
200359
200360
200364
200411
200415
200416
200417
200418
200419
200420
200421
200422
200426
200473
200477
200478
200479
200480
200481
200482
200483
200484
200488
200535
200539
200540
200541
200542
200543
200544
200545
200546
200550
200597
200601
200602
200603
200604
200605
200606
200607
200608
200612
200659
200663
200664
200665
200666
200667
200668
200669
200670
200674
200721
200725
200726
200727
200728
200729
200730
200731
200732
200736
200783
200787
200788
200789
200790
200791
200792
200793
200794
200798
200845
200849
200850
200851
200852
200853
200854
200855
200856
200860
200907
200911
200912
200913
200914
200915
200916
200917
200918
200922
200969
200973
200974
200975
200976
200977
200978
200979
200980
200984
201031
201046
201093
201098
201099
201100
201101
201102
201103
201108
201155
201160
201161
201162
201163
201164
201165
201170
201217
201222
201223
201224
201225
201226
201227
201232
201279
201284
201285
201286
201287
201288
201289
201294
201341
201346
201347
201348
201349
201350
201351
201356
201403
201408
201409
201410
201411
201412
201413
201418
201465
201470
201471
201472
201473
201474
201475
201480
201527
201542
201589
201604
201651
201652
201665
201666
203883
203884
203885
203896
203897
203898
203945
203960
204007
204022
204069
204084
204131
204146
204193
204208
204255
204270
204317
204332
204379
204383
204384
204385
204386
204387
204388
204389
204390
204394
204441
204445
204446
204447
204448
204449
204450
204451
204452
204456
204503
204507
204508
204509
204510
204511
204512
204513
204514
204518
204565
204569
204570
204571
204572
204573
204574
204575
204576
204580
204627
204631
204632
204633
204634
204635
204636
204637
204638
204642
204689
204693
204694
204695
204696
204697
204698
204699
204700
204704
204751
204755
204756
204757
204758
204759
204760
204761
204762
204766
204813
204817
204818
204819
204820
204821
204822
204823
204824
204828
204875
204879
204880
204881
204882
204883
204884
204885
204886
204890
204937
204941
204942
204943
204944
204945
204946
204947
204948
204952
204999
205003
205004
205005
205006
205007
205008
205009
205010
205014
205061
205065
205066
205067
205068
205069
205070
205071
205072
205076
205123
205127
205128
205129
205130
205131
205132
205133
205134
205138
205185
205189
205190
205191
205192
205193
205194
205195
205196
205200
205247
205251
205252
205253
205254
205255
205256
205257
205258
205262
205309
205313
205314
205315
205316
205317
205318
205319
205320
205324
205371
205375
205376
205377
205378
205379
205380
205381
205382
205386
205433
205437
205438
205439
205440
205441
205442
205443
205444
205448
205495
205499
205500
205501
205502
205503
205504
205505
205506
205510
205557
205572
205619
205624
205625
205626
205627
205628
205629
205634
205681
205686
205687
205688
205689
205690
205691
205696
205743
205748
205749
205750
205751
205752
205753
205758
205805
205810
205811
205812
205813
205814
205815
205820
205867
205872
205873
205874
205875
205876
205877
205882
205929
205934
205935
205936
205937
205938
205939
205944
205991
205996
205997
205998
205999
206000
206001
206006
206053
206068
206115
206130
206177
206178
206191
206192
208409
208410
208411
208422
208423
208424
208471
208486
208533
208548
208595
208610
208657
208672
208719
208734
208781
208796
208843
208858
208905
208909
208910
208911
208912
208913
208914
208915
208916
208920
208967
208971
208972
208973
208974
208975
208976
208977
208978
208982
209029
209033
209034
209035
209036
209037
209038
209039
209040
209044
209091
209095
209096
209097
209098
209099
209100
209101
209102
209106
209153
209157
209158
209159
209160
209161
209162
209163
209164
209168
209215
209219
209220
209221
209222
209223
209224
209225
209226
209230
209277
209281
209282
209283
209284
209285
209286
209287
209288
209292
209339
209343
209344
209345
209346
209347
209348
209349
209350
209354
209401
209405
209406
209407
209408
209409
209410
209411
209412
209416
209463
209467
209468
209469
209470
209471
209472
209473
209474
209478
209525
209529
209530
209531
209532
209533
209534
209535
209536
209540
209587
209591
209592
209593
209594
209595
209596
209597
209598
209602
209649
209653
209654
209655
209656
209657
209658
209659
209660
209664
209711
209715
209716
209717
209718
209719
209720
209721
209722
209726
209773
209777
209778
209779
209780
209781
209782
209783
209784
209788
209835
209839
209840
209841
209842
209843
209844
209845
209846
209850
209897
209901
209902
209903
209904
209905
209906
209907
209908
209912
209959
209963
209964
209965
209966
209967
209968
209969
209970
209974
210021
210025
210026
210027
210028
210029
210030
210031
210032
210036
210083
210098
210145
210150
210151
210152
210153
210154
210155
210160
210207
210212
210213
210214
210215
210216
210217
210222
210269
210274
210275
210276
210277
210278
210279
210284
210331
210336
210337
210338
210339
210340
210341
210346
210393
210398
210399
210400
210401
210402
210403
210408
210455
210460
210461
210462
210463
210464
210465
210470
210517
210522
210523
210524
210525
210526
210527
210532
210579
210594
210641
210656
210703
210704
210717
210718
212935
212936
212937
212948
212949
212950
212997
213012
213059
213074
213121
213136
213183
213198
213245
213260
213307
213322
213369
213384
213431
213446
213493
213508
213555
213570
213617
213632
213679
213694
213741
213756
213803
213818
213865
213880
213927
213942
213989
214004
214051
214066
214113
214128
214175
214190
214237
214252
214299
214314
214361
214376
214423
214438
214485
214500
214547
214562
214609
214624
214671
214686
214733
214748
214795
214810
214857
214872
214919
214934
214981
214996
215043
215058
215105
215120
215167
215182
215229
215230
215243
215244
217461
217462
217463
217474
217475
217476
217523
217538
217585
217600
217647
217662
217709
217724
217771
217786
217833
217848
217895
217910
217957
217972
218019
218034
218081
218096
218143
218158
218205
218220
218267
218282
218329
218344
218391
218406
218453
218468
218515
218530
218577
218592
218639
218654
218701
218716
218763
218778
218825
218840
218887
218902
218949
218964
219011
219026
219073
219088
219135
219150
219197
219212
219259
219274
219321
219336
219383
219398
219445
219460
219507
219522
219569
219584
219631
219646
219693
219708
219755
219756
219769
219770
221987
221988
221989
221990
221991
221992
221993
221994
221995
221996
221997
221998
221999
222000
222001
222002
222049
222064
222111
222126
222173
222188
222235
222250
222297
222312
222359
222374
222421
222436
222483
222498
222545
222560
222607
222622
222669
222684
222731
222746
222793
222808
222855
222870
222917
222932
222979
222994
223041
223056
223103
223118
223165
223180
223227
223242
223289
223304
223351
223366
223413
223428
223475
223490
223537
223552
223599
223614
223661
223676
223723
223738
223785
223800
223847
223862
223909
223924
223971
223986
224033
224048
224095
224110
224157
224172
224219
224234
224281
224282
224283
224284
224285
224286
224287
224288
224289
224290
224291
224292
224293
224294
224295
224296
226513
226514
226515
226516
226517
226518
226519
226520
226521
226522
226523
226524
226525
226526
226527
226528
226575
226590
226637
226652
226699
226714
226761
226776
226823
226838
226885
226900
226947
226962
227009
227024
227071
227086
227133
227148
227195
227210
227257
227272
227319
227334
227381
227396
227443
227458
227505
227520
227567
227582
227629
227644
227691
227706
227753
227768
227815
227830
227877
227892
227939
227954
228001
228016
228063
228078
228125
228140
228187
228202
228249
228264
228311
228326
228373
228388
228435
228450
228497
228512
228559
228574
228621
228636
228683
228698
228745
228760
228807
228808
228809
228810
228811
228812
228813
228814
228815
228816
228817
228818
228819
228820
228821
228822
231039
231040
231041
231042
231043
231044
231045
231046
231047
231048
231049
231050
231051
231052
231053
231054
231101
231116
231163
231178
231225
231240
231287
231302
231349
231364
231411
231426
231473
231488
231535
231550
231597
231612
231659
231674
231721
231736
231783
231798
231845
231860
231907
231922
231969
231984
232031
232046
232093
232108
232155
232170
232217
232232
232279
232294
232341
232356
232403
232418
232465
232480
232527
232542
232589
232604
232651
232666
232713
232728
232775
232790
232837
232852
232899
232914
232961
232976
233023
233038
233085
233100
233147
233162
233209
233224
233271
233286
233333
233334
233335
233336
233337
233338
233339
233340
233341
233342
233343
233344
233345
233346
233347
233348
235565
235566
235567
235568
235569
235570
235571
235572
235573
235574
235575
235576
235577
235578
235579
235580
235627
235642
235689
235704
235751
235766
235813
235828
235875
235890
235937
235952
235999
236014
236061
236076
236123
236138
236185
236200
236247
236262
236309
236324
236371
236386
236433
236448
236495
236510
236557
236572
236619
236634
236681
236696
236743
236758
236805
236820
236867
236882
236929
236944
236991
237006
237053
237068
237115
237130
237177
237192
237239
237254
237301
237316
237363
237378
237425
237440
237487
237502
237549
237564
237611
237626
237673
237688
237735
237750
237797
237812
237859
237860
237861
237862
237863
237864
237865
237866
237867
237868
237869
237870
237871
237872
237873
237874
240091
240092
240093
240094
240095
240096
240097
240098
240099
240100
240101
240102
240103
240104
240105
240106
240153
240154
240155
240156
240157
240158
240159
240160
240161
240162
240163
240164
240165
240166
240167
240168
240215
240216
240217
240218
240219
240220
240221
240222
240223
240224
240225
240226
240227
240228
240229
240230
240277
240278
240279
240280
240281
240282
240283
240284
240285
240286
240287
240288
240289
240290
240291
240292
240339
240340
240341
240342
240343
240344
240345
240346
240347
240348
240349
240350
240351
240352
240353
240354
240401
240402
240403
240404
240405
240406
240407
240408
240409
240410
240411
240412
240413
240414
240415
240416
240463
240464
240465
240466
240467
240468
240469
240470
240471
240472
240473
240474
240475
240476
240477
240478
240525
240526
240527
240528
240529
240530
240531
240532
240533
240534
240535
240536
240537
240538
240539
240540
240587
240588
240589
240590
240591
240592
240593
240594
240595
240596
240597
240598
240599
240600
240601
240602
240649
240650
240651
240652
240653
240654
240655
240656
240657
240658
240659
240660
240661
240662
240663
240664
240711
240712
240713
240714
240715
240716
240717
240718
240719
240720
240721
240722
240723
240724
240725
240726
240773
240774
240775
240776
240777
240778
240779
240780
240781
240782
240783
240784
240785
240786
240787
240788
240835
240836
240837
240838
240839
240840
240841
240842
240843
240844
240845
240846
240847
240848
240849
240850
240897
240898
240899
240900
240901
240902
240903
240904
240905
240906
240907
240908
240909
240910
240911
240912
240959
240960
240961
240962
240963
240964
240965
240966
240967
240968
240969
240970
240971
240972
240973
240974
241021
241022
241023
241024
241025
241026
241027
241028
241029
241030
241031
241032
241033
241034
241035
241036
241083
241084
241085
241086
241087
241088
241089
241090
241091
241092
241093
241094
241095
241096
241097
241098
241145
241146
241147
241148
241149
241150
241151
241152
241153
241154
241155
241156
241157
241158
241159
241160
241207
241208
241209
241210
241211
241212
241213
241214
241215
241216
241217
241218
241219
241220
241221
241222
241269
241270
241271
241272
241273
241274
241275
241276
241277
241278
241279
241280
241281
241282
241283
241284
241331
241332
241333
241334
241335
241336
241337
241338
241339
241340
241341
241342
241343
241344
241345
241346
241393
241394
241395
241396
241397
241398
241399
241400
241401
241402
241403
241404
241405
241406
241407
241408
241455
241456
241457
241458
241459
241460
241461
241462
241463
241464
241465
241466
241467
241468
241469
241470
241517
241518
241519
241520
241521
241522
241523
241524
241525
241526
241527
241528
241529
241530
241531
241532
241579
241580
241581
241582
241583
241584
241585
241586
241587
241588
241589
241590
241591
241592
241593
241594
241641
241642
241643
241644
241645
241646
241647
241648
241649
241650
241651
241652
241653
241654
241655
241656
241703
241704
241705
241706
241707
241708
241709
241710
241711
241712
241713
241714
241715
241716
241717
241718
241765
241766
241767
241768
241769
241770
241771
241772
241773
241774
241775
241776
241777
241778
241779
241780
241827
241828
241829
241830
241831
241832
241833
241834
241835
241836
241837
241838
241839
241840
241841
241842
241889
241890
241891
241892
241893
241894
241895
241896
241897
241898
241899
241900
241901
241902
241903
241904
241951
241952
241953
241954
241955
241956
241957
241958
241959
241960
241961
241962
241963
241964
241965
241966
242013
242014
242015
242016
242017
242018
242019
242020
242021
242022
242023
242024
242025
242026
242027
242028
242075
242076
242077
242078
242079
242080
242081
242082
242083
242084
242085
242086
242087
242088
242089
242090
242137
242138
242139
242140
242141
242142
242143
242144
242145
242146
242147
242148
242149
242150
242151
242152
242199
242200
242201
242202
242203
242204
242205
242206
242207
242208
242209
242210
242211
242212
242213
242214
242261
242262
242263
242264
242265
242266
242267
242268
242269
242270
242271
242272
242273
242274
242275
242276
242323
242324
242325
242326
242327
242328
242329
242330
242331
242332
242333
242334
242335
242336
242337
242338
242385
242386
242387
242388
242389
242390
242391
242392
242393
242394
242395
242396
242397
242398
242399
242400
)


// ************************************************************************* //
