/*--------------------------------*- C++ -*----------------------------------*\
| =========                 |                                                 |
| \\      /  F ield         | OpenFOAM: The Open Source CFD Toolbox           |
|  \\    /   O peration     | Version:  2606                                  |
|   \\  /    A nd           | Website:  www.openfoam.com                      |
|    \\/     M anipulation  |                                                 |
\*---------------------------------------------------------------------------*/
FoamFile
{
    version     2.0;
    format      ascii;
    arch        "LSB;label=32;scalar=64";
    class       cellSet;
    location    "constant/Eaton_SU3000RTXLCD2UTAA_UPS_0/polyMesh/sets";
    object      block2_2;
}
// * * * * * * * * * * * * * * * * * * * * * * * * * * * * * * * * * * * * * //


256
(
6656
6657
6660
6661
5638
5639
6664
6665
5642
5643
5646
5647
5650
5651
5654
5655
5658
5659
5662
5663
5666
5667
7224
7225
7228
7229
7232
7233
6210
6211
7236
7237
6214
6215
7240
7241
6218
6219
7244
7245
5197
6222
5198
6223
7248
7249
5201
6226
5202
6227
7252
7253
5205
6230
5206
6231
5209
6234
5210
6235
5213
6238
5214
6239
5217
5218
5221
5222
5225
5226
6783
6784
6787
6788
6791
6792
6795
6796
6799
6800
6803
6804
6807
6808
5785
5786
6811
6812
5789
5790
5793
5794
5797
5798
5801
5802
5805
5806
5809
5810
5813
5814
6350
6351
6354
6355
6358
6359
6362
6363
6366
6367
5344
5345
6370
6371
5348
5349
6374
6375
5352
5353
6378
6379
5356
5357
5360
5361
5364
5365
5368
5369
5372
5373
6930
6931
6934
6935
6938
6939
6942
6943
6946
6947
6950
6951
5929
6954
5930
6955
5933
6958
5934
6959
5937
5938
5941
5942
5945
5946
5949
5950
5953
5954
5957
5958
6492
6493
6496
6497
6500
6501
6504
6505
6508
6509
6512
6513
5491
6516
5492
6517
5495
6520
5496
6521
5499
5500
5503
5504
5507
5508
5511
5512
5515
5516
5519
5520
7077
7078
7081
7082
7085
7086
7089
7090
5043
5044
7093
7094
6070
6071
5047
5048
7097
7098
6074
6075
5051
5052
7101
7102
6078
6079
5055
5056
7105
7106
6082
6083
5059
5060
6086
6087
5063
5064
6090
6091
5067
5068
6094
6095
5071
5072
6098
6099
6636
6637
6640
6641
6644
6645
6648
6649
6652
6653
)


// ************************************************************************* //
