FoamFile
{
    format      ascii;
    class       cellSet;
    location    "constant/polyMesh/sets";
    object      Battery_pack_0;
}

1785
(
50656
50657
50658
50659
50660
50718
50719
50720
50721
50722
50780
50781
50782
50783
50784
50842
50843
50844
50845
50846
50904
50905
50906
50907
50908
50966
50967
50968
50969
50970
51028
51029
51030
51031
51032
51090
51091
51092
51093
51094
51152
51153
51154
51155
51156
51214
51215
51216
51217
51218
51276
51277
51278
51279
51280
51338
51339
51340
51341
51342
51400
51401
51402
51403
51404
51462
51463
51464
51465
51466
51524
51525
51526
51527
51528
51586
51587
51588
51589
51590
51648
51649
51650
51651
51652
51710
51711
51712
51713
51714
51772
51773
51774
51775
51776
51834
51835
51836
51837
51838
51896
51897
51898
51899
51900
55182
55183
55184
55185
55186
55244
55245
55246
55247
55248
55306
55307
55308
55309
55310
55368
55369
55370
55371
55372
55430
55431
55432
55433
55434
55492
55493
55494
55495
55496
55554
55555
55556
55557
55558
55616
55617
55618
55619
55620
55678
55679
55680
55681
55682
55740
55741
55742
55743
55744
55802
55803
55804
55805
55806
55864
55865
55866
55867
55868
55926
55927
55928
55929
55930
55988
55989
55990
55991
55992
56050
56051
56052
56053
56054
56112
56113
56114
56115
56116
56174
56175
56176
56177
56178
56236
56237
56238
56239
56240
56298
56299
56300
56301
56302
56360
56361
56362
56363
56364
56422
56423
56424
56425
56426
59708
59709
59710
59711
59712
59770
59771
59772
59773
59774
59832
59833
59834
59835
59836
59894
59895
59896
59897
59898
59956
59957
59958
59959
59960
60018
60019
60020
60021
60022
60080
60081
60082
60083
60084
60142
60143
60144
60145
60146
60204
60205
60206
60207
60208
60266
60267
60268
60269
60270
60328
60329
60330
60331
60332
60390
60391
60392
60393
60394
60452
60453
60454
60455
60456
60514
60515
60516
60517
60518
60576
60577
60578
60579
60580
60638
60639
60640
60641
60642
60700
60701
60702
60703
60704
60762
60763
60764
60765
60766
60824
60825
60826
60827
60828
60886
60887
60888
60889
60890
60948
60949
60950
60951
60952
64234
64235
64236
64237
64238
64296
64297
64298
64299
64300
64358
64359
64360
64361
64362
64420
64421
64422
64423
64424
64482
64483
64484
64485
64486
64544
64545
64546
64547
64548
64606
64607
64608
64609
64610
64668
64669
64670
64671
64672
64730
64731
64732
64733
64734
64792
64793
64794
64795
64796
64854
64855
64856
64857
64858
64916
64917
64918
64919
64920
64978
64979
64980
64981
64982
65040
65041
65042
65043
65044
65102
65103
65104
65105
65106
65164
65165
65166
65167
65168
65226
65227
65228
65229
65230
65288
65289
65290
65291
65292
65350
65351
65352
65353
65354
65412
65413
65414
65415
65416
65474
65475
65476
65477
65478
68760
68761
68762
68763
68764
68822
68823
68824
68825
68826
68884
68885
68886
68887
68888
68946
68947
68948
68949
68950
69008
69009
69010
69011
69012
69070
69071
69072
69073
69074
69132
69133
69134
69135
69136
69194
69195
69196
69197
69198
69256
69257
69258
69259
69260
69318
69319
69320
69321
69322
69380
69381
69382
69383
69384
69442
69443
69444
69445
69446
69504
69505
69506
69507
69508
69566
69567
69568
69569
69570
69628
69629
69630
69631
69632
69690
69691
69692
69693
69694
69752
69753
69754
69755
69756
69814
69815
69816
69817
69818
69876
69877
69878
69879
69880
69938
69939
69940
69941
69942
70000
70001
70002
70003
70004
73286
73287
73288
73289
73290
73348
73349
73350
73351
73352
73410
73411
73412
73413
73414
73472
73473
73474
73475
73476
73534
73535
73536
73537
73538
73596
73597
73598
73599
73600
73658
73659
73660
73661
73662
73720
73721
73722
73723
73724
73782
73783
73784
73785
73786
73844
73845
73846
73847
73848
73906
73907
73908
73909
73910
73968
73969
73970
73971
73972
74030
74031
74032
74033
74034
74092
74093
74094
74095
74096
74154
74155
74156
74157
74158
74216
74217
74218
74219
74220
74278
74279
74280
74281
74282
74340
74341
74342
74343
74344
74402
74403
74404
74405
74406
74464
74465
74466
74467
74468
74526
74527
74528
74529
74530
77812
77813
77814
77815
77816
77874
77875
77876
77877
77878
77936
77937
77938
77939
77940
77998
77999
78000
78001
78002
78060
78061
78062
78063
78064
78122
78123
78124
78125
78126
78184
78185
78186
78187
78188
78246
78247
78248
78249
78250
78308
78309
78310
78311
78312
78370
78371
78372
78373
78374
78432
78433
78434
78435
78436
78494
78495
78496
78497
78498
78556
78557
78558
78559
78560
78618
78619
78620
78621
78622
78680
78681
78682
78683
78684
78742
78743
78744
78745
78746
78804
78805
78806
78807
78808
78866
78867
78868
78869
78870
78928
78929
78930
78931
78932
78990
78991
78992
78993
78994
79052
79053
79054
79055
79056
82338
82339
82340
82341
82342
82400
82401
82402
82403
82404
82462
82463
82464
82465
82466
82524
82525
82526
82527
82528
82586
82587
82588
82589
82590
82648
82649
82650
82651
82652
82710
82711
82712
82713
82714
82772
82773
82774
82775
82776
82834
82835
82836
82837
82838
82896
82897
82898
82899
82900
82958
82959
82960
82961
82962
83020
83021
83022
83023
83024
83082
83083
83084
83085
83086
83144
83145
83146
83147
83148
83206
83207
83208
83209
83210
83268
83269
83270
83271
83272
83330
83331
83332
83333
83334
83392
83393
83394
83395
83396
83454
83455
83456
83457
83458
83516
83517
83518
83519
83520
83578
83579
83580
83581
83582
86864
86865
86866
86867
86868
86926
86927
86928
86929
86930
86988
86989
86990
86991
86992
87050
87051
87052
87053
87054
87112
87113
87114
87115
87116
87174
87175
87176
87177
87178
87236
87237
87238
87239
87240
87298
87299
87300
87301
87302
87360
87361
87362
87363
87364
87422
87423
87424
87425
87426
87484
87485
87486
87487
87488
87546
87547
87548
87549
87550
87608
87609
87610
87611
87612
87670
87671
87672
87673
87674
87732
87733
87734
87735
87736
87794
87795
87796
87797
87798
87856
87857
87858
87859
87860
87918
87919
87920
87921
87922
87980
87981
87982
87983
87984
88042
88043
88044
88045
88046
88104
88105
88106
88107
88108
91390
91391
91392
91393
91394
91452
91453
91454
91455
91456
91514
91515
91516
91517
91518
91576
91577
91578
91579
91580
91638
91639
91640
91641
91642
91700
91701
91702
91703
91704
91762
91763
91764
91765
91766
91824
91825
91826
91827
91828
91886
91887
91888
91889
91890
91948
91949
91950
91951
91952
92010
92011
92012
92013
92014
92072
92073
92074
92075
92076
92134
92135
92136
92137
92138
92196
92197
92198
92199
92200
92258
92259
92260
92261
92262
92320
92321
92322
92323
92324
92382
92383
92384
92385
92386
92444
92445
92446
92447
92448
92506
92507
92508
92509
92510
92568
92569
92570
92571
92572
92630
92631
92632
92633
92634
95916
95917
95918
95919
95920
95978
95979
95980
95981
95982
96040
96041
96042
96043
96044
96102
96103
96104
96105
96106
96164
96165
96166
96167
96168
96226
96227
96228
96229
96230
96288
96289
96290
96291
96292
96350
96351
96352
96353
96354
96412
96413
96414
96415
96416
96474
96475
96476
96477
96478
96536
96537
96538
96539
96540
96598
96599
96600
96601
96602
96660
96661
96662
96663
96664
96722
96723
96724
96725
96726
96784
96785
96786
96787
96788
96846
96847
96848
96849
96850
96908
96909
96910
96911
96912
96970
96971
96972
96973
96974
97032
97033
97034
97035
97036
97094
97095
97096
97097
97098
97156
97157
97158
97159
97160
100442
100443
100444
100445
100446
100504
100505
100506
100507
100508
100566
100567
100568
100569
100570
100628
100629
100630
100631
100632
100690
100691
100692
100693
100694
100752
100753
100754
100755
100756
100814
100815
100816
100817
100818
100876
100877
100878
100879
100880
100938
100939
100940
100941
100942
101000
101001
101002
101003
101004
101062
101063
101064
101065
101066
101124
101125
101126
101127
101128
101186
101187
101188
101189
101190
101248
101249
101250
101251
101252
101310
101311
101312
101313
101314
101372
101373
101374
101375
101376
101434
101435
101436
101437
101438
101496
101497
101498
101499
101500
101558
101559
101560
101561
101562
101620
101621
101622
101623
101624
101682
101683
101684
101685
101686
104968
104969
104970
104971
104972
105030
105031
105032
105033
105034
105092
105093
105094
105095
105096
105154
105155
105156
105157
105158
105216
105217
105218
105219
105220
105278
105279
105280
105281
105282
105340
105341
105342
105343
105344
105402
105403
105404
105405
105406
105464
105465
105466
105467
105468
105526
105527
105528
105529
105530
105588
105589
105590
105591
105592
105650
105651
105652
105653
105654
105712
105713
105714
105715
105716
105774
105775
105776
105777
105778
105836
105837
105838
105839
105840
105898
105899
105900
105901
105902
105960
105961
105962
105963
105964
106022
106023
106024
106025
106026
106084
106085
106086
106087
106088
106146
106147
106148
106149
106150
106208
106209
106210
106211
106212
109494
109495
109496
109497
109498
109556
109557
109558
109559
109560
109618
109619
109620
109621
109622
109680
109681
109682
109683
109684
109742
109743
109744
109745
109746
109804
109805
109806
109807
109808
109866
109867
109868
109869
109870
109928
109929
109930
109931
109932
109990
109991
109992
109993
109994
110052
110053
110054
110055
110056
110114
110115
110116
110117
110118
110176
110177
110178
110179
110180
110238
110239
110240
110241
110242
110300
110301
110302
110303
110304
110362
110363
110364
110365
110366
110424
110425
110426
110427
110428
110486
110487
110488
110489
110490
110548
110549
110550
110551
110552
110610
110611
110612
110613
110614
110672
110673
110674
110675
110676
110734
110735
110736
110737
110738
114020
114021
114022
114023
114024
114082
114083
114084
114085
114086
114144
114145
114146
114147
114148
114206
114207
114208
114209
114210
114268
114269
114270
114271
114272
114330
114331
114332
114333
114334
114392
114393
114394
114395
114396
114454
114455
114456
114457
114458
114516
114517
114518
114519
114520
114578
114579
114580
114581
114582
114640
114641
114642
114643
114644
114702
114703
114704
114705
114706
114764
114765
114766
114767
114768
114826
114827
114828
114829
114830
114888
114889
114890
114891
114892
114950
114951
114952
114953
114954
115012
115013
115014
115015
115016
115074
115075
115076
115077
115078
115136
115137
115138
115139
115140
115198
115199
115200
115201
115202
115260
115261
115262
115263
115264
118546
118547
118548
118549
118550
118608
118609
118610
118611
118612
118670
118671
118672
118673
118674
118732
118733
118734
118735
118736
118794
118795
118796
118797
118798
118856
118857
118858
118859
118860
118918
118919
118920
118921
118922
118980
118981
118982
118983
118984
119042
119043
119044
119045
119046
119104
119105
119106
119107
119108
119166
119167
119168
119169
119170
119228
119229
119230
119231
119232
119290
119291
119292
119293
119294
119352
119353
119354
119355
119356
119414
119415
119416
119417
119418
119476
119477
119478
119479
119480
119538
119539
119540
119541
119542
119600
119601
119602
119603
119604
119662
119663
119664
119665
119666
119724
119725
119726
119727
119728
119786
119787
119788
119789
119790
123072
123073
123074
123075
123076
123134
123135
123136
123137
123138
123196
123197
123198
123199
123200
123258
123259
123260
123261
123262
123320
123321
123322
123323
123324
123382
123383
123384
123385
123386
123444
123445
123446
123447
123448
123506
123507
123508
123509
123510
123568
123569
123570
123571
123572
123630
123631
123632
123633
123634
123692
123693
123694
123695
123696
123754
123755
123756
123757
123758
123816
123817
123818
123819
123820
123878
123879
123880
123881
123882
123940
123941
123942
123943
123944
124002
124003
124004
124005
124006
124064
124065
124066
124067
124068
124126
124127
124128
124129
124130
124188
124189
124190
124191
124192
124250
124251
124252
124253
124254
124312
124313
124314
124315
124316
)
