FoamFile
{
    format      ascii;
    class       cellSet;
    location    "constant/polyMesh/sets";
    object      block2_2;
}

256
(
155313
155314
155375
155376
155437
155438
155499
155500
155561
155562
155623
155624
155685
155686
155747
155748
159839
159840
159901
159902
159963
159964
160025
160026
160087
160088
160149
160150
160211
160212
160273
160274
164365
164366
164427
164428
164489
164490
164551
164552
164613
164614
164675
164676
164737
164738
164799
164800
168891
168892
168953
168954
169015
169016
169077
169078
169139
169140
169201
169202
169263
169264
169325
169326
173417
173418
173479
173480
173541
173542
173603
173604
173665
173666
173727
173728
173789
173790
173851
173852
177943
177944
178005
178006
178067
178068
178129
178130
178191
178192
178253
178254
178315
178316
178377
178378
182469
182470
182531
182532
182593
182594
182655
182656
182717
182718
182779
182780
182841
182842
182903
182904
186995
186996
187057
187058
187119
187120
187181
187182
187243
187244
187305
187306
187367
187368
187429
187430
191521
191522
191583
191584
191645
191646
191707
191708
191769
191770
191831
191832
191893
191894
191955
191956
196047
196048
196109
196110
196171
196172
196233
196234
196295
196296
196357
196358
196419
196420
196481
196482
200573
200574
200635
200636
200697
200698
200759
200760
200821
200822
200883
200884
200945
200946
201007
201008
205099
205100
205161
205162
205223
205224
205285
205286
205347
205348
205409
205410
205471
205472
205533
205534
209625
209626
209687
209688
209749
209750
209811
209812
209873
209874
209935
209936
209997
209998
210059
210060
214151
214152
214213
214214
214275
214276
214337
214338
214399
214400
214461
214462
214523
214524
214585
214586
218677
218678
218739
218740
218801
218802
218863
218864
218925
218926
218987
218988
219049
219050
219111
219112
223203
223204
223265
223266
223327
223328
223389
223390
223451
223452
223513
223514
223575
223576
223637
223638
)
