FoamFile
{
    format      ascii;
    class       cellSet;
    location    "constant/polyMesh/sets";
    object      block_1;
}

512
(
154321
154322
154383
154384
154445
154446
154507
154508
154569
154570
154631
154632
154693
154694
154755
154756
154817
154818
154879
154880
154941
154942
155003
155004
155065
155066
155127
155128
155189
155190
155251
155252
158847
158848
158909
158910
158971
158972
159033
159034
159095
159096
159157
159158
159219
159220
159281
159282
159343
159344
159405
159406
159467
159468
159529
159530
159591
159592
159653
159654
159715
159716
159777
159778
163373
163374
163435
163436
163497
163498
163559
163560
163621
163622
163683
163684
163745
163746
163807
163808
163869
163870
163931
163932
163993
163994
164055
164056
164117
164118
164179
164180
164241
164242
164303
164304
167899
167900
167961
167962
168023
168024
168085
168086
168147
168148
168209
168210
168271
168272
168333
168334
168395
168396
168457
168458
168519
168520
168581
168582
168643
168644
168705
168706
168767
168768
168829
168830
172425
172426
172487
172488
172549
172550
172611
172612
172673
172674
172735
172736
172797
172798
172859
172860
172921
172922
172983
172984
173045
173046
173107
173108
173169
173170
173231
173232
173293
173294
173355
173356
176951
176952
177013
177014
177075
177076
177137
177138
177199
177200
177261
177262
177323
177324
177385
177386
177447
177448
177509
177510
177571
177572
177633
177634
177695
177696
177757
177758
177819
177820
177881
177882
181477
181478
181539
181540
181601
181602
181663
181664
181725
181726
181787
181788
181849
181850
181911
181912
181973
181974
182035
182036
182097
182098
182159
182160
182221
182222
182283
182284
182345
182346
182407
182408
186003
186004
186065
186066
186127
186128
186189
186190
186251
186252
186313
186314
186375
186376
186437
186438
186499
186500
186561
186562
186623
186624
186685
186686
186747
186748
186809
186810
186871
186872
186933
186934
190529
190530
190591
190592
190653
190654
190715
190716
190777
190778
190839
190840
190901
190902
190963
190964
191025
191026
191087
191088
191149
191150
191211
191212
191273
191274
191335
191336
191397
191398
191459
191460
195055
195056
195117
195118
195179
195180
195241
195242
195303
195304
195365
195366
195427
195428
195489
195490
195551
195552
195613
195614
195675
195676
195737
195738
195799
195800
195861
195862
195923
195924
195985
195986
199581
199582
199643
199644
199705
199706
199767
199768
199829
199830
199891
199892
199953
199954
200015
200016
200077
200078
200139
200140
200201
200202
200263
200264
200325
200326
200387
200388
200449
200450
200511
200512
204107
204108
204169
204170
204231
204232
204293
204294
204355
204356
204417
204418
204479
204480
204541
204542
204603
204604
204665
204666
204727
204728
204789
204790
204851
204852
204913
204914
204975
204976
205037
205038
208633
208634
208695
208696
208757
208758
208819
208820
208881
208882
208943
208944
209005
209006
209067
209068
209129
209130
209191
209192
209253
209254
209315
209316
209377
209378
209439
209440
209501
209502
209563
209564
213159
213160
213221
213222
213283
213284
213345
213346
213407
213408
213469
213470
213531
213532
213593
213594
213655
213656
213717
213718
213779
213780
213841
213842
213903
213904
213965
213966
214027
214028
214089
214090
217685
217686
217747
217748
217809
217810
217871
217872
217933
217934
217995
217996
218057
218058
218119
218120
218181
218182
218243
218244
218305
218306
218367
218368
218429
218430
218491
218492
218553
218554
218615
218616
222211
222212
222273
222274
222335
222336
222397
222398
222459
222460
222521
222522
222583
222584
222645
222646
222707
222708
222769
222770
222831
222832
222893
222894
222955
222956
223017
223018
223079
223080
223141
223142
)
