FoamFile
{
    format      ascii;
    class       cellSet;
    location    "constant/polyMesh/sets";
    object      CPU_and_memory_zone_3;
}

2380
(
60528
60529
60530
60531
60590
60591
60592
60593
60652
60653
60654
60655
60714
60715
60716
60717
60776
60777
60778
60779
60838
60839
60840
60841
60900
60901
60902
60903
60962
60963
60964
60965
61024
61025
61026
61027
61086
61087
61088
61089
61148
61149
61150
61151
61210
61211
61212
61213
61272
61273
61274
61275
61334
61335
61336
61337
61396
61397
61398
61399
61458
61459
61460
61461
61520
61521
61522
61523
65054
65055
65056
65057
65116
65117
65118
65119
65178
65179
65180
65181
65240
65241
65242
65243
65302
65303
65304
65305
65364
65365
65366
65367
65426
65427
65428
65429
65488
65489
65490
65491
65550
65551
65552
65553
65612
65613
65614
65615
65674
65675
65676
65677
65736
65737
65738
65739
65798
65799
65800
65801
65860
65861
65862
65863
65922
65923
65924
65925
65984
65985
65986
65987
66046
66047
66048
66049
69580
69581
69582
69583
69642
69643
69644
69645
69704
69705
69706
69707
69766
69767
69768
69769
69828
69829
69830
69831
69890
69891
69892
69893
69952
69953
69954
69955
70014
70015
70016
70017
70076
70077
70078
70079
70138
70139
70140
70141
70200
70201
70202
70203
70262
70263
70264
70265
70324
70325
70326
70327
70386
70387
70388
70389
70448
70449
70450
70451
70510
70511
70512
70513
70572
70573
70574
70575
74106
74107
74108
74109
74168
74169
74170
74171
74230
74231
74232
74233
74292
74293
74294
74295
74354
74355
74356
74357
74416
74417
74418
74419
74478
74479
74480
74481
74540
74541
74542
74543
74602
74603
74604
74605
74664
74665
74666
74667
74726
74727
74728
74729
74788
74789
74790
74791
74850
74851
74852
74853
74912
74913
74914
74915
74974
74975
74976
74977
75036
75037
75038
75039
75098
75099
75100
75101
78632
78633
78634
78635
78694
78695
78696
78697
78756
78757
78758
78759
78818
78819
78820
78821
78880
78881
78882
78883
78942
78943
78944
78945
79004
79005
79006
79007
79066
79067
79068
79069
79128
79129
79130
79131
79190
79191
79192
79193
79252
79253
79254
79255
79314
79315
79316
79317
79376
79377
79378
79379
79438
79439
79440
79441
79500
79501
79502
79503
79562
79563
79564
79565
79624
79625
79626
79627
83158
83159
83160
83161
83220
83221
83222
83223
83282
83283
83284
83285
83344
83345
83346
83347
83406
83407
83408
83409
83468
83469
83470
83471
83530
83531
83532
83533
83592
83593
83594
83595
83654
83655
83656
83657
83716
83717
83718
83719
83778
83779
83780
83781
83840
83841
83842
83843
83902
83903
83904
83905
83964
83965
83966
83967
84026
84027
84028
84029
84088
84089
84090
84091
84150
84151
84152
84153
87684
87685
87686
87687
87746
87747
87748
87749
87808
87809
87810
87811
87870
87871
87872
87873
87932
87933
87934
87935
87994
87995
87996
87997
88056
88057
88058
88059
88118
88119
88120
88121
88180
88181
88182
88183
88242
88243
88244
88245
88304
88305
88306
88307
88366
88367
88368
88369
88428
88429
88430
88431
88490
88491
88492
88493
88552
88553
88554
88555
88614
88615
88616
88617
88676
88677
88678
88679
92210
92211
92212
92213
92272
92273
92274
92275
92334
92335
92336
92337
92396
92397
92398
92399
92458
92459
92460
92461
92520
92521
92522
92523
92582
92583
92584
92585
92644
92645
92646
92647
92706
92707
92708
92709
92768
92769
92770
92771
92830
92831
92832
92833
92892
92893
92894
92895
92954
92955
92956
92957
93016
93017
93018
93019
93078
93079
93080
93081
93140
93141
93142
93143
93202
93203
93204
93205
96736
96737
96738
96739
96798
96799
96800
96801
96860
96861
96862
96863
96922
96923
96924
96925
96984
96985
96986
96987
97046
97047
97048
97049
97108
97109
97110
97111
97170
97171
97172
97173
97232
97233
97234
97235
97294
97295
97296
97297
97356
97357
97358
97359
97418
97419
97420
97421
97480
97481
97482
97483
97542
97543
97544
97545
97604
97605
97606
97607
97666
97667
97668
97669
97728
97729
97730
97731
101262
101263
101264
101265
101324
101325
101326
101327
101386
101387
101388
101389
101448
101449
101450
101451
101510
101511
101512
101513
101572
101573
101574
101575
101634
101635
101636
101637
101696
101697
101698
101699
101758
101759
101760
101761
101820
101821
101822
101823
101882
101883
101884
101885
101944
101945
101946
101947
102006
102007
102008
102009
102068
102069
102070
102071
102130
102131
102132
102133
102192
102193
102194
102195
102254
102255
102256
102257
105788
105789
105790
105791
105850
105851
105852
105853
105912
105913
105914
105915
105974
105975
105976
105977
106036
106037
106038
106039
106098
106099
106100
106101
106160
106161
106162
106163
106222
106223
106224
106225
106284
106285
106286
106287
106346
106347
106348
106349
106408
106409
106410
106411
106470
106471
106472
106473
106532
106533
106534
106535
106594
106595
106596
106597
106656
106657
106658
106659
106718
106719
106720
106721
106780
106781
106782
106783
110314
110315
110316
110317
110376
110377
110378
110379
110438
110439
110440
110441
110500
110501
110502
110503
110562
110563
110564
110565
110624
110625
110626
110627
110686
110687
110688
110689
110748
110749
110750
110751
110810
110811
110812
110813
110872
110873
110874
110875
110934
110935
110936
110937
110996
110997
110998
110999
111058
111059
111060
111061
111120
111121
111122
111123
111182
111183
111184
111185
111244
111245
111246
111247
111306
111307
111308
111309
114840
114841
114842
114843
114902
114903
114904
114905
114964
114965
114966
114967
115026
115027
115028
115029
115088
115089
115090
115091
115150
115151
115152
115153
115212
115213
115214
115215
115274
115275
115276
115277
115336
115337
115338
115339
115398
115399
115400
115401
115460
115461
115462
115463
115522
115523
115524
115525
115584
115585
115586
115587
115646
115647
115648
115649
115708
115709
115710
115711
115770
115771
115772
115773
115832
115833
115834
115835
119366
119367
119368
119369
119428
119429
119430
119431
119490
119491
119492
119493
119552
119553
119554
119555
119614
119615
119616
119617
119676
119677
119678
119679
119738
119739
119740
119741
119800
119801
119802
119803
119862
119863
119864
119865
119924
119925
119926
119927
119986
119987
119988
119989
120048
120049
120050
120051
120110
120111
120112
120113
120172
120173
120174
120175
120234
120235
120236
120237
120296
120297
120298
120299
120358
120359
120360
120361
123892
123893
123894
123895
123954
123955
123956
123957
124016
124017
124018
124019
124078
124079
124080
124081
124140
124141
124142
124143
124202
124203
124204
124205
124264
124265
124266
124267
124326
124327
124328
124329
124388
124389
124390
124391
124450
124451
124452
124453
124512
124513
124514
124515
124574
124575
124576
124577
124636
124637
124638
124639
124698
124699
124700
124701
124760
124761
124762
124763
124822
124823
124824
124825
124884
124885
124886
124887
128418
128419
128420
128421
128480
128481
128482
128483
128542
128543
128544
128545
128604
128605
128606
128607
128666
128667
128668
128669
128728
128729
128730
128731
128790
128791
128792
128793
128852
128853
128854
128855
128914
128915
128916
128917
128976
128977
128978
128979
129038
129039
129040
129041
129100
129101
129102
129103
129162
129163
129164
129165
129224
129225
129226
129227
129286
129287
129288
129289
129348
129349
129350
129351
129410
129411
129412
129413
132944
132945
132946
132947
133006
133007
133008
133009
133068
133069
133070
133071
133130
133131
133132
133133
133192
133193
133194
133195
133254
133255
133256
133257
133316
133317
133318
133319
133378
133379
133380
133381
133440
133441
133442
133443
133502
133503
133504
133505
133564
133565
133566
133567
133626
133627
133628
133629
133688
133689
133690
133691
133750
133751
133752
133753
133812
133813
133814
133815
133874
133875
133876
133877
133936
133937
133938
133939
137470
137471
137472
137473
137532
137533
137534
137535
137594
137595
137596
137597
137656
137657
137658
137659
137718
137719
137720
137721
137780
137781
137782
137783
137842
137843
137844
137845
137904
137905
137906
137907
137966
137967
137968
137969
138028
138029
138030
138031
138090
138091
138092
138093
138152
138153
138154
138155
138214
138215
138216
138217
138276
138277
138278
138279
138338
138339
138340
138341
138400
138401
138402
138403
138462
138463
138464
138465
141996
141997
141998
141999
142058
142059
142060
142061
142120
142121
142122
142123
142182
142183
142184
142185
142244
142245
142246
142247
142306
142307
142308
142309
142368
142369
142370
142371
142430
142431
142432
142433
142492
142493
142494
142495
142554
142555
142556
142557
142616
142617
142618
142619
142678
142679
142680
142681
142740
142741
142742
142743
142802
142803
142804
142805
142864
142865
142866
142867
142926
142927
142928
142929
142988
142989
142990
142991
146522
146523
146524
146525
146584
146585
146586
146587
146646
146647
146648
146649
146708
146709
146710
146711
146770
146771
146772
146773
146832
146833
146834
146835
146894
146895
146896
146897
146956
146957
146958
146959
147018
147019
147020
147021
147080
147081
147082
147083
147142
147143
147144
147145
147204
147205
147206
147207
147266
147267
147268
147269
147328
147329
147330
147331
147390
147391
147392
147393
147452
147453
147454
147455
147514
147515
147516
147517
151048
151049
151050
151051
151110
151111
151112
151113
151172
151173
151174
151175
151234
151235
151236
151237
151296
151297
151298
151299
151358
151359
151360
151361
151420
151421
151422
151423
151482
151483
151484
151485
151544
151545
151546
151547
151606
151607
151608
151609
151668
151669
151670
151671
151730
151731
151732
151733
151792
151793
151794
151795
151854
151855
151856
151857
151916
151917
151918
151919
151978
151979
151980
151981
152040
152041
152042
152043
155574
155575
155576
155577
155636
155637
155638
155639
155698
155699
155700
155701
155760
155761
155762
155763
155822
155823
155824
155825
155884
155885
155886
155887
155946
155947
155948
155949
156008
156009
156010
156011
156070
156071
156072
156073
156132
156133
156134
156135
156194
156195
156196
156197
156256
156257
156258
156259
156318
156319
156320
156321
156380
156381
156382
156383
156442
156443
156444
156445
156504
156505
156506
156507
156566
156567
156568
156569
160100
160101
160102
160103
160162
160163
160164
160165
160224
160225
160226
160227
160286
160287
160288
160289
160348
160349
160350
160351
160410
160411
160412
160413
160472
160473
160474
160475
160534
160535
160536
160537
160596
160597
160598
160599
160658
160659
160660
160661
160720
160721
160722
160723
160782
160783
160784
160785
160844
160845
160846
160847
160906
160907
160908
160909
160968
160969
160970
160971
161030
161031
161032
161033
161092
161093
161094
161095
164626
164627
164628
164629
164688
164689
164690
164691
164750
164751
164752
164753
164812
164813
164814
164815
164874
164875
164876
164877
164936
164937
164938
164939
164998
164999
165000
165001
165060
165061
165062
165063
165122
165123
165124
165125
165184
165185
165186
165187
165246
165247
165248
165249
165308
165309
165310
165311
165370
165371
165372
165373
165432
165433
165434
165435
165494
165495
165496
165497
165556
165557
165558
165559
165618
165619
165620
165621
169152
169153
169154
169155
169214
169215
169216
169217
169276
169277
169278
169279
169338
169339
169340
169341
169400
169401
169402
169403
169462
169463
169464
169465
169524
169525
169526
169527
169586
169587
169588
169589
169648
169649
169650
169651
169710
169711
169712
169713
169772
169773
169774
169775
169834
169835
169836
169837
169896
169897
169898
169899
169958
169959
169960
169961
170020
170021
170022
170023
170082
170083
170084
170085
170144
170145
170146
170147
173678
173679
173680
173681
173740
173741
173742
173743
173802
173803
173804
173805
173864
173865
173866
173867
173926
173927
173928
173929
173988
173989
173990
173991
174050
174051
174052
174053
174112
174113
174114
174115
174174
174175
174176
174177
174236
174237
174238
174239
174298
174299
174300
174301
174360
174361
174362
174363
174422
174423
174424
174425
174484
174485
174486
174487
174546
174547
174548
174549
174608
174609
174610
174611
174670
174671
174672
174673
178204
178205
178206
178207
178266
178267
178268
178269
178328
178329
178330
178331
178390
178391
178392
178393
178452
178453
178454
178455
178514
178515
178516
178517
178576
178577
178578
178579
178638
178639
178640
178641
178700
178701
178702
178703
178762
178763
178764
178765
178824
178825
178826
178827
178886
178887
178888
178889
178948
178949
178950
178951
179010
179011
179012
179013
179072
179073
179074
179075
179134
179135
179136
179137
179196
179197
179198
179199
182730
182731
182732
182733
182792
182793
182794
182795
182854
182855
182856
182857
182916
182917
182918
182919
182978
182979
182980
182981
183040
183041
183042
183043
183102
183103
183104
183105
183164
183165
183166
183167
183226
183227
183228
183229
183288
183289
183290
183291
183350
183351
183352
183353
183412
183413
183414
183415
183474
183475
183476
183477
183536
183537
183538
183539
183598
183599
183600
183601
183660
183661
183662
183663
183722
183723
183724
183725
187256
187257
187258
187259
187318
187319
187320
187321
187380
187381
187382
187383
187442
187443
187444
187445
187504
187505
187506
187507
187566
187567
187568
187569
187628
187629
187630
187631
187690
187691
187692
187693
187752
187753
187754
187755
187814
187815
187816
187817
187876
187877
187878
187879
187938
187939
187940
187941
188000
188001
188002
188003
188062
188063
188064
188065
188124
188125
188126
188127
188186
188187
188188
188189
188248
188249
188250
188251
191782
191783
191784
191785
191844
191845
191846
191847
191906
191907
191908
191909
191968
191969
191970
191971
192030
192031
192032
192033
192092
192093
192094
192095
192154
192155
192156
192157
192216
192217
192218
192219
192278
192279
192280
192281
192340
192341
192342
192343
192402
192403
192404
192405
192464
192465
192466
192467
192526
192527
192528
192529
192588
192589
192590
192591
192650
192651
192652
192653
192712
192713
192714
192715
192774
192775
192776
192777
196308
196309
196310
196311
196370
196371
196372
196373
196432
196433
196434
196435
196494
196495
196496
196497
196556
196557
196558
196559
196618
196619
196620
196621
196680
196681
196682
196683
196742
196743
196744
196745
196804
196805
196806
196807
196866
196867
196868
196869
196928
196929
196930
196931
196990
196991
196992
196993
197052
197053
197054
197055
197114
197115
197116
197117
197176
197177
197178
197179
197238
197239
197240
197241
197300
197301
197302
197303
200834
200835
200836
200837
200896
200897
200898
200899
200958
200959
200960
200961
201020
201021
201022
201023
201082
201083
201084
201085
201144
201145
201146
201147
201206
201207
201208
201209
201268
201269
201270
201271
201330
201331
201332
201333
201392
201393
201394
201395
201454
201455
201456
201457
201516
201517
201518
201519
201578
201579
201580
201581
201640
201641
201642
201643
201702
201703
201704
201705
201764
201765
201766
201767
201826
201827
201828
201829
205360
205361
205362
205363
205422
205423
205424
205425
205484
205485
205486
205487
205546
205547
205548
205549
205608
205609
205610
205611
205670
205671
205672
205673
205732
205733
205734
205735
205794
205795
205796
205797
205856
205857
205858
205859
205918
205919
205920
205921
205980
205981
205982
205983
206042
206043
206044
206045
206104
206105
206106
206107
206166
206167
206168
206169
206228
206229
206230
206231
206290
206291
206292
206293
206352
206353
206354
206355
209886
209887
209888
209889
209948
209949
209950
209951
210010
210011
210012
210013
210072
210073
210074
210075
210134
210135
210136
210137
210196
210197
210198
210199
210258
210259
210260
210261
210320
210321
210322
210323
210382
210383
210384
210385
210444
210445
210446
210447
210506
210507
210508
210509
210568
210569
210570
210571
210630
210631
210632
210633
210692
210693
210694
210695
210754
210755
210756
210757
210816
210817
210818
210819
210878
210879
210880
210881
214412
214413
214414
214415
214474
214475
214476
214477
214536
214537
214538
214539
214598
214599
214600
214601
214660
214661
214662
214663
214722
214723
214724
214725
214784
214785
214786
214787
214846
214847
214848
214849
214908
214909
214910
214911
214970
214971
214972
214973
215032
215033
215034
215035
215094
215095
215096
215097
215156
215157
215158
215159
215218
215219
215220
215221
215280
215281
215282
215283
215342
215343
215344
215345
215404
215405
215406
215407
)
