FoamFile
{
    format      ascii;
    class       cellSet;
    location    "constant/polyMesh/sets";
    object      CPU_and_motherboard_7;
}

1632
(
36985
36986
36987
36988
37047
37048
37049
37050
37109
37110
37111
37112
37171
37172
37173
37174
37233
37234
37235
37236
37295
37296
37297
37298
37357
37358
37359
37360
37419
37420
37421
37422
37481
37482
37483
37484
37543
37544
37545
37546
37605
37606
37607
37608
37667
37668
37669
37670
37729
37730
37731
37732
37791
37792
37793
37794
37853
37854
37855
37856
37915
37916
37917
37918
37977
37978
37979
37980
41511
41512
41513
41514
41573
41574
41575
41576
41635
41636
41637
41638
41697
41698
41699
41700
41759
41760
41761
41762
41821
41822
41823
41824
41883
41884
41885
41886
41945
41946
41947
41948
42007
42008
42009
42010
42069
42070
42071
42072
42131
42132
42133
42134
42193
42194
42195
42196
42255
42256
42257
42258
42317
42318
42319
42320
42379
42380
42381
42382
42441
42442
42443
42444
42503
42504
42505
42506
46037
46038
46039
46040
46099
46100
46101
46102
46161
46162
46163
46164
46223
46224
46225
46226
46285
46286
46287
46288
46347
46348
46349
46350
46409
46410
46411
46412
46471
46472
46473
46474
46533
46534
46535
46536
46595
46596
46597
46598
46657
46658
46659
46660
46719
46720
46721
46722
46781
46782
46783
46784
46843
46844
46845
46846
46905
46906
46907
46908
46967
46968
46969
46970
47029
47030
47031
47032
50563
50564
50565
50566
50625
50626
50627
50628
50687
50688
50689
50690
50749
50750
50751
50752
50811
50812
50813
50814
50873
50874
50875
50876
50935
50936
50937
50938
50997
50998
50999
51000
51059
51060
51061
51062
51121
51122
51123
51124
51183
51184
51185
51186
51245
51246
51247
51248
51307
51308
51309
51310
51369
51370
51371
51372
51431
51432
51433
51434
51493
51494
51495
51496
51555
51556
51557
51558
55089
55090
55091
55092
55151
55152
55153
55154
55213
55214
55215
55216
55275
55276
55277
55278
55337
55338
55339
55340
55399
55400
55401
55402
55461
55462
55463
55464
55523
55524
55525
55526
55585
55586
55587
55588
55647
55648
55649
55650
55709
55710
55711
55712
55771
55772
55773
55774
55833
55834
55835
55836
55895
55896
55897
55898
55957
55958
55959
55960
56019
56020
56021
56022
56081
56082
56083
56084
59615
59616
59617
59618
59677
59678
59679
59680
59739
59740
59741
59742
59801
59802
59803
59804
59863
59864
59865
59866
59925
59926
59927
59928
59987
59988
59989
59990
60049
60050
60051
60052
60111
60112
60113
60114
60173
60174
60175
60176
60235
60236
60237
60238
60297
60298
60299
60300
60359
60360
60361
60362
60421
60422
60423
60424
60483
60484
60485
60486
60545
60546
60547
60548
60607
60608
60609
60610
64141
64142
64143
64144
64203
64204
64205
64206
64265
64266
64267
64268
64327
64328
64329
64330
64389
64390
64391
64392
64451
64452
64453
64454
64513
64514
64515
64516
64575
64576
64577
64578
64637
64638
64639
64640
64699
64700
64701
64702
64761
64762
64763
64764
64823
64824
64825
64826
64885
64886
64887
64888
64947
64948
64949
64950
65009
65010
65011
65012
65071
65072
65073
65074
65133
65134
65135
65136
68667
68668
68669
68670
68729
68730
68731
68732
68791
68792
68793
68794
68853
68854
68855
68856
68915
68916
68917
68918
68977
68978
68979
68980
69039
69040
69041
69042
69101
69102
69103
69104
69163
69164
69165
69166
69225
69226
69227
69228
69287
69288
69289
69290
69349
69350
69351
69352
69411
69412
69413
69414
69473
69474
69475
69476
69535
69536
69537
69538
69597
69598
69599
69600
69659
69660
69661
69662
73193
73194
73195
73196
73255
73256
73257
73258
73317
73318
73319
73320
73379
73380
73381
73382
73441
73442
73443
73444
73503
73504
73505
73506
73565
73566
73567
73568
73627
73628
73629
73630
73689
73690
73691
73692
73751
73752
73753
73754
73813
73814
73815
73816
73875
73876
73877
73878
73937
73938
73939
73940
73999
74000
74001
74002
74061
74062
74063
74064
74123
74124
74125
74126
74185
74186
74187
74188
77719
77720
77721
77722
77781
77782
77783
77784
77843
77844
77845
77846
77905
77906
77907
77908
77967
77968
77969
77970
78029
78030
78031
78032
78091
78092
78093
78094
78153
78154
78155
78156
78215
78216
78217
78218
78277
78278
78279
78280
78339
78340
78341
78342
78401
78402
78403
78404
78463
78464
78465
78466
78525
78526
78527
78528
78587
78588
78589
78590
78649
78650
78651
78652
78711
78712
78713
78714
82245
82246
82247
82248
82307
82308
82309
82310
82369
82370
82371
82372
82431
82432
82433
82434
82493
82494
82495
82496
82555
82556
82557
82558
82617
82618
82619
82620
82679
82680
82681
82682
82741
82742
82743
82744
82803
82804
82805
82806
82865
82866
82867
82868
82927
82928
82929
82930
82989
82990
82991
82992
83051
83052
83053
83054
83113
83114
83115
83116
83175
83176
83177
83178
83237
83238
83239
83240
86771
86772
86773
86774
86833
86834
86835
86836
86895
86896
86897
86898
86957
86958
86959
86960
87019
87020
87021
87022
87081
87082
87083
87084
87143
87144
87145
87146
87205
87206
87207
87208
87267
87268
87269
87270
87329
87330
87331
87332
87391
87392
87393
87394
87453
87454
87455
87456
87515
87516
87517
87518
87577
87578
87579
87580
87639
87640
87641
87642
87701
87702
87703
87704
87763
87764
87765
87766
91297
91298
91299
91300
91359
91360
91361
91362
91421
91422
91423
91424
91483
91484
91485
91486
91545
91546
91547
91548
91607
91608
91609
91610
91669
91670
91671
91672
91731
91732
91733
91734
91793
91794
91795
91796
91855
91856
91857
91858
91917
91918
91919
91920
91979
91980
91981
91982
92041
92042
92043
92044
92103
92104
92105
92106
92165
92166
92167
92168
92227
92228
92229
92230
92289
92290
92291
92292
95823
95824
95825
95826
95885
95886
95887
95888
95947
95948
95949
95950
96009
96010
96011
96012
96071
96072
96073
96074
96133
96134
96135
96136
96195
96196
96197
96198
96257
96258
96259
96260
96319
96320
96321
96322
96381
96382
96383
96384
96443
96444
96445
96446
96505
96506
96507
96508
96567
96568
96569
96570
96629
96630
96631
96632
96691
96692
96693
96694
96753
96754
96755
96756
96815
96816
96817
96818
100349
100350
100351
100352
100411
100412
100413
100414
100473
100474
100475
100476
100535
100536
100537
100538
100597
100598
100599
100600
100659
100660
100661
100662
100721
100722
100723
100724
100783
100784
100785
100786
100845
100846
100847
100848
100907
100908
100909
100910
100969
100970
100971
100972
101031
101032
101033
101034
101093
101094
101095
101096
101155
101156
101157
101158
101217
101218
101219
101220
101279
101280
101281
101282
101341
101342
101343
101344
104875
104876
104877
104878
104937
104938
104939
104940
104999
105000
105001
105002
105061
105062
105063
105064
105123
105124
105125
105126
105185
105186
105187
105188
105247
105248
105249
105250
105309
105310
105311
105312
105371
105372
105373
105374
105433
105434
105435
105436
105495
105496
105497
105498
105557
105558
105559
105560
105619
105620
105621
105622
105681
105682
105683
105684
105743
105744
105745
105746
105805
105806
105807
105808
105867
105868
105869
105870
109401
109402
109403
109404
109463
109464
109465
109466
109525
109526
109527
109528
109587
109588
109589
109590
109649
109650
109651
109652
109711
109712
109713
109714
109773
109774
109775
109776
109835
109836
109837
109838
109897
109898
109899
109900
109959
109960
109961
109962
110021
110022
110023
110024
110083
110084
110085
110086
110145
110146
110147
110148
110207
110208
110209
110210
110269
110270
110271
110272
110331
110332
110333
110334
110393
110394
110395
110396
113927
113928
113929
113930
113989
113990
113991
113992
114051
114052
114053
114054
114113
114114
114115
114116
114175
114176
114177
114178
114237
114238
114239
114240
114299
114300
114301
114302
114361
114362
114363
114364
114423
114424
114425
114426
114485
114486
114487
114488
114547
114548
114549
114550
114609
114610
114611
114612
114671
114672
114673
114674
114733
114734
114735
114736
114795
114796
114797
114798
114857
114858
114859
114860
114919
114920
114921
114922
118453
118454
118455
118456
118515
118516
118517
118518
118577
118578
118579
118580
118639
118640
118641
118642
118701
118702
118703
118704
118763
118764
118765
118766
118825
118826
118827
118828
118887
118888
118889
118890
118949
118950
118951
118952
119011
119012
119013
119014
119073
119074
119075
119076
119135
119136
119137
119138
119197
119198
119199
119200
119259
119260
119261
119262
119321
119322
119323
119324
119383
119384
119385
119386
119445
119446
119447
119448
122979
122980
122981
122982
123041
123042
123043
123044
123103
123104
123105
123106
123165
123166
123167
123168
123227
123228
123229
123230
123289
123290
123291
123292
123351
123352
123353
123354
123413
123414
123415
123416
123475
123476
123477
123478
123537
123538
123539
123540
123599
123600
123601
123602
123661
123662
123663
123664
123723
123724
123725
123726
123785
123786
123787
123788
123847
123848
123849
123850
123909
123910
123911
123912
123971
123972
123973
123974
127505
127506
127507
127508
127567
127568
127569
127570
127629
127630
127631
127632
127691
127692
127693
127694
127753
127754
127755
127756
127815
127816
127817
127818
127877
127878
127879
127880
127939
127940
127941
127942
128001
128002
128003
128004
128063
128064
128065
128066
128125
128126
128127
128128
128187
128188
128189
128190
128249
128250
128251
128252
128311
128312
128313
128314
128373
128374
128375
128376
128435
128436
128437
128438
128497
128498
128499
128500
132031
132032
132033
132034
132093
132094
132095
132096
132155
132156
132157
132158
132217
132218
132219
132220
132279
132280
132281
132282
132341
132342
132343
132344
132403
132404
132405
132406
132465
132466
132467
132468
132527
132528
132529
132530
132589
132590
132591
132592
132651
132652
132653
132654
132713
132714
132715
132716
132775
132776
132777
132778
132837
132838
132839
132840
132899
132900
132901
132902
132961
132962
132963
132964
133023
133024
133025
133026
136557
136558
136559
136560
136619
136620
136621
136622
136681
136682
136683
136684
136743
136744
136745
136746
136805
136806
136807
136808
136867
136868
136869
136870
136929
136930
136931
136932
136991
136992
136993
136994
137053
137054
137055
137056
137115
137116
137117
137118
137177
137178
137179
137180
137239
137240
137241
137242
137301
137302
137303
137304
137363
137364
137365
137366
137425
137426
137427
137428
137487
137488
137489
137490
137549
137550
137551
137552
141083
141084
141085
141086
141145
141146
141147
141148
141207
141208
141209
141210
141269
141270
141271
141272
141331
141332
141333
141334
141393
141394
141395
141396
141455
141456
141457
141458
141517
141518
141519
141520
141579
141580
141581
141582
141641
141642
141643
141644
141703
141704
141705
141706
141765
141766
141767
141768
141827
141828
141829
141830
141889
141890
141891
141892
141951
141952
141953
141954
142013
142014
142015
142016
142075
142076
142077
142078
)
