FoamFile
{
    format      ascii;
    class       cellSet;
    location    "constant/polyMesh/sets";
    object      Expansion_card_bank_8;
}

2280
(
145545
145546
145547
145548
145549
145550
145551
145552
145607
145608
145609
145610
145611
145612
145613
145614
145669
145670
145671
145672
145673
145674
145675
145676
145731
145732
145733
145734
145735
145736
145737
145738
145793
145794
145795
145796
145797
145798
145799
145800
145855
145856
145857
145858
145859
145860
145861
145862
145917
145918
145919
145920
145921
145922
145923
145924
145979
145980
145981
145982
145983
145984
145985
145986
146041
146042
146043
146044
146045
146046
146047
146048
146103
146104
146105
146106
146107
146108
146109
146110
146165
146166
146167
146168
146169
146170
146171
146172
146227
146228
146229
146230
146231
146232
146233
146234
146289
146290
146291
146292
146293
146294
146295
146296
146351
146352
146353
146354
146355
146356
146357
146358
146413
146414
146415
146416
146417
146418
146419
146420
146475
146476
146477
146478
146479
146480
146481
146482
146537
146538
146539
146540
146541
146542
146543
146544
146599
146600
146601
146602
146603
146604
146605
146606
146661
146662
146663
146664
146665
146666
146667
146668
150071
150072
150073
150074
150075
150076
150077
150078
150133
150134
150135
150136
150137
150138
150139
150140
150195
150196
150197
150198
150199
150200
150201
150202
150257
150258
150259
150260
150261
150262
150263
150264
150319
150320
150321
150322
150323
150324
150325
150326
150381
150382
150383
150384
150385
150386
150387
150388
150443
150444
150445
150446
150447
150448
150449
150450
150505
150506
150507
150508
150509
150510
150511
150512
150567
150568
150569
150570
150571
150572
150573
150574
150629
150630
150631
150632
150633
150634
150635
150636
150691
150692
150693
150694
150695
150696
150697
150698
150753
150754
150755
150756
150757
150758
150759
150760
150815
150816
150817
150818
150819
150820
150821
150822
150877
150878
150879
150880
150881
150882
150883
150884
150939
150940
150941
150942
150943
150944
150945
150946
151001
151002
151003
151004
151005
151006
151007
151008
151063
151064
151065
151066
151067
151068
151069
151070
151125
151126
151127
151128
151129
151130
151131
151132
151187
151188
151189
151190
151191
151192
151193
151194
154597
154598
154599
154600
154601
154602
154603
154604
154659
154660
154661
154662
154663
154664
154665
154666
154721
154722
154723
154724
154725
154726
154727
154728
154783
154784
154785
154786
154787
154788
154789
154790
154845
154846
154847
154848
154849
154850
154851
154852
154907
154908
154909
154910
154911
154912
154913
154914
154969
154970
154971
154972
154973
154974
154975
154976
155031
155032
155033
155034
155035
155036
155037
155038
155093
155094
155095
155096
155097
155098
155099
155100
155155
155156
155157
155158
155159
155160
155161
155162
155217
155218
155219
155220
155221
155222
155223
155224
155279
155280
155281
155282
155283
155284
155285
155286
155341
155342
155343
155344
155345
155346
155347
155348
155403
155404
155405
155406
155407
155408
155409
155410
155465
155466
155467
155468
155469
155470
155471
155472
155527
155528
155529
155530
155531
155532
155533
155534
155589
155590
155591
155592
155593
155594
155595
155596
155651
155652
155653
155654
155655
155656
155657
155658
155713
155714
155715
155716
155717
155718
155719
155720
159123
159124
159125
159126
159127
159128
159129
159130
159185
159186
159187
159188
159189
159190
159191
159192
159247
159248
159249
159250
159251
159252
159253
159254
159309
159310
159311
159312
159313
159314
159315
159316
159371
159372
159373
159374
159375
159376
159377
159378
159433
159434
159435
159436
159437
159438
159439
159440
159495
159496
159497
159498
159499
159500
159501
159502
159557
159558
159559
159560
159561
159562
159563
159564
159619
159620
159621
159622
159623
159624
159625
159626
159681
159682
159683
159684
159685
159686
159687
159688
159743
159744
159745
159746
159747
159748
159749
159750
159805
159806
159807
159808
159809
159810
159811
159812
159867
159868
159869
159870
159871
159872
159873
159874
159929
159930
159931
159932
159933
159934
159935
159936
159991
159992
159993
159994
159995
159996
159997
159998
160053
160054
160055
160056
160057
160058
160059
160060
160115
160116
160117
160118
160119
160120
160121
160122
160177
160178
160179
160180
160181
160182
160183
160184
160239
160240
160241
160242
160243
160244
160245
160246
163649
163650
163651
163652
163653
163654
163655
163656
163711
163712
163713
163714
163715
163716
163717
163718
163773
163774
163775
163776
163777
163778
163779
163780
163835
163836
163837
163838
163839
163840
163841
163842
163897
163898
163899
163900
163901
163902
163903
163904
163959
163960
163961
163962
163963
163964
163965
163966
164021
164022
164023
164024
164025
164026
164027
164028
164083
164084
164085
164086
164087
164088
164089
164090
164145
164146
164147
164148
164149
164150
164151
164152
164207
164208
164209
164210
164211
164212
164213
164214
164269
164270
164271
164272
164273
164274
164275
164276
164331
164332
164333
164334
164335
164336
164337
164338
164393
164394
164395
164396
164397
164398
164399
164400
164455
164456
164457
164458
164459
164460
164461
164462
164517
164518
164519
164520
164521
164522
164523
164524
164579
164580
164581
164582
164583
164584
164585
164586
164641
164642
164643
164644
164645
164646
164647
164648
164703
164704
164705
164706
164707
164708
164709
164710
164765
164766
164767
164768
164769
164770
164771
164772
168175
168176
168177
168178
168179
168180
168181
168182
168237
168238
168239
168240
168241
168242
168243
168244
168299
168300
168301
168302
168303
168304
168305
168306
168361
168362
168363
168364
168365
168366
168367
168368
168423
168424
168425
168426
168427
168428
168429
168430
168485
168486
168487
168488
168489
168490
168491
168492
168547
168548
168549
168550
168551
168552
168553
168554
168609
168610
168611
168612
168613
168614
168615
168616
168671
168672
168673
168674
168675
168676
168677
168678
168733
168734
168735
168736
168737
168738
168739
168740
168795
168796
168797
168798
168799
168800
168801
168802
168857
168858
168859
168860
168861
168862
168863
168864
168919
168920
168921
168922
168923
168924
168925
168926
168981
168982
168983
168984
168985
168986
168987
168988
169043
169044
169045
169046
169047
169048
169049
169050
169105
169106
169107
169108
169109
169110
169111
169112
169167
169168
169169
169170
169171
169172
169173
169174
169229
169230
169231
169232
169233
169234
169235
169236
169291
169292
169293
169294
169295
169296
169297
169298
172701
172702
172703
172704
172705
172706
172707
172708
172763
172764
172765
172766
172767
172768
172769
172770
172825
172826
172827
172828
172829
172830
172831
172832
172887
172888
172889
172890
172891
172892
172893
172894
172949
172950
172951
172952
172953
172954
172955
172956
173011
173012
173013
173014
173015
173016
173017
173018
173073
173074
173075
173076
173077
173078
173079
173080
173135
173136
173137
173138
173139
173140
173141
173142
173197
173198
173199
173200
173201
173202
173203
173204
173259
173260
173261
173262
173263
173264
173265
173266
173321
173322
173323
173324
173325
173326
173327
173328
173383
173384
173385
173386
173387
173388
173389
173390
173445
173446
173447
173448
173449
173450
173451
173452
173507
173508
173509
173510
173511
173512
173513
173514
173569
173570
173571
173572
173573
173574
173575
173576
173631
173632
173633
173634
173635
173636
173637
173638
173693
173694
173695
173696
173697
173698
173699
173700
173755
173756
173757
173758
173759
173760
173761
173762
173817
173818
173819
173820
173821
173822
173823
173824
177227
177228
177229
177230
177231
177232
177233
177234
177289
177290
177291
177292
177293
177294
177295
177296
177351
177352
177353
177354
177355
177356
177357
177358
177413
177414
177415
177416
177417
177418
177419
177420
177475
177476
177477
177478
177479
177480
177481
177482
177537
177538
177539
177540
177541
177542
177543
177544
177599
177600
177601
177602
177603
177604
177605
177606
177661
177662
177663
177664
177665
177666
177667
177668
177723
177724
177725
177726
177727
177728
177729
177730
177785
177786
177787
177788
177789
177790
177791
177792
177847
177848
177849
177850
177851
177852
177853
177854
177909
177910
177911
177912
177913
177914
177915
177916
177971
177972
177973
177974
177975
177976
177977
177978
178033
178034
178035
178036
178037
178038
178039
178040
178095
178096
178097
178098
178099
178100
178101
178102
178157
178158
178159
178160
178161
178162
178163
178164
178219
178220
178221
178222
178223
178224
178225
178226
178281
178282
178283
178284
178285
178286
178287
178288
178343
178344
178345
178346
178347
178348
178349
178350
181753
181754
181755
181756
181757
181758
181759
181760
181815
181816
181817
181818
181819
181820
181821
181822
181877
181878
181879
181880
181881
181882
181883
181884
181939
181940
181941
181942
181943
181944
181945
181946
182001
182002
182003
182004
182005
182006
182007
182008
182063
182064
182065
182066
182067
182068
182069
182070
182125
182126
182127
182128
182129
182130
182131
182132
182187
182188
182189
182190
182191
182192
182193
182194
182249
182250
182251
182252
182253
182254
182255
182256
182311
182312
182313
182314
182315
182316
182317
182318
182373
182374
182375
182376
182377
182378
182379
182380
182435
182436
182437
182438
182439
182440
182441
182442
182497
182498
182499
182500
182501
182502
182503
182504
182559
182560
182561
182562
182563
182564
182565
182566
182621
182622
182623
182624
182625
182626
182627
182628
182683
182684
182685
182686
182687
182688
182689
182690
182745
182746
182747
182748
182749
182750
182751
182752
182807
182808
182809
182810
182811
182812
182813
182814
182869
182870
182871
182872
182873
182874
182875
182876
186279
186280
186281
186282
186283
186284
186285
186286
186341
186342
186343
186344
186345
186346
186347
186348
186403
186404
186405
186406
186407
186408
186409
186410
186465
186466
186467
186468
186469
186470
186471
186472
186527
186528
186529
186530
186531
186532
186533
186534
186589
186590
186591
186592
186593
186594
186595
186596
186651
186652
186653
186654
186655
186656
186657
186658
186713
186714
186715
186716
186717
186718
186719
186720
186775
186776
186777
186778
186779
186780
186781
186782
186837
186838
186839
186840
186841
186842
186843
186844
186899
186900
186901
186902
186903
186904
186905
186906
186961
186962
186963
186964
186965
186966
186967
186968
187023
187024
187025
187026
187027
187028
187029
187030
187085
187086
187087
187088
187089
187090
187091
187092
187147
187148
187149
187150
187151
187152
187153
187154
187209
187210
187211
187212
187213
187214
187215
187216
187271
187272
187273
187274
187275
187276
187277
187278
187333
187334
187335
187336
187337
187338
187339
187340
187395
187396
187397
187398
187399
187400
187401
187402
190805
190806
190807
190808
190809
190810
190811
190812
190867
190868
190869
190870
190871
190872
190873
190874
190929
190930
190931
190932
190933
190934
190935
190936
190991
190992
190993
190994
190995
190996
190997
190998
191053
191054
191055
191056
191057
191058
191059
191060
191115
191116
191117
191118
191119
191120
191121
191122
191177
191178
191179
191180
191181
191182
191183
191184
191239
191240
191241
191242
191243
191244
191245
191246
191301
191302
191303
191304
191305
191306
191307
191308
191363
191364
191365
191366
191367
191368
191369
191370
191425
191426
191427
191428
191429
191430
191431
191432
191487
191488
191489
191490
191491
191492
191493
191494
191549
191550
191551
191552
191553
191554
191555
191556
191611
191612
191613
191614
191615
191616
191617
191618
191673
191674
191675
191676
191677
191678
191679
191680
191735
191736
191737
191738
191739
191740
191741
191742
191797
191798
191799
191800
191801
191802
191803
191804
191859
191860
191861
191862
191863
191864
191865
191866
191921
191922
191923
191924
191925
191926
191927
191928
195331
195332
195333
195334
195335
195336
195337
195338
195393
195394
195395
195396
195397
195398
195399
195400
195455
195456
195457
195458
195459
195460
195461
195462
195517
195518
195519
195520
195521
195522
195523
195524
195579
195580
195581
195582
195583
195584
195585
195586
195641
195642
195643
195644
195645
195646
195647
195648
195703
195704
195705
195706
195707
195708
195709
195710
195765
195766
195767
195768
195769
195770
195771
195772
195827
195828
195829
195830
195831
195832
195833
195834
195889
195890
195891
195892
195893
195894
195895
195896
195951
195952
195953
195954
195955
195956
195957
195958
196013
196014
196015
196016
196017
196018
196019
196020
196075
196076
196077
196078
196079
196080
196081
196082
196137
196138
196139
196140
196141
196142
196143
196144
196199
196200
196201
196202
196203
196204
196205
196206
196261
196262
196263
196264
196265
196266
196267
196268
196323
196324
196325
196326
196327
196328
196329
196330
196385
196386
196387
196388
196389
196390
196391
196392
196447
196448
196449
196450
196451
196452
196453
196454
199857
199858
199859
199860
199861
199862
199863
199864
199919
199920
199921
199922
199923
199924
199925
199926
199981
199982
199983
199984
199985
199986
199987
199988
200043
200044
200045
200046
200047
200048
200049
200050
200105
200106
200107
200108
200109
200110
200111
200112
200167
200168
200169
200170
200171
200172
200173
200174
200229
200230
200231
200232
200233
200234
200235
200236
200291
200292
200293
200294
200295
200296
200297
200298
200353
200354
200355
200356
200357
200358
200359
200360
200415
200416
200417
200418
200419
200420
200421
200422
200477
200478
200479
200480
200481
200482
200483
200484
200539
200540
200541
200542
200543
200544
200545
200546
200601
200602
200603
200604
200605
200606
200607
200608
200663
200664
200665
200666
200667
200668
200669
200670
200725
200726
200727
200728
200729
200730
200731
200732
200787
200788
200789
200790
200791
200792
200793
200794
200849
200850
200851
200852
200853
200854
200855
200856
200911
200912
200913
200914
200915
200916
200917
200918
200973
200974
200975
200976
200977
200978
200979
200980
204383
204384
204385
204386
204387
204388
204389
204390
204445
204446
204447
204448
204449
204450
204451
204452
204507
204508
204509
204510
204511
204512
204513
204514
204569
204570
204571
204572
204573
204574
204575
204576
204631
204632
204633
204634
204635
204636
204637
204638
204693
204694
204695
204696
204697
204698
204699
204700
204755
204756
204757
204758
204759
204760
204761
204762
204817
204818
204819
204820
204821
204822
204823
204824
204879
204880
204881
204882
204883
204884
204885
204886
204941
204942
204943
204944
204945
204946
204947
204948
205003
205004
205005
205006
205007
205008
205009
205010
205065
205066
205067
205068
205069
205070
205071
205072
205127
205128
205129
205130
205131
205132
205133
205134
205189
205190
205191
205192
205193
205194
205195
205196
205251
205252
205253
205254
205255
205256
205257
205258
205313
205314
205315
205316
205317
205318
205319
205320
205375
205376
205377
205378
205379
205380
205381
205382
205437
205438
205439
205440
205441
205442
205443
205444
205499
205500
205501
205502
205503
205504
205505
205506
208909
208910
208911
208912
208913
208914
208915
208916
208971
208972
208973
208974
208975
208976
208977
208978
209033
209034
209035
209036
209037
209038
209039
209040
209095
209096
209097
209098
209099
209100
209101
209102
209157
209158
209159
209160
209161
209162
209163
209164
209219
209220
209221
209222
209223
209224
209225
209226
209281
209282
209283
209284
209285
209286
209287
209288
209343
209344
209345
209346
209347
209348
209349
209350
209405
209406
209407
209408
209409
209410
209411
209412
209467
209468
209469
209470
209471
209472
209473
209474
209529
209530
209531
209532
209533
209534
209535
209536
209591
209592
209593
209594
209595
209596
209597
209598
209653
209654
209655
209656
209657
209658
209659
209660
209715
209716
209717
209718
209719
209720
209721
209722
209777
209778
209779
209780
209781
209782
209783
209784
209839
209840
209841
209842
209843
209844
209845
209846
209901
209902
209903
209904
209905
209906
209907
209908
209963
209964
209965
209966
209967
209968
209969
209970
210025
210026
210027
210028
210029
210030
210031
210032
)
