FoamFile
{
    format      ascii;
    class       cellSet;
    location    "constant/polyMesh/sets";
    object      PCIe_and_system_board_rear_zone_5;
}

2262
(
48190
48191
48192
48193
48194
48195
48252
48253
48254
48255
48256
48257
48314
48315
48316
48317
48318
48319
48376
48377
48378
48379
48380
48381
48438
48439
48440
48441
48442
48443
48500
48501
48502
48503
48504
48505
48562
48563
48564
48565
48566
48567
48624
48625
48626
48627
48628
48629
48686
48687
48688
48689
48690
48691
48748
48749
48750
48751
48752
48753
48810
48811
48812
48813
48814
48815
48872
48873
48874
48875
48876
48877
48934
48935
48936
48937
48938
48939
52716
52717
52718
52719
52720
52721
52778
52779
52780
52781
52782
52783
52840
52841
52842
52843
52844
52845
52902
52903
52904
52905
52906
52907
52964
52965
52966
52967
52968
52969
53026
53027
53028
53029
53030
53031
53088
53089
53090
53091
53092
53093
53150
53151
53152
53153
53154
53155
53212
53213
53214
53215
53216
53217
53274
53275
53276
53277
53278
53279
53336
53337
53338
53339
53340
53341
53398
53399
53400
53401
53402
53403
53460
53461
53462
53463
53464
53465
57242
57243
57244
57245
57246
57247
57304
57305
57306
57307
57308
57309
57366
57367
57368
57369
57370
57371
57428
57429
57430
57431
57432
57433
57490
57491
57492
57493
57494
57495
57552
57553
57554
57555
57556
57557
57614
57615
57616
57617
57618
57619
57676
57677
57678
57679
57680
57681
57738
57739
57740
57741
57742
57743
57800
57801
57802
57803
57804
57805
57862
57863
57864
57865
57866
57867
57924
57925
57926
57927
57928
57929
57986
57987
57988
57989
57990
57991
61768
61769
61770
61771
61772
61773
61830
61831
61832
61833
61834
61835
61892
61893
61894
61895
61896
61897
61954
61955
61956
61957
61958
61959
62016
62017
62018
62019
62020
62021
62078
62079
62080
62081
62082
62083
62140
62141
62142
62143
62144
62145
62202
62203
62204
62205
62206
62207
62264
62265
62266
62267
62268
62269
62326
62327
62328
62329
62330
62331
62388
62389
62390
62391
62392
62393
62450
62451
62452
62453
62454
62455
62512
62513
62514
62515
62516
62517
66294
66295
66296
66297
66298
66299
66356
66357
66358
66359
66360
66361
66418
66419
66420
66421
66422
66423
66480
66481
66482
66483
66484
66485
66542
66543
66544
66545
66546
66547
66604
66605
66606
66607
66608
66609
66666
66667
66668
66669
66670
66671
66728
66729
66730
66731
66732
66733
66790
66791
66792
66793
66794
66795
66852
66853
66854
66855
66856
66857
66914
66915
66916
66917
66918
66919
66976
66977
66978
66979
66980
66981
67038
67039
67040
67041
67042
67043
70820
70821
70822
70823
70824
70825
70882
70883
70884
70885
70886
70887
70944
70945
70946
70947
70948
70949
71006
71007
71008
71009
71010
71011
71068
71069
71070
71071
71072
71073
71130
71131
71132
71133
71134
71135
71192
71193
71194
71195
71196
71197
71254
71255
71256
71257
71258
71259
71316
71317
71318
71319
71320
71321
71378
71379
71380
71381
71382
71383
71440
71441
71442
71443
71444
71445
71502
71503
71504
71505
71506
71507
71564
71565
71566
71567
71568
71569
75346
75347
75348
75349
75350
75351
75408
75409
75410
75411
75412
75413
75470
75471
75472
75473
75474
75475
75532
75533
75534
75535
75536
75537
75594
75595
75596
75597
75598
75599
75656
75657
75658
75659
75660
75661
75718
75719
75720
75721
75722
75723
75780
75781
75782
75783
75784
75785
75842
75843
75844
75845
75846
75847
75904
75905
75906
75907
75908
75909
75966
75967
75968
75969
75970
75971
76028
76029
76030
76031
76032
76033
76090
76091
76092
76093
76094
76095
79872
79873
79874
79875
79876
79877
79934
79935
79936
79937
79938
79939
79996
79997
79998
79999
80000
80001
80058
80059
80060
80061
80062
80063
80120
80121
80122
80123
80124
80125
80182
80183
80184
80185
80186
80187
80244
80245
80246
80247
80248
80249
80306
80307
80308
80309
80310
80311
80368
80369
80370
80371
80372
80373
80430
80431
80432
80433
80434
80435
80492
80493
80494
80495
80496
80497
80554
80555
80556
80557
80558
80559
80616
80617
80618
80619
80620
80621
84398
84399
84400
84401
84402
84403
84460
84461
84462
84463
84464
84465
84522
84523
84524
84525
84526
84527
84584
84585
84586
84587
84588
84589
84646
84647
84648
84649
84650
84651
84708
84709
84710
84711
84712
84713
84770
84771
84772
84773
84774
84775
84832
84833
84834
84835
84836
84837
84894
84895
84896
84897
84898
84899
84956
84957
84958
84959
84960
84961
85018
85019
85020
85021
85022
85023
85080
85081
85082
85083
85084
85085
85142
85143
85144
85145
85146
85147
88924
88925
88926
88927
88928
88929
88986
88987
88988
88989
88990
88991
89048
89049
89050
89051
89052
89053
89110
89111
89112
89113
89114
89115
89172
89173
89174
89175
89176
89177
89234
89235
89236
89237
89238
89239
89296
89297
89298
89299
89300
89301
89358
89359
89360
89361
89362
89363
89420
89421
89422
89423
89424
89425
89482
89483
89484
89485
89486
89487
89544
89545
89546
89547
89548
89549
89606
89607
89608
89609
89610
89611
89668
89669
89670
89671
89672
89673
93450
93451
93452
93453
93454
93455
93512
93513
93514
93515
93516
93517
93574
93575
93576
93577
93578
93579
93636
93637
93638
93639
93640
93641
93698
93699
93700
93701
93702
93703
93760
93761
93762
93763
93764
93765
93822
93823
93824
93825
93826
93827
93884
93885
93886
93887
93888
93889
93946
93947
93948
93949
93950
93951
94008
94009
94010
94011
94012
94013
94070
94071
94072
94073
94074
94075
94132
94133
94134
94135
94136
94137
94194
94195
94196
94197
94198
94199
97976
97977
97978
97979
97980
97981
98038
98039
98040
98041
98042
98043
98100
98101
98102
98103
98104
98105
98162
98163
98164
98165
98166
98167
98224
98225
98226
98227
98228
98229
98286
98287
98288
98289
98290
98291
98348
98349
98350
98351
98352
98353
98410
98411
98412
98413
98414
98415
98472
98473
98474
98475
98476
98477
98534
98535
98536
98537
98538
98539
98596
98597
98598
98599
98600
98601
98658
98659
98660
98661
98662
98663
98720
98721
98722
98723
98724
98725
102502
102503
102504
102505
102506
102507
102564
102565
102566
102567
102568
102569
102626
102627
102628
102629
102630
102631
102688
102689
102690
102691
102692
102693
102750
102751
102752
102753
102754
102755
102812
102813
102814
102815
102816
102817
102874
102875
102876
102877
102878
102879
102936
102937
102938
102939
102940
102941
102998
102999
103000
103001
103002
103003
103060
103061
103062
103063
103064
103065
103122
103123
103124
103125
103126
103127
103184
103185
103186
103187
103188
103189
103246
103247
103248
103249
103250
103251
107028
107029
107030
107031
107032
107033
107090
107091
107092
107093
107094
107095
107152
107153
107154
107155
107156
107157
107214
107215
107216
107217
107218
107219
107276
107277
107278
107279
107280
107281
107338
107339
107340
107341
107342
107343
107400
107401
107402
107403
107404
107405
107462
107463
107464
107465
107466
107467
107524
107525
107526
107527
107528
107529
107586
107587
107588
107589
107590
107591
107648
107649
107650
107651
107652
107653
107710
107711
107712
107713
107714
107715
107772
107773
107774
107775
107776
107777
111554
111555
111556
111557
111558
111559
111616
111617
111618
111619
111620
111621
111678
111679
111680
111681
111682
111683
111740
111741
111742
111743
111744
111745
111802
111803
111804
111805
111806
111807
111864
111865
111866
111867
111868
111869
111926
111927
111928
111929
111930
111931
111988
111989
111990
111991
111992
111993
112050
112051
112052
112053
112054
112055
112112
112113
112114
112115
112116
112117
112174
112175
112176
112177
112178
112179
112236
112237
112238
112239
112240
112241
112298
112299
112300
112301
112302
112303
116080
116081
116082
116083
116084
116085
116142
116143
116144
116145
116146
116147
116204
116205
116206
116207
116208
116209
116266
116267
116268
116269
116270
116271
116328
116329
116330
116331
116332
116333
116390
116391
116392
116393
116394
116395
116452
116453
116454
116455
116456
116457
116514
116515
116516
116517
116518
116519
116576
116577
116578
116579
116580
116581
116638
116639
116640
116641
116642
116643
116700
116701
116702
116703
116704
116705
116762
116763
116764
116765
116766
116767
116824
116825
116826
116827
116828
116829
120606
120607
120608
120609
120610
120611
120668
120669
120670
120671
120672
120673
120730
120731
120732
120733
120734
120735
120792
120793
120794
120795
120796
120797
120854
120855
120856
120857
120858
120859
120916
120917
120918
120919
120920
120921
120978
120979
120980
120981
120982
120983
121040
121041
121042
121043
121044
121045
121102
121103
121104
121105
121106
121107
121164
121165
121166
121167
121168
121169
121226
121227
121228
121229
121230
121231
121288
121289
121290
121291
121292
121293
121350
121351
121352
121353
121354
121355
125132
125133
125134
125135
125136
125137
125194
125195
125196
125197
125198
125199
125256
125257
125258
125259
125260
125261
125318
125319
125320
125321
125322
125323
125380
125381
125382
125383
125384
125385
125442
125443
125444
125445
125446
125447
125504
125505
125506
125507
125508
125509
125566
125567
125568
125569
125570
125571
125628
125629
125630
125631
125632
125633
125690
125691
125692
125693
125694
125695
125752
125753
125754
125755
125756
125757
125814
125815
125816
125817
125818
125819
125876
125877
125878
125879
125880
125881
129658
129659
129660
129661
129662
129663
129720
129721
129722
129723
129724
129725
129782
129783
129784
129785
129786
129787
129844
129845
129846
129847
129848
129849
129906
129907
129908
129909
129910
129911
129968
129969
129970
129971
129972
129973
130030
130031
130032
130033
130034
130035
130092
130093
130094
130095
130096
130097
130154
130155
130156
130157
130158
130159
130216
130217
130218
130219
130220
130221
130278
130279
130280
130281
130282
130283
130340
130341
130342
130343
130344
130345
130402
130403
130404
130405
130406
130407
134184
134185
134186
134187
134188
134189
134246
134247
134248
134249
134250
134251
134308
134309
134310
134311
134312
134313
134370
134371
134372
134373
134374
134375
134432
134433
134434
134435
134436
134437
134494
134495
134496
134497
134498
134499
134556
134557
134558
134559
134560
134561
134618
134619
134620
134621
134622
134623
134680
134681
134682
134683
134684
134685
134742
134743
134744
134745
134746
134747
134804
134805
134806
134807
134808
134809
134866
134867
134868
134869
134870
134871
134928
134929
134930
134931
134932
134933
138710
138711
138712
138713
138714
138715
138772
138773
138774
138775
138776
138777
138834
138835
138836
138837
138838
138839
138896
138897
138898
138899
138900
138901
138958
138959
138960
138961
138962
138963
139020
139021
139022
139023
139024
139025
139082
139083
139084
139085
139086
139087
139144
139145
139146
139147
139148
139149
139206
139207
139208
139209
139210
139211
139268
139269
139270
139271
139272
139273
139330
139331
139332
139333
139334
139335
139392
139393
139394
139395
139396
139397
139454
139455
139456
139457
139458
139459
143236
143237
143238
143239
143240
143241
143298
143299
143300
143301
143302
143303
143360
143361
143362
143363
143364
143365
143422
143423
143424
143425
143426
143427
143484
143485
143486
143487
143488
143489
143546
143547
143548
143549
143550
143551
143608
143609
143610
143611
143612
143613
143670
143671
143672
143673
143674
143675
143732
143733
143734
143735
143736
143737
143794
143795
143796
143797
143798
143799
143856
143857
143858
143859
143860
143861
143918
143919
143920
143921
143922
143923
143980
143981
143982
143983
143984
143985
147762
147763
147764
147765
147766
147767
147824
147825
147826
147827
147828
147829
147886
147887
147888
147889
147890
147891
147948
147949
147950
147951
147952
147953
148010
148011
148012
148013
148014
148015
148072
148073
148074
148075
148076
148077
148134
148135
148136
148137
148138
148139
148196
148197
148198
148199
148200
148201
148258
148259
148260
148261
148262
148263
148320
148321
148322
148323
148324
148325
148382
148383
148384
148385
148386
148387
148444
148445
148446
148447
148448
148449
148506
148507
148508
148509
148510
148511
152288
152289
152290
152291
152292
152293
152350
152351
152352
152353
152354
152355
152412
152413
152414
152415
152416
152417
152474
152475
152476
152477
152478
152479
152536
152537
152538
152539
152540
152541
152598
152599
152600
152601
152602
152603
152660
152661
152662
152663
152664
152665
152722
152723
152724
152725
152726
152727
152784
152785
152786
152787
152788
152789
152846
152847
152848
152849
152850
152851
152908
152909
152910
152911
152912
152913
152970
152971
152972
152973
152974
152975
153032
153033
153034
153035
153036
153037
156814
156815
156816
156817
156818
156819
156876
156877
156878
156879
156880
156881
156938
156939
156940
156941
156942
156943
157000
157001
157002
157003
157004
157005
157062
157063
157064
157065
157066
157067
157124
157125
157126
157127
157128
157129
157186
157187
157188
157189
157190
157191
157248
157249
157250
157251
157252
157253
157310
157311
157312
157313
157314
157315
157372
157373
157374
157375
157376
157377
157434
157435
157436
157437
157438
157439
157496
157497
157498
157499
157500
157501
157558
157559
157560
157561
157562
157563
161340
161341
161342
161343
161344
161345
161402
161403
161404
161405
161406
161407
161464
161465
161466
161467
161468
161469
161526
161527
161528
161529
161530
161531
161588
161589
161590
161591
161592
161593
161650
161651
161652
161653
161654
161655
161712
161713
161714
161715
161716
161717
161774
161775
161776
161777
161778
161779
161836
161837
161838
161839
161840
161841
161898
161899
161900
161901
161902
161903
161960
161961
161962
161963
161964
161965
162022
162023
162024
162025
162026
162027
162084
162085
162086
162087
162088
162089
165866
165867
165868
165869
165870
165871
165928
165929
165930
165931
165932
165933
165990
165991
165992
165993
165994
165995
166052
166053
166054
166055
166056
166057
166114
166115
166116
166117
166118
166119
166176
166177
166178
166179
166180
166181
166238
166239
166240
166241
166242
166243
166300
166301
166302
166303
166304
166305
166362
166363
166364
166365
166366
166367
166424
166425
166426
166427
166428
166429
166486
166487
166488
166489
166490
166491
166548
166549
166550
166551
166552
166553
166610
166611
166612
166613
166614
166615
170392
170393
170394
170395
170396
170397
170454
170455
170456
170457
170458
170459
170516
170517
170518
170519
170520
170521
170578
170579
170580
170581
170582
170583
170640
170641
170642
170643
170644
170645
170702
170703
170704
170705
170706
170707
170764
170765
170766
170767
170768
170769
170826
170827
170828
170829
170830
170831
170888
170889
170890
170891
170892
170893
170950
170951
170952
170953
170954
170955
171012
171013
171014
171015
171016
171017
171074
171075
171076
171077
171078
171079
171136
171137
171138
171139
171140
171141
174918
174919
174920
174921
174922
174923
174980
174981
174982
174983
174984
174985
175042
175043
175044
175045
175046
175047
175104
175105
175106
175107
175108
175109
175166
175167
175168
175169
175170
175171
175228
175229
175230
175231
175232
175233
175290
175291
175292
175293
175294
175295
175352
175353
175354
175355
175356
175357
175414
175415
175416
175417
175418
175419
175476
175477
175478
175479
175480
175481
175538
175539
175540
175541
175542
175543
175600
175601
175602
175603
175604
175605
175662
175663
175664
175665
175666
175667
)
