FoamFile
{
    format      ascii;
    class       cellSet;
    location    "constant/polyMesh/sets";
    object      Power_supply_zone_6;
}

432
(
183972
183973
183974
184034
184035
184036
184096
184097
184098
184158
184159
184160
184220
184221
184222
184282
184283
184284
184344
184345
184346
184406
184407
184408
184468
184469
184470
184530
184531
184532
184592
184593
184594
184654
184655
184656
188498
188499
188500
188560
188561
188562
188622
188623
188624
188684
188685
188686
188746
188747
188748
188808
188809
188810
188870
188871
188872
188932
188933
188934
188994
188995
188996
189056
189057
189058
189118
189119
189120
189180
189181
189182
193024
193025
193026
193086
193087
193088
193148
193149
193150
193210
193211
193212
193272
193273
193274
193334
193335
193336
193396
193397
193398
193458
193459
193460
193520
193521
193522
193582
193583
193584
193644
193645
193646
193706
193707
193708
197550
197551
197552
197612
197613
197614
197674
197675
197676
197736
197737
197738
197798
197799
197800
197860
197861
197862
197922
197923
197924
197984
197985
197986
198046
198047
198048
198108
198109
198110
198170
198171
198172
198232
198233
198234
202076
202077
202078
202138
202139
202140
202200
202201
202202
202262
202263
202264
202324
202325
202326
202386
202387
202388
202448
202449
202450
202510
202511
202512
202572
202573
202574
202634
202635
202636
202696
202697
202698
202758
202759
202760
206602
206603
206604
206664
206665
206666
206726
206727
206728
206788
206789
206790
206850
206851
206852
206912
206913
206914
206974
206975
206976
207036
207037
207038
207098
207099
207100
207160
207161
207162
207222
207223
207224
207284
207285
207286
211128
211129
211130
211190
211191
211192
211252
211253
211254
211314
211315
211316
211376
211377
211378
211438
211439
211440
211500
211501
211502
211562
211563
211564
211624
211625
211626
211686
211687
211688
211748
211749
211750
211810
211811
211812
215654
215655
215656
215716
215717
215718
215778
215779
215780
215840
215841
215842
215902
215903
215904
215964
215965
215966
216026
216027
216028
216088
216089
216090
216150
216151
216152
216212
216213
216214
216274
216275
216276
216336
216337
216338
220180
220181
220182
220242
220243
220244
220304
220305
220306
220366
220367
220368
220428
220429
220430
220490
220491
220492
220552
220553
220554
220614
220615
220616
220676
220677
220678
220738
220739
220740
220800
220801
220802
220862
220863
220864
224706
224707
224708
224768
224769
224770
224830
224831
224832
224892
224893
224894
224954
224955
224956
225016
225017
225018
225078
225079
225080
225140
225141
225142
225202
225203
225204
225264
225265
225266
225326
225327
225328
225388
225389
225390
229232
229233
229234
229294
229295
229296
229356
229357
229358
229418
229419
229420
229480
229481
229482
229542
229543
229544
229604
229605
229606
229666
229667
229668
229728
229729
229730
229790
229791
229792
229852
229853
229854
229914
229915
229916
233758
233759
233760
233820
233821
233822
233882
233883
233884
233944
233945
233946
234006
234007
234008
234068
234069
234070
234130
234131
234132
234192
234193
234194
234254
234255
234256
234316
234317
234318
234378
234379
234380
234440
234441
234442
)
