FoamFile
{
    format      ascii;
    class       cellSet;
    location    "constant/polyMesh/sets";
    object      Power_supply_10;
}

882
(
119630
119631
119632
119633
119634
119635
119692
119693
119694
119695
119696
119697
119754
119755
119756
119757
119758
119759
119816
119817
119818
119819
119820
119821
119878
119879
119880
119881
119882
119883
119940
119941
119942
119943
119944
119945
120002
120003
120004
120005
120006
120007
124156
124157
124158
124159
124160
124161
124218
124219
124220
124221
124222
124223
124280
124281
124282
124283
124284
124285
124342
124343
124344
124345
124346
124347
124404
124405
124406
124407
124408
124409
124466
124467
124468
124469
124470
124471
124528
124529
124530
124531
124532
124533
128682
128683
128684
128685
128686
128687
128744
128745
128746
128747
128748
128749
128806
128807
128808
128809
128810
128811
128868
128869
128870
128871
128872
128873
128930
128931
128932
128933
128934
128935
128992
128993
128994
128995
128996
128997
129054
129055
129056
129057
129058
129059
133208
133209
133210
133211
133212
133213
133270
133271
133272
133273
133274
133275
133332
133333
133334
133335
133336
133337
133394
133395
133396
133397
133398
133399
133456
133457
133458
133459
133460
133461
133518
133519
133520
133521
133522
133523
133580
133581
133582
133583
133584
133585
137734
137735
137736
137737
137738
137739
137796
137797
137798
137799
137800
137801
137858
137859
137860
137861
137862
137863
137920
137921
137922
137923
137924
137925
137982
137983
137984
137985
137986
137987
138044
138045
138046
138047
138048
138049
138106
138107
138108
138109
138110
138111
142260
142261
142262
142263
142264
142265
142322
142323
142324
142325
142326
142327
142384
142385
142386
142387
142388
142389
142446
142447
142448
142449
142450
142451
142508
142509
142510
142511
142512
142513
142570
142571
142572
142573
142574
142575
142632
142633
142634
142635
142636
142637
146786
146787
146788
146789
146790
146791
146848
146849
146850
146851
146852
146853
146910
146911
146912
146913
146914
146915
146972
146973
146974
146975
146976
146977
147034
147035
147036
147037
147038
147039
147096
147097
147098
147099
147100
147101
147158
147159
147160
147161
147162
147163
151312
151313
151314
151315
151316
151317
151374
151375
151376
151377
151378
151379
151436
151437
151438
151439
151440
151441
151498
151499
151500
151501
151502
151503
151560
151561
151562
151563
151564
151565
151622
151623
151624
151625
151626
151627
151684
151685
151686
151687
151688
151689
155838
155839
155840
155841
155842
155843
155900
155901
155902
155903
155904
155905
155962
155963
155964
155965
155966
155967
156024
156025
156026
156027
156028
156029
156086
156087
156088
156089
156090
156091
156148
156149
156150
156151
156152
156153
156210
156211
156212
156213
156214
156215
160364
160365
160366
160367
160368
160369
160426
160427
160428
160429
160430
160431
160488
160489
160490
160491
160492
160493
160550
160551
160552
160553
160554
160555
160612
160613
160614
160615
160616
160617
160674
160675
160676
160677
160678
160679
160736
160737
160738
160739
160740
160741
164890
164891
164892
164893
164894
164895
164952
164953
164954
164955
164956
164957
165014
165015
165016
165017
165018
165019
165076
165077
165078
165079
165080
165081
165138
165139
165140
165141
165142
165143
165200
165201
165202
165203
165204
165205
165262
165263
165264
165265
165266
165267
169416
169417
169418
169419
169420
169421
169478
169479
169480
169481
169482
169483
169540
169541
169542
169543
169544
169545
169602
169603
169604
169605
169606
169607
169664
169665
169666
169667
169668
169669
169726
169727
169728
169729
169730
169731
169788
169789
169790
169791
169792
169793
173942
173943
173944
173945
173946
173947
174004
174005
174006
174007
174008
174009
174066
174067
174068
174069
174070
174071
174128
174129
174130
174131
174132
174133
174190
174191
174192
174193
174194
174195
174252
174253
174254
174255
174256
174257
174314
174315
174316
174317
174318
174319
178468
178469
178470
178471
178472
178473
178530
178531
178532
178533
178534
178535
178592
178593
178594
178595
178596
178597
178654
178655
178656
178657
178658
178659
178716
178717
178718
178719
178720
178721
178778
178779
178780
178781
178782
178783
178840
178841
178842
178843
178844
178845
182994
182995
182996
182997
182998
182999
183056
183057
183058
183059
183060
183061
183118
183119
183120
183121
183122
183123
183180
183181
183182
183183
183184
183185
183242
183243
183244
183245
183246
183247
183304
183305
183306
183307
183308
183309
183366
183367
183368
183369
183370
183371
187520
187521
187522
187523
187524
187525
187582
187583
187584
187585
187586
187587
187644
187645
187646
187647
187648
187649
187706
187707
187708
187709
187710
187711
187768
187769
187770
187771
187772
187773
187830
187831
187832
187833
187834
187835
187892
187893
187894
187895
187896
187897
192046
192047
192048
192049
192050
192051
192108
192109
192110
192111
192112
192113
192170
192171
192172
192173
192174
192175
192232
192233
192234
192235
192236
192237
192294
192295
192296
192297
192298
192299
192356
192357
192358
192359
192360
192361
192418
192419
192420
192421
192422
192423
196572
196573
196574
196575
196576
196577
196634
196635
196636
196637
196638
196639
196696
196697
196698
196699
196700
196701
196758
196759
196760
196761
196762
196763
196820
196821
196822
196823
196824
196825
196882
196883
196884
196885
196886
196887
196944
196945
196946
196947
196948
196949
201098
201099
201100
201101
201102
201103
201160
201161
201162
201163
201164
201165
201222
201223
201224
201225
201226
201227
201284
201285
201286
201287
201288
201289
201346
201347
201348
201349
201350
201351
201408
201409
201410
201411
201412
201413
201470
201471
201472
201473
201474
201475
205624
205625
205626
205627
205628
205629
205686
205687
205688
205689
205690
205691
205748
205749
205750
205751
205752
205753
205810
205811
205812
205813
205814
205815
205872
205873
205874
205875
205876
205877
205934
205935
205936
205937
205938
205939
205996
205997
205998
205999
206000
206001
210150
210151
210152
210153
210154
210155
210212
210213
210214
210215
210216
210217
210274
210275
210276
210277
210278
210279
210336
210337
210338
210339
210340
210341
210398
210399
210400
210401
210402
210403
210460
210461
210462
210463
210464
210465
210522
210523
210524
210525
210526
210527
)
