FoamFile
{
    format      ascii;
    class       cellSet;
    location    "constant/polyMesh/sets";
    object      Storage_zone_9;
}

480
(
24585
24586
24587
24588
24647
24648
24649
24650
24709
24710
24711
24712
24771
24772
24773
24774
24833
24834
24835
24836
24895
24896
24897
24898
29111
29112
29113
29114
29173
29174
29175
29176
29235
29236
29237
29238
29297
29298
29299
29300
29359
29360
29361
29362
29421
29422
29423
29424
33637
33638
33639
33640
33699
33700
33701
33702
33761
33762
33763
33764
33823
33824
33825
33826
33885
33886
33887
33888
33947
33948
33949
33950
38163
38164
38165
38166
38225
38226
38227
38228
38287
38288
38289
38290
38349
38350
38351
38352
38411
38412
38413
38414
38473
38474
38475
38476
42689
42690
42691
42692
42751
42752
42753
42754
42813
42814
42815
42816
42875
42876
42877
42878
42937
42938
42939
42940
42999
43000
43001
43002
47215
47216
47217
47218
47277
47278
47279
47280
47339
47340
47341
47342
47401
47402
47403
47404
47463
47464
47465
47466
47525
47526
47527
47528
51741
51742
51743
51744
51803
51804
51805
51806
51865
51866
51867
51868
51927
51928
51929
51930
51989
51990
51991
51992
52051
52052
52053
52054
56267
56268
56269
56270
56329
56330
56331
56332
56391
56392
56393
56394
56453
56454
56455
56456
56515
56516
56517
56518
56577
56578
56579
56580
60793
60794
60795
60796
60855
60856
60857
60858
60917
60918
60919
60920
60979
60980
60981
60982
61041
61042
61043
61044
61103
61104
61105
61106
65319
65320
65321
65322
65381
65382
65383
65384
65443
65444
65445
65446
65505
65506
65507
65508
65567
65568
65569
65570
65629
65630
65631
65632
69845
69846
69847
69848
69907
69908
69909
69910
69969
69970
69971
69972
70031
70032
70033
70034
70093
70094
70095
70096
70155
70156
70157
70158
74371
74372
74373
74374
74433
74434
74435
74436
74495
74496
74497
74498
74557
74558
74559
74560
74619
74620
74621
74622
74681
74682
74683
74684
78897
78898
78899
78900
78959
78960
78961
78962
79021
79022
79023
79024
79083
79084
79085
79086
79145
79146
79147
79148
79207
79208
79209
79210
83423
83424
83425
83426
83485
83486
83487
83488
83547
83548
83549
83550
83609
83610
83611
83612
83671
83672
83673
83674
83733
83734
83735
83736
87949
87950
87951
87952
88011
88012
88013
88014
88073
88074
88075
88076
88135
88136
88137
88138
88197
88198
88199
88200
88259
88260
88261
88262
92475
92476
92477
92478
92537
92538
92539
92540
92599
92600
92601
92602
92661
92662
92663
92664
92723
92724
92725
92726
92785
92786
92787
92788
97001
97002
97003
97004
97063
97064
97065
97066
97125
97126
97127
97128
97187
97188
97189
97190
97249
97250
97251
97252
97311
97312
97313
97314
101527
101528
101529
101530
101589
101590
101591
101592
101651
101652
101653
101654
101713
101714
101715
101716
101775
101776
101777
101778
101837
101838
101839
101840
106053
106054
106055
106056
106115
106116
106117
106118
106177
106178
106179
106180
106239
106240
106241
106242
106301
106302
106303
106304
106363
106364
106365
106366
110579
110580
110581
110582
110641
110642
110643
110644
110703
110704
110705
110706
110765
110766
110767
110768
110827
110828
110829
110830
110889
110890
110891
110892
)
