FoamFile
{
    format      ascii;
    class       cellSet;
    location    "constant/polyMesh/sets";
    object      Storage_and_front_backplane_4;
}

2772
(
45648
45649
45650
45651
45652
45653
45710
45711
45712
45713
45714
45715
45772
45773
45774
45775
45776
45777
45834
45835
45836
45837
45838
45839
45896
45897
45898
45899
45900
45901
45958
45959
45960
45961
45962
45963
46020
46021
46022
46023
46024
46025
46082
46083
46084
46085
46086
46087
46144
46145
46146
46147
46148
46149
46206
46207
46208
46209
46210
46211
46268
46269
46270
46271
46272
46273
50174
50175
50176
50177
50178
50179
50236
50237
50238
50239
50240
50241
50298
50299
50300
50301
50302
50303
50360
50361
50362
50363
50364
50365
50422
50423
50424
50425
50426
50427
50484
50485
50486
50487
50488
50489
50546
50547
50548
50549
50550
50551
50608
50609
50610
50611
50612
50613
50670
50671
50672
50673
50674
50675
50732
50733
50734
50735
50736
50737
50794
50795
50796
50797
50798
50799
54700
54701
54702
54703
54704
54705
54762
54763
54764
54765
54766
54767
54824
54825
54826
54827
54828
54829
54886
54887
54888
54889
54890
54891
54948
54949
54950
54951
54952
54953
55010
55011
55012
55013
55014
55015
55072
55073
55074
55075
55076
55077
55134
55135
55136
55137
55138
55139
55196
55197
55198
55199
55200
55201
55258
55259
55260
55261
55262
55263
55320
55321
55322
55323
55324
55325
59226
59227
59228
59229
59230
59231
59288
59289
59290
59291
59292
59293
59350
59351
59352
59353
59354
59355
59412
59413
59414
59415
59416
59417
59474
59475
59476
59477
59478
59479
59536
59537
59538
59539
59540
59541
59598
59599
59600
59601
59602
59603
59660
59661
59662
59663
59664
59665
59722
59723
59724
59725
59726
59727
59784
59785
59786
59787
59788
59789
59846
59847
59848
59849
59850
59851
63752
63753
63754
63755
63756
63757
63814
63815
63816
63817
63818
63819
63876
63877
63878
63879
63880
63881
63938
63939
63940
63941
63942
63943
64000
64001
64002
64003
64004
64005
64062
64063
64064
64065
64066
64067
64124
64125
64126
64127
64128
64129
64186
64187
64188
64189
64190
64191
64248
64249
64250
64251
64252
64253
64310
64311
64312
64313
64314
64315
64372
64373
64374
64375
64376
64377
68278
68279
68280
68281
68282
68283
68340
68341
68342
68343
68344
68345
68402
68403
68404
68405
68406
68407
68464
68465
68466
68467
68468
68469
68526
68527
68528
68529
68530
68531
68588
68589
68590
68591
68592
68593
68650
68651
68652
68653
68654
68655
68712
68713
68714
68715
68716
68717
68774
68775
68776
68777
68778
68779
68836
68837
68838
68839
68840
68841
68898
68899
68900
68901
68902
68903
72804
72805
72806
72807
72808
72809
72866
72867
72868
72869
72870
72871
72928
72929
72930
72931
72932
72933
72990
72991
72992
72993
72994
72995
73052
73053
73054
73055
73056
73057
73114
73115
73116
73117
73118
73119
73176
73177
73178
73179
73180
73181
73238
73239
73240
73241
73242
73243
73300
73301
73302
73303
73304
73305
73362
73363
73364
73365
73366
73367
73424
73425
73426
73427
73428
73429
77330
77331
77332
77333
77334
77335
77392
77393
77394
77395
77396
77397
77454
77455
77456
77457
77458
77459
77516
77517
77518
77519
77520
77521
77578
77579
77580
77581
77582
77583
77640
77641
77642
77643
77644
77645
77702
77703
77704
77705
77706
77707
77764
77765
77766
77767
77768
77769
77826
77827
77828
77829
77830
77831
77888
77889
77890
77891
77892
77893
77950
77951
77952
77953
77954
77955
81856
81857
81858
81859
81860
81861
81918
81919
81920
81921
81922
81923
81980
81981
81982
81983
81984
81985
82042
82043
82044
82045
82046
82047
82104
82105
82106
82107
82108
82109
82166
82167
82168
82169
82170
82171
82228
82229
82230
82231
82232
82233
82290
82291
82292
82293
82294
82295
82352
82353
82354
82355
82356
82357
82414
82415
82416
82417
82418
82419
82476
82477
82478
82479
82480
82481
86382
86383
86384
86385
86386
86387
86444
86445
86446
86447
86448
86449
86506
86507
86508
86509
86510
86511
86568
86569
86570
86571
86572
86573
86630
86631
86632
86633
86634
86635
86692
86693
86694
86695
86696
86697
86754
86755
86756
86757
86758
86759
86816
86817
86818
86819
86820
86821
86878
86879
86880
86881
86882
86883
86940
86941
86942
86943
86944
86945
87002
87003
87004
87005
87006
87007
90908
90909
90910
90911
90912
90913
90970
90971
90972
90973
90974
90975
91032
91033
91034
91035
91036
91037
91094
91095
91096
91097
91098
91099
91156
91157
91158
91159
91160
91161
91218
91219
91220
91221
91222
91223
91280
91281
91282
91283
91284
91285
91342
91343
91344
91345
91346
91347
91404
91405
91406
91407
91408
91409
91466
91467
91468
91469
91470
91471
91528
91529
91530
91531
91532
91533
95434
95435
95436
95437
95438
95439
95496
95497
95498
95499
95500
95501
95558
95559
95560
95561
95562
95563
95620
95621
95622
95623
95624
95625
95682
95683
95684
95685
95686
95687
95744
95745
95746
95747
95748
95749
95806
95807
95808
95809
95810
95811
95868
95869
95870
95871
95872
95873
95930
95931
95932
95933
95934
95935
95992
95993
95994
95995
95996
95997
96054
96055
96056
96057
96058
96059
99960
99961
99962
99963
99964
99965
100022
100023
100024
100025
100026
100027
100084
100085
100086
100087
100088
100089
100146
100147
100148
100149
100150
100151
100208
100209
100210
100211
100212
100213
100270
100271
100272
100273
100274
100275
100332
100333
100334
100335
100336
100337
100394
100395
100396
100397
100398
100399
100456
100457
100458
100459
100460
100461
100518
100519
100520
100521
100522
100523
100580
100581
100582
100583
100584
100585
104486
104487
104488
104489
104490
104491
104548
104549
104550
104551
104552
104553
104610
104611
104612
104613
104614
104615
104672
104673
104674
104675
104676
104677
104734
104735
104736
104737
104738
104739
104796
104797
104798
104799
104800
104801
104858
104859
104860
104861
104862
104863
104920
104921
104922
104923
104924
104925
104982
104983
104984
104985
104986
104987
105044
105045
105046
105047
105048
105049
105106
105107
105108
105109
105110
105111
109012
109013
109014
109015
109016
109017
109074
109075
109076
109077
109078
109079
109136
109137
109138
109139
109140
109141
109198
109199
109200
109201
109202
109203
109260
109261
109262
109263
109264
109265
109322
109323
109324
109325
109326
109327
109384
109385
109386
109387
109388
109389
109446
109447
109448
109449
109450
109451
109508
109509
109510
109511
109512
109513
109570
109571
109572
109573
109574
109575
109632
109633
109634
109635
109636
109637
113538
113539
113540
113541
113542
113543
113600
113601
113602
113603
113604
113605
113662
113663
113664
113665
113666
113667
113724
113725
113726
113727
113728
113729
113786
113787
113788
113789
113790
113791
113848
113849
113850
113851
113852
113853
113910
113911
113912
113913
113914
113915
113972
113973
113974
113975
113976
113977
114034
114035
114036
114037
114038
114039
114096
114097
114098
114099
114100
114101
114158
114159
114160
114161
114162
114163
118064
118065
118066
118067
118068
118069
118126
118127
118128
118129
118130
118131
118188
118189
118190
118191
118192
118193
118250
118251
118252
118253
118254
118255
118312
118313
118314
118315
118316
118317
118374
118375
118376
118377
118378
118379
118436
118437
118438
118439
118440
118441
118498
118499
118500
118501
118502
118503
118560
118561
118562
118563
118564
118565
118622
118623
118624
118625
118626
118627
118684
118685
118686
118687
118688
118689
122590
122591
122592
122593
122594
122595
122652
122653
122654
122655
122656
122657
122714
122715
122716
122717
122718
122719
122776
122777
122778
122779
122780
122781
122838
122839
122840
122841
122842
122843
122900
122901
122902
122903
122904
122905
122962
122963
122964
122965
122966
122967
123024
123025
123026
123027
123028
123029
123086
123087
123088
123089
123090
123091
123148
123149
123150
123151
123152
123153
123210
123211
123212
123213
123214
123215
127116
127117
127118
127119
127120
127121
127178
127179
127180
127181
127182
127183
127240
127241
127242
127243
127244
127245
127302
127303
127304
127305
127306
127307
127364
127365
127366
127367
127368
127369
127426
127427
127428
127429
127430
127431
127488
127489
127490
127491
127492
127493
127550
127551
127552
127553
127554
127555
127612
127613
127614
127615
127616
127617
127674
127675
127676
127677
127678
127679
127736
127737
127738
127739
127740
127741
131642
131643
131644
131645
131646
131647
131704
131705
131706
131707
131708
131709
131766
131767
131768
131769
131770
131771
131828
131829
131830
131831
131832
131833
131890
131891
131892
131893
131894
131895
131952
131953
131954
131955
131956
131957
132014
132015
132016
132017
132018
132019
132076
132077
132078
132079
132080
132081
132138
132139
132140
132141
132142
132143
132200
132201
132202
132203
132204
132205
132262
132263
132264
132265
132266
132267
136168
136169
136170
136171
136172
136173
136230
136231
136232
136233
136234
136235
136292
136293
136294
136295
136296
136297
136354
136355
136356
136357
136358
136359
136416
136417
136418
136419
136420
136421
136478
136479
136480
136481
136482
136483
136540
136541
136542
136543
136544
136545
136602
136603
136604
136605
136606
136607
136664
136665
136666
136667
136668
136669
136726
136727
136728
136729
136730
136731
136788
136789
136790
136791
136792
136793
140694
140695
140696
140697
140698
140699
140756
140757
140758
140759
140760
140761
140818
140819
140820
140821
140822
140823
140880
140881
140882
140883
140884
140885
140942
140943
140944
140945
140946
140947
141004
141005
141006
141007
141008
141009
141066
141067
141068
141069
141070
141071
141128
141129
141130
141131
141132
141133
141190
141191
141192
141193
141194
141195
141252
141253
141254
141255
141256
141257
141314
141315
141316
141317
141318
141319
145220
145221
145222
145223
145224
145225
145282
145283
145284
145285
145286
145287
145344
145345
145346
145347
145348
145349
145406
145407
145408
145409
145410
145411
145468
145469
145470
145471
145472
145473
145530
145531
145532
145533
145534
145535
145592
145593
145594
145595
145596
145597
145654
145655
145656
145657
145658
145659
145716
145717
145718
145719
145720
145721
145778
145779
145780
145781
145782
145783
145840
145841
145842
145843
145844
145845
149746
149747
149748
149749
149750
149751
149808
149809
149810
149811
149812
149813
149870
149871
149872
149873
149874
149875
149932
149933
149934
149935
149936
149937
149994
149995
149996
149997
149998
149999
150056
150057
150058
150059
150060
150061
150118
150119
150120
150121
150122
150123
150180
150181
150182
150183
150184
150185
150242
150243
150244
150245
150246
150247
150304
150305
150306
150307
150308
150309
150366
150367
150368
150369
150370
150371
154272
154273
154274
154275
154276
154277
154334
154335
154336
154337
154338
154339
154396
154397
154398
154399
154400
154401
154458
154459
154460
154461
154462
154463
154520
154521
154522
154523
154524
154525
154582
154583
154584
154585
154586
154587
154644
154645
154646
154647
154648
154649
154706
154707
154708
154709
154710
154711
154768
154769
154770
154771
154772
154773
154830
154831
154832
154833
154834
154835
154892
154893
154894
154895
154896
154897
158798
158799
158800
158801
158802
158803
158860
158861
158862
158863
158864
158865
158922
158923
158924
158925
158926
158927
158984
158985
158986
158987
158988
158989
159046
159047
159048
159049
159050
159051
159108
159109
159110
159111
159112
159113
159170
159171
159172
159173
159174
159175
159232
159233
159234
159235
159236
159237
159294
159295
159296
159297
159298
159299
159356
159357
159358
159359
159360
159361
159418
159419
159420
159421
159422
159423
163324
163325
163326
163327
163328
163329
163386
163387
163388
163389
163390
163391
163448
163449
163450
163451
163452
163453
163510
163511
163512
163513
163514
163515
163572
163573
163574
163575
163576
163577
163634
163635
163636
163637
163638
163639
163696
163697
163698
163699
163700
163701
163758
163759
163760
163761
163762
163763
163820
163821
163822
163823
163824
163825
163882
163883
163884
163885
163886
163887
163944
163945
163946
163947
163948
163949
167850
167851
167852
167853
167854
167855
167912
167913
167914
167915
167916
167917
167974
167975
167976
167977
167978
167979
168036
168037
168038
168039
168040
168041
168098
168099
168100
168101
168102
168103
168160
168161
168162
168163
168164
168165
168222
168223
168224
168225
168226
168227
168284
168285
168286
168287
168288
168289
168346
168347
168348
168349
168350
168351
168408
168409
168410
168411
168412
168413
168470
168471
168472
168473
168474
168475
172376
172377
172378
172379
172380
172381
172438
172439
172440
172441
172442
172443
172500
172501
172502
172503
172504
172505
172562
172563
172564
172565
172566
172567
172624
172625
172626
172627
172628
172629
172686
172687
172688
172689
172690
172691
172748
172749
172750
172751
172752
172753
172810
172811
172812
172813
172814
172815
172872
172873
172874
172875
172876
172877
172934
172935
172936
172937
172938
172939
172996
172997
172998
172999
173000
173001
176902
176903
176904
176905
176906
176907
176964
176965
176966
176967
176968
176969
177026
177027
177028
177029
177030
177031
177088
177089
177090
177091
177092
177093
177150
177151
177152
177153
177154
177155
177212
177213
177214
177215
177216
177217
177274
177275
177276
177277
177278
177279
177336
177337
177338
177339
177340
177341
177398
177399
177400
177401
177402
177403
177460
177461
177462
177463
177464
177465
177522
177523
177524
177525
177526
177527
181428
181429
181430
181431
181432
181433
181490
181491
181492
181493
181494
181495
181552
181553
181554
181555
181556
181557
181614
181615
181616
181617
181618
181619
181676
181677
181678
181679
181680
181681
181738
181739
181740
181741
181742
181743
181800
181801
181802
181803
181804
181805
181862
181863
181864
181865
181866
181867
181924
181925
181926
181927
181928
181929
181986
181987
181988
181989
181990
181991
182048
182049
182050
182051
182052
182053
185954
185955
185956
185957
185958
185959
186016
186017
186018
186019
186020
186021
186078
186079
186080
186081
186082
186083
186140
186141
186142
186143
186144
186145
186202
186203
186204
186205
186206
186207
186264
186265
186266
186267
186268
186269
186326
186327
186328
186329
186330
186331
186388
186389
186390
186391
186392
186393
186450
186451
186452
186453
186454
186455
186512
186513
186514
186515
186516
186517
186574
186575
186576
186577
186578
186579
190480
190481
190482
190483
190484
190485
190542
190543
190544
190545
190546
190547
190604
190605
190606
190607
190608
190609
190666
190667
190668
190669
190670
190671
190728
190729
190730
190731
190732
190733
190790
190791
190792
190793
190794
190795
190852
190853
190854
190855
190856
190857
190914
190915
190916
190917
190918
190919
190976
190977
190978
190979
190980
190981
191038
191039
191040
191041
191042
191043
191100
191101
191102
191103
191104
191105
195006
195007
195008
195009
195010
195011
195068
195069
195070
195071
195072
195073
195130
195131
195132
195133
195134
195135
195192
195193
195194
195195
195196
195197
195254
195255
195256
195257
195258
195259
195316
195317
195318
195319
195320
195321
195378
195379
195380
195381
195382
195383
195440
195441
195442
195443
195444
195445
195502
195503
195504
195505
195506
195507
195564
195565
195566
195567
195568
195569
195626
195627
195628
195629
195630
195631
199532
199533
199534
199535
199536
199537
199594
199595
199596
199597
199598
199599
199656
199657
199658
199659
199660
199661
199718
199719
199720
199721
199722
199723
199780
199781
199782
199783
199784
199785
199842
199843
199844
199845
199846
199847
199904
199905
199906
199907
199908
199909
199966
199967
199968
199969
199970
199971
200028
200029
200030
200031
200032
200033
200090
200091
200092
200093
200094
200095
200152
200153
200154
200155
200156
200157
204058
204059
204060
204061
204062
204063
204120
204121
204122
204123
204124
204125
204182
204183
204184
204185
204186
204187
204244
204245
204246
204247
204248
204249
204306
204307
204308
204309
204310
204311
204368
204369
204370
204371
204372
204373
204430
204431
204432
204433
204434
204435
204492
204493
204494
204495
204496
204497
204554
204555
204556
204557
204558
204559
204616
204617
204618
204619
204620
204621
204678
204679
204680
204681
204682
204683
208584
208585
208586
208587
208588
208589
208646
208647
208648
208649
208650
208651
208708
208709
208710
208711
208712
208713
208770
208771
208772
208773
208774
208775
208832
208833
208834
208835
208836
208837
208894
208895
208896
208897
208898
208899
208956
208957
208958
208959
208960
208961
209018
209019
209020
209021
209022
209023
209080
209081
209082
209083
209084
209085
209142
209143
209144
209145
209146
209147
209204
209205
209206
209207
209208
209209
213110
213111
213112
213113
213114
213115
213172
213173
213174
213175
213176
213177
213234
213235
213236
213237
213238
213239
213296
213297
213298
213299
213300
213301
213358
213359
213360
213361
213362
213363
213420
213421
213422
213423
213424
213425
213482
213483
213484
213485
213486
213487
213544
213545
213546
213547
213548
213549
213606
213607
213608
213609
213610
213611
213668
213669
213670
213671
213672
213673
213730
213731
213732
213733
213734
213735
217636
217637
217638
217639
217640
217641
217698
217699
217700
217701
217702
217703
217760
217761
217762
217763
217764
217765
217822
217823
217824
217825
217826
217827
217884
217885
217886
217887
217888
217889
217946
217947
217948
217949
217950
217951
218008
218009
218010
218011
218012
218013
218070
218071
218072
218073
218074
218075
218132
218133
218134
218135
218136
218137
218194
218195
218196
218197
218198
218199
218256
218257
218258
218259
218260
218261
222162
222163
222164
222165
222166
222167
222224
222225
222226
222227
222228
222229
222286
222287
222288
222289
222290
222291
222348
222349
222350
222351
222352
222353
222410
222411
222412
222413
222414
222415
222472
222473
222474
222475
222476
222477
222534
222535
222536
222537
222538
222539
222596
222597
222598
222599
222600
222601
222658
222659
222660
222661
222662
222663
222720
222721
222722
222723
222724
222725
222782
222783
222784
222785
222786
222787
226688
226689
226690
226691
226692
226693
226750
226751
226752
226753
226754
226755
226812
226813
226814
226815
226816
226817
226874
226875
226876
226877
226878
226879
226936
226937
226938
226939
226940
226941
226998
226999
227000
227001
227002
227003
227060
227061
227062
227063
227064
227065
227122
227123
227124
227125
227126
227127
227184
227185
227186
227187
227188
227189
227246
227247
227248
227249
227250
227251
227308
227309
227310
227311
227312
227313
231214
231215
231216
231217
231218
231219
231276
231277
231278
231279
231280
231281
231338
231339
231340
231341
231342
231343
231400
231401
231402
231403
231404
231405
231462
231463
231464
231465
231466
231467
231524
231525
231526
231527
231528
231529
231586
231587
231588
231589
231590
231591
231648
231649
231650
231651
231652
231653
231710
231711
231712
231713
231714
231715
231772
231773
231774
231775
231776
231777
231834
231835
231836
231837
231838
231839
)
