/*--------------------------------*- C++ -*----------------------------------*\
| =========                 |                                                 |
| \\      /  F ield         | OpenFOAM: The Open Source CFD Toolbox           |
|  \\    /   O peration     | Version:  2606                                  |
|   \\  /    A nd           | Website:  www.openfoam.com                      |
|    \\/     M anipulation  |                                                 |
\*---------------------------------------------------------------------------*/
FoamFile
{
    version     2.0;
    format      ascii;
    arch        "LSB;label=32;scalar=64";
    class       cellSet;
    location    "constant/fluid/polyMesh/sets";
    object      cellDeterminant;
}
// * * * * * * * * * * * * * * * * * * * * * * * * * * * * * * * * * * * * * //


3645
(
40997
40998
40999
41000
41001
41002
41003
41004
41005
41006
41007
41008
41009
41010
41011
41038
41039
41040
41041
41042
41043
41044
41045
41046
41047
41048
41049
41050
41051
41052
41079
41080
41081
41082
41083
41084
41085
41086
41087
41088
41089
41090
41091
41092
41093
41120
41121
41122
41123
41124
41125
41126
41127
41128
41129
41130
41131
41132
41133
41134
41161
41162
41163
41164
41165
41166
41167
41168
41169
41170
41171
41172
41173
41174
41175
41202
41203
41204
41205
41206
41207
41208
41209
41210
41211
41212
41213
41214
41215
41216
41243
41244
41245
41246
41247
41248
41249
41250
41251
41252
41253
41254
41255
41256
41257
41260
41261
41262
41263
41264
41265
41266
41267
41268
41269
41270
41271
41272
41273
41274
41275
41276
41277
41278
41279
41280
41281
41282
41283
41284
41285
41286
41287
41288
41289
41290
41291
41292
41293
41294
41295
41296
41297
41298
41299
41300
8673
8680
8681
8682
8683
8692
8693
8694
8695
8696
8697
8698
8699
8700
8701
8702
8703
8704
8705
8706
8708
33438
33460
33461
33462
33463
33464
8889
33465
8890
33466
8891
33467
8892
33468
8893
33469
8894
33470
8895
33471
8896
33472
8897
33473
8898
33474
8899
8900
33476
8901
8902
8903
8907
8908
8909
8910
8911
8912
8913
8914
8915
8916
8917
8918
8919
8920
8921
8925
8926
8927
8928
8929
8930
8931
8932
8933
8934
8935
8936
8937
8938
8939
8943
8944
8945
8946
8947
8948
8949
8950
8951
8952
8953
8954
8955
8956
8957
8961
8962
8963
8964
8965
8966
8967
8968
8969
8970
8971
8972
8973
8974
8975
9015
9016
9017
9018
9019
9020
9021
9022
9023
9024
9025
9026
9027
9028
9029
9033
9034
9035
9036
9037
9038
9039
9040
9041
9042
9043
9044
9045
9046
9047
9051
9052
9053
9054
9055
9056
9057
9058
9059
9060
9061
9062
9063
9064
9065
9069
9070
9071
9072
9073
9074
9075
9076
9077
9078
9079
9080
9081
9082
9083
25698
9617
9618
9619
9620
9621
9622
9623
9624
9625
9626
9627
9628
9629
9630
9631
9654
9655
9656
9657
9658
9659
9660
9661
9662
9663
9664
9665
9666
9667
9668
9691
9692
9693
9694
9695
9696
9697
9698
9699
9700
9701
9702
9703
9704
9705
9728
9729
9730
9731
9732
9733
9734
9735
9736
9737
9738
9739
9740
9741
9742
17974
10209
10210
10211
10212
10213
10214
10215
10216
10217
10218
10219
10220
10221
10222
10223
10246
10247
10248
10249
10250
10251
10252
10253
10254
10255
10256
10257
10258
10259
10260
10283
10284
10285
10286
10287
10288
10289
10290
10291
10292
10293
10294
10295
10296
10297
10320
10321
10322
10323
10324
10325
10326
10327
10328
10329
10330
10331
10332
10333
10334
10357
10358
10359
10360
10361
10362
10363
10364
10365
10366
10367
10368
10369
10370
10371
10394
10395
10396
10397
10398
10399
10400
10401
10402
10403
10404
10405
10406
10407
10408
10431
10432
10433
10434
10435
10436
10437
10438
10439
10440
10441
10442
10443
10444
10445
10448
10449
10450
10451
10452
10453
10454
10455
10456
10457
10458
10459
10460
10461
10462
10463
10464
10465
10466
10467
10468
10469
10470
10471
43239
10472
10473
10474
10475
10476
10477
10478
10479
10480
10481
10482
10483
10484
51452
43261
43262
43263
43264
43265
43266
43267
43268
43269
43270
43271
43272
43273
43274
43275
43279
43281
51474
51475
51476
51477
51478
51479
51480
43288
51481
43289
51482
43290
51483
43291
51484
51485
51486
51487
51488
43300
43301
59686
43302
43303
59688
43304
43305
43306
43307
43308
43309
59694
43310
43311
59696
43312
43313
43314
43316
59703
59705
43376
43377
43378
43379
43380
43381
43382
43383
43384
43385
43386
43387
43388
43389
43390
43450
43451
43452
43453
43454
43455
43456
43457
43458
43459
43460
43461
43462
43463
43464
43487
43488
43489
43490
43491
43492
43493
43494
43495
43496
43497
43498
43499
43500
43501
43524
43525
43526
43527
43528
43529
43530
43531
43532
43533
43534
43535
43536
43537
43538
43561
43562
43563
43564
35373
43565
43566
43567
43568
43569
43570
43571
43572
43573
43574
43575
43598
43599
43600
43601
43602
43603
43604
43605
43606
43607
43608
43609
43610
43611
43612
43635
43636
43637
43638
43639
43640
43641
43642
43643
43644
43645
43646
43647
43648
43649
43672
43673
43674
43675
43676
43677
43678
43679
43680
43681
43682
43683
43684
43685
43686
43709
43710
43711
43712
43713
43714
43715
43716
43717
43718
43719
43720
43721
43722
43723
43783
43784
43785
43786
43787
43788
43789
43790
43791
43792
43793
43794
43795
43796
43797
43820
43821
43822
43823
43824
43825
43826
43827
43828
43829
43830
43831
43832
43833
43834
43857
43858
43859
43860
43861
43862
43863
43864
43865
43866
43867
43868
43869
43870
43871
43894
43895
43896
43897
43898
43899
43900
43901
43902
43903
43904
43905
43906
43907
43908
43931
43932
43933
43934
43935
43936
43937
43938
43939
43940
43941
43942
43943
43944
43945
43968
43969
43970
43971
43972
43973
43974
43975
43976
43977
43978
43979
43980
43981
43982
44005
44006
44007
44008
44009
44010
44011
44012
44013
44014
44015
44016
27633
44017
44018
44019
44042
44043
44044
44045
44046
44047
44048
44049
44050
44051
44052
44053
44054
44055
44056
44079
44080
44081
44082
44083
44084
44085
44086
44087
44088
44089
44090
44091
44092
44093
44116
44117
44118
44119
44120
44121
44122
44123
44124
44125
44126
44127
44128
44129
44130
44153
44154
44155
44156
44157
44158
44159
44160
44161
44162
44163
44164
44165
44166
44167
44190
44191
44192
44193
44194
44195
44196
44197
44198
44199
44200
44201
44202
44203
44204
44227
44228
44229
44230
44231
44232
44233
44234
44235
44236
44237
44238
44239
44240
44241
44264
44265
44266
44267
44268
44269
44270
44271
44272
44273
44274
44275
44276
44277
44278
44301
44302
44303
44304
44305
44306
44307
44308
44309
44310
44311
44312
44313
44314
44315
44338
44339
44340
44341
44342
44343
44344
44345
44346
44347
44348
44349
44350
44351
44352
44375
44376
44377
44378
44379
44380
44381
44382
44383
44384
44385
44386
44387
44388
44389
44412
44413
44414
44415
44416
44417
44418
44419
44420
44421
44422
44423
44424
44425
44426
19893
44486
44487
44488
44489
44490
44491
44492
44493
44494
44495
44496
44497
44498
44499
44500
44523
44524
44525
44526
44527
44528
44529
44530
44531
44532
44533
44534
44535
44536
44537
44560
44561
44562
44563
44564
44565
44566
44567
44568
44569
44570
44571
44572
44573
44574
44597
44598
44599
44600
44601
44602
44603
44604
44605
44606
44607
44608
44609
44610
44611
44634
44635
44636
44637
44638
44639
44640
44641
44642
44643
44644
44645
44646
44647
44648
44708
44709
44710
44711
44712
44713
44714
44715
44716
44717
44718
44719
44720
44721
44722
44745
44746
44747
44748
44749
44750
44751
44752
44753
44754
44755
44756
44757
44758
44759
44819
44820
44821
44822
44823
44824
44825
44826
44827
44828
44829
44830
44831
44832
44833
44856
44857
44858
44859
44860
44861
44862
44863
44864
44865
44866
44867
44868
44869
44870
44893
44894
44895
44896
44897
44898
44899
44900
44901
44902
44903
44904
44905
44906
44907
44930
44931
44932
44933
44934
44935
44936
44937
44938
44939
44940
44941
44942
44943
44944
44967
44968
44969
44970
44971
44972
44973
44974
44975
44976
44977
44978
44979
44980
44981
45004
45005
45006
45007
45008
45009
45010
45011
12244
45012
45013
45014
45015
45016
45017
45018
12263
12264
12265
12266
12267
12268
12269
12270
12271
12272
12273
45041
12274
45042
12275
45043
12276
45044
12277
45045
45046
12279
45047
45048
45049
45050
45051
45052
45053
45054
45055
45115
45116
45117
45118
45119
45120
45121
45122
45123
45124
45125
45126
45127
45128
45129
45152
45153
45154
45155
45156
45157
45158
45159
45160
45161
45162
45163
45164
45165
45166
45189
45190
45191
45192
45193
45194
45195
45196
45197
45198
45199
45200
45201
45202
45203
45226
45227
45228
45229
45230
45231
45232
45233
45234
45235
45236
45237
45238
45239
45240
45263
45264
45265
45266
45267
45268
45269
45270
45271
45272
45273
45274
45275
45276
45277
45300
45301
45302
45303
45304
45305
45306
45307
45308
45309
45310
45311
45312
45313
45314
45337
45338
45339
45340
45341
45342
45343
45344
45345
45346
45347
45348
45349
45350
45351
45374
45375
45376
45377
45378
45379
45380
45381
45382
45383
45384
45385
45386
45387
45388
45411
45412
45413
45414
45415
45416
45417
45418
45419
45420
45421
45422
45423
45424
45425
45448
45449
45450
45451
45452
45453
45454
45455
45456
45457
45458
45459
45460
45461
45462
45485
45486
45487
45488
45489
45490
45491
45492
45493
45494
45495
45496
45497
45498
45499
37308
37309
37311
45522
37330
45523
37331
45524
37332
45525
37333
45526
37334
45527
37335
45528
37336
45529
37337
45530
37338
45531
37339
45532
37340
45533
37341
45534
37342
45535
37343
45536
37344
37346
45559
45560
45561
45562
45563
45564
45565
45566
45567
45568
45569
45570
45571
45572
45573
45596
45597
45598
45599
45600
45601
45602
45603
45604
45605
45606
45607
45608
45609
45610
45711
45712
45713
45714
45715
45716
45717
45718
45719
45720
45721
45722
45723
45724
45725
4765
4766
4767
4768
4769
4770
4771
4772
4773
4774
4775
4776
4777
4778
4779
45752
45753
45754
45755
45756
45757
45758
45759
45760
45761
45762
45763
45764
45765
45766
45793
45794
45795
45796
45797
45798
45799
45800
45801
45802
45803
45804
45805
45806
45807
45834
45835
45836
45837
45838
45839
45840
45841
45842
45843
45844
45845
45846
45847
45848
45875
45876
45877
45878
45879
45880
45881
45882
45883
45884
45885
45886
45887
45888
45889
45916
45917
45918
45919
45920
45921
45922
45923
45924
45925
45926
45927
45928
45929
45930
29568
45957
45958
45959
45960
45961
45962
45963
45964
45965
45966
45967
45968
45969
45970
45971
45974
45975
45976
45977
45978
45979
45980
45981
45982
45983
45984
45985
45986
45987
45988
45989
45990
45991
45992
29608
45993
29609
45994
29610
45995
29611
45996
29612
45997
29613
45998
29614
54191
45999
29615
46000
29616
46001
29617
46002
29618
46003
29619
46004
29620
46005
29621
46006
29622
46007
46008
29624
46009
46010
46011
46012
46013
46014
29644
29645
29646
29647
29648
29649
29650
29651
29652
29653
29654
29655
29656
29657
29658
29680
29681
29682
29683
29684
29685
29686
29687
29688
29689
29690
29691
29692
29693
29694
29698
29699
29700
29701
29702
29703
29704
29705
29706
29707
29708
29709
29710
29711
29712
29752
29753
29754
29755
29756
29757
29758
29759
29760
29761
29762
29763
29764
29765
29766
29770
29771
29772
29773
29774
29775
29776
29777
29778
29779
29780
29781
29782
29783
29784
29788
29789
29790
29791
29792
29793
29794
29795
29796
29797
29798
29799
29800
29801
29802
29806
29807
29808
29809
29810
29811
29812
29813
29814
29815
29816
29817
29818
29819
29820
29878
29879
29880
29881
29882
29883
29884
29885
29886
29887
29888
29889
29890
29891
29892
29896
29897
29898
29899
29900
29901
29902
29903
29904
29905
29906
29907
29908
29909
29910
29914
29915
29916
29917
29918
29919
29920
29921
29922
29923
29924
29925
29926
29927
29928
29932
29933
29934
29935
29936
29937
29938
29939
29940
29941
29942
29943
29944
29945
29946
29950
29951
29952
29953
29954
29955
29956
29957
29958
29959
29960
29961
29962
29963
29964
29968
29969
29970
29971
29972
29973
29974
29975
29976
29977
29978
29979
29980
29981
29982
29986
29987
29988
29989
29990
29991
29992
29993
29994
29995
29996
29997
29998
29999
30000
30004
30005
30006
30007
30008
30009
30010
30011
30012
30013
30014
30015
30016
30017
30018
21828
30022
30023
30024
30025
30026
30027
30028
30029
30030
30031
30032
30033
30034
30035
30036
30040
30041
30042
30043
30044
30045
30046
30047
30048
30049
30050
30051
30052
30053
30054
30058
30059
30060
30061
30062
30063
30064
30065
30066
30067
30068
30069
30070
30071
30072
30076
30077
30078
30079
30080
30081
30082
30083
30084
30085
30086
30087
30088
30089
30090
30094
30095
30096
30097
30098
30099
30100
30101
30102
30103
30104
30105
30106
30107
30108
30130
30131
30132
30133
30134
30135
30136
30137
30138
30139
30140
30141
30142
30143
30144
30184
30185
30186
30187
30188
30189
30190
30191
30192
30193
30194
30195
30196
30197
30198
30202
30203
30204
30205
30206
30207
30208
30209
30210
30211
30212
30213
30214
30215
30216
30220
30221
30222
30223
30224
30225
30226
30227
30228
30229
30230
30231
30232
30233
30234
30292
30293
30294
30295
30296
30297
30298
30299
30300
30301
30302
30303
30304
30305
30306
30310
30311
30312
30313
30314
30315
30316
30317
30318
30319
30320
30321
30322
30323
30324
30346
30347
30348
30349
30350
30351
30352
30353
30354
30355
30356
30357
30358
30359
30360
30383
30384
30385
30386
30387
30388
30389
30390
30391
30392
30393
30394
30395
30396
30397
30420
30421
30422
30423
30424
30425
30426
30427
30428
30429
30430
30431
30432
30433
30434
30457
30458
30459
30460
30461
30462
30463
30464
30465
30466
30467
30468
30469
30470
30471
30494
30495
30496
30497
30498
30499
30500
30501
30502
30503
30504
30505
30506
30507
30508
30531
30532
30533
30534
30535
30536
30537
30538
30539
30540
30541
30542
30543
30544
30545
30568
30569
30570
30571
30572
30573
30574
30575
30576
30577
30578
30579
30580
30581
30582
30642
30643
30644
30645
30646
30647
30648
30649
30650
30651
30652
30653
30654
30655
30656
6092
6093
6094
6095
6096
6097
6098
6099
6100
6101
6102
30679
6103
30680
6104
30681
6105
30682
6106
30683
30684
30685
30686
6110
30687
6111
30688
6112
30689
6113
30690
6114
30691
6115
30692
6116
30693
6117
6118
6119
6120
6121
6122
6123
6124
30716
30717
30718
30719
30720
30721
30722
30723
30724
30725
30726
30727
30728
30729
30730
30753
30754
30755
30756
30757
30758
6182
30759
6183
30760
6184
30761
6185
30762
6186
30763
6187
30764
6188
30765
6189
30766
6190
30767
6191
6192
6193
6194
6195
6196
6200
6201
6202
6203
6204
6205
6206
6207
6208
6209
6210
6211
6212
6213
30790
6214
30791
30792
30793
30794
30795
30796
30797
30798
30799
30800
30801
30802
30803
30804
6236
6237
6238
6239
6240
6241
6242
6243
6244
6245
6246
6247
6248
6249
6250
30827
30828
30829
30830
30831
30832
30833
30834
30835
30836
30837
30838
30839
30840
30841
6273
6274
6275
6276
6277
6278
6279
6280
6281
6282
6283
6284
6285
6286
6287
30864
30865
30866
30867
30868
30869
30870
30871
30872
30873
30874
30875
30876
30877
30878
6310
6311
6312
6313
6314
6315
6316
6317
6318
6319
6320
6321
6322
6323
6324
30901
30902
30903
30904
30905
30906
30907
30908
30909
30910
30911
30912
30913
30914
30915
6347
6348
6349
6350
6351
6352
6353
6354
6355
6356
6357
6358
6359
6360
6361
30938
30939
30940
30941
30942
30943
30944
30945
30946
30947
30948
30949
30950
30951
30952
6384
6385
6386
6387
6388
6389
6390
6391
6392
6393
6394
6395
6396
6397
6398
30975
30976
30977
30978
30979
30980
30981
30982
30983
30984
30985
30986
30987
30988
30989
6421
6422
6423
6424
6425
6426
6427
6428
6429
6430
6431
6432
6433
6434
6435
6458
6459
6460
6461
6462
6463
6464
6465
6466
6467
6468
6469
6470
6471
6472
31049
31050
31051
31052
31053
31054
31055
31056
31057
31058
31059
31060
31061
31062
31063
31086
31087
31088
31089
31090
31091
31092
31093
39285
31094
31095
31096
31097
31098
31099
31100
6532
6533
6534
6535
6536
6537
6538
6539
39307
6540
39308
6541
39309
6542
39310
6543
39311
6544
39312
6545
39313
6546
39314
39315
39316
39317
39318
39319
39320
39321
6569
6570
6571
6572
6573
6574
6575
6576
6577
6578
39346
6579
39347
6580
39348
6581
39349
6582
39350
6583
39351
39352
39353
39354
39355
39356
39357
39358
39359
39360
39362
6606
6607
6608
6609
6610
6611
6612
6613
6614
6615
6616
6617
6618
6619
6620
39403
39404
39405
39406
39407
39408
39409
39410
6643
39411
6644
39412
6645
39413
6646
39414
6647
39415
6648
39416
6649
39417
6650
6651
6652
6653
6654
6655
6656
6657
31238
31239
31240
31241
31242
31243
31244
31245
31246
31247
39439
31248
39440
31249
39441
31250
39442
31251
39443
31252
39444
39445
39446
39447
6680
39448
6681
39449
6682
39450
6683
39451
6684
39452
6685
39453
6686
6687
6688
6689
39457
6690
39458
6691
39459
6692
39460
6693
39461
6694
39462
39463
39464
39465
39466
39467
39468
39469
39470
31279
39471
31280
31281
31282
31283
31284
31285
31286
31287
31288
31289
31290
31291
31292
31293
6717
6718
6719
6720
6721
6722
6723
6724
6725
6726
6727
6728
6729
6730
6731
39511
31320
39512
31321
39513
31322
39514
31323
39515
31324
39516
31325
39517
31326
39518
31327
39519
31328
39520
31329
39521
31330
6754
39522
31331
6755
39523
31332
6756
39524
31333
6757
39525
31334
6758
6759
6760
6761
39529
6762
39530
6763
39531
6764
39532
6765
39533
6766
39534
6767
39535
6768
39536
39537
39538
39539
39540
39541
39542
39543
39547
39548
39549
39550
39551
39552
31361
39553
31362
39554
31363
39555
31364
39556
31365
39557
31366
39558
31367
6791
39559
31368
6792
39560
31369
6793
39561
31370
6794
31371
6795
31372
6796
31373
6797
39565
31374
6798
39566
31375
6799
39567
6800
39568
6801
39569
6802
39570
6803
39571
6804
39572
6805
39573
39574
39575
39576
39577
39578
39579
31402
31403
31404
6828
31405
6829
6830
31406
6831
31407
6832
31408
6833
31409
6834
31410
6835
31411
6836
31412
6837
31413
6838
31414
6839
31415
6840
31416
6841
6842
6865
6866
6867
31443
6868
31444
6869
31445
39637
6870
31446
39638
6871
31447
39639
6872
31448
39640
6873
31449
39641
6874
31450
39642
6875
31451
39643
6876
31452
39644
6877
31453
39645
6878
31454
39646
6879
31455
39647
31456
39648
31457
39649
39650
39651
39655
39656
39657
39658
39659
39660
39661
39662
39663
39664
39665
39666
39667
39668
39669
39673
39674
39675
31484
39676
31485
39677
31486
39678
31487
39679
31488
39680
31489
39681
31490
39682
31491
39683
31492
39684
31493
39685
31494
39686
31495
39687
31496
31497
31498
39691
39692
31501
39693
31502
39694
31503
39695
31504
39696
31505
39697
31506
39698
31507
39699
31508
39700
31509
39701
31510
39702
31511
39703
31512
39704
31513
39705
31514
6939
31515
6940
31516
6941
31517
39709
6942
31518
39710
6943
31519
39711
6944
31520
39712
6945
31521
39713
6946
31522
39714
6947
31523
39715
6948
31524
39716
6949
31525
39717
6950
31526
39718
6951
31527
39719
6952
31528
39720
6953
31529
39721
31530
39722
31531
39723
31532
31533
31534
31535
39727
31536
39728
31537
39729
31538
39730
31539
39731
31540
39732
31541
39733
39734
39735
39736
39737
39738
39739
39740
39741
6976
6977
39745
6978
39746
6979
39747
6980
39748
6981
39749
6982
39750
6983
39751
6984
39752
6985
39753
6986
39754
6987
39755
6988
39756
6989
39757
6990
39758
39759
39763
39764
39765
39766
39767
39768
39769
39770
39771
39772
39773
39774
39775
39776
39777
39781
39782
39783
39784
39785
39786
39787
39788
39789
39790
39791
39792
39793
39794
39795
39799
39800
39801
39802
39803
39804
39805
39806
39807
39808
39809
39810
39811
39812
39813
39817
39818
39819
39820
39821
39822
39823
39824
39825
39826
39827
39828
39829
39830
39831
39835
39836
39837
39838
39839
39840
39841
39842
39843
39844
39845
39846
39847
39848
39849
39853
39854
39855
39856
39857
39858
39859
39860
39861
39862
39863
39864
39865
39866
39867
39889
39890
39891
7124
39892
7125
39893
7126
39894
7127
39895
7128
39896
7129
39897
7130
39898
7131
39899
7132
39900
7133
39901
7134
39902
7135
39903
7136
7137
7138
7161
7162
7163
7164
7165
7166
7167
7168
7169
7170
7171
7172
7173
7174
7175
39943
39944
39945
39946
39947
39948
39949
39950
39951
39952
39953
39954
39955
39956
39957
39961
39962
39963
39964
39965
7198
39966
7199
39967
7200
39968
7201
39969
7202
39970
7203
39971
7204
39972
7205
39973
7206
39974
7207
39975
7208
7209
7210
7211
39979
7212
39980
39981
39982
39983
39984
39985
39986
39987
39988
39989
39990
39991
39992
39993
7235
7236
7237
7238
7239
7240
7241
7242
7243
7244
7245
7246
7247
7248
7249
7272
7273
7274
7275
7276
7277
7278
7279
7280
7281
7282
7283
40051
7284
40052
7285
40053
7286
40054
40055
40056
40057
40058
40059
40060
40061
40062
40063
40064
40065
40069
40070
40071
40072
40073
40074
40075
40076
7309
40077
7310
40078
7311
40079
7312
40080
7313
40081
7314
40082
7315
40083
7316
7317
7318
7319
7320
7321
7322
7323
40105
40106
40107
40108
40109
40110
40111
40112
40113
7346
40114
7347
40115
7348
40116
7349
40117
7350
40118
7351
40119
7352
7353
7354
7355
7356
7357
7358
7359
7360
7363
7364
7365
7366
7367
7368
7369
7370
7371
7372
7373
7374
40142
7375
40143
7376
40144
7377
40145
7378
40146
23763
7379
40147
7380
40148
7381
40149
7382
40150
7383
40151
7384
40152
7385
40153
7386
40154
7387
40155
7388
40156
7389
7390
7391
7392
7393
7394
7395
7396
7397
7398
7399
40179
40180
40181
40182
40183
40184
40185
40186
40187
40188
40189
40190
40191
40192
40193
40216
40217
40218
40219
40220
40221
40222
40223
40224
40225
40226
40227
40228
40229
40230
40253
40254
40255
40256
40257
40258
40259
40260
40261
40262
40263
40264
40265
40266
40267
40290
40291
40292
40293
40294
40295
40296
40297
40298
40299
40300
40301
40302
40303
40304
40327
40328
40329
40330
40331
40332
40333
40334
40335
40336
40337
40338
40339
40340
40341
40401
40402
40403
40404
40405
40406
40407
40408
40409
40410
40411
40412
40413
40414
40415
40438
40439
40440
40441
40442
40443
40444
40445
40446
40447
40448
40449
40450
40451
40452
40475
40476
40477
40478
40479
40480
40481
40482
40483
40484
40485
40486
40487
40488
40489
40512
40513
40514
40515
40516
40517
40518
40519
40520
48713
40521
40522
40523
40524
40525
40526
56930
40549
40550
40551
40552
40553
40554
40555
40556
40557
40558
40559
40560
40561
40562
40563
40586
40587
40588
40589
40590
40591
40592
40593
40594
40595
40596
40597
40598
40599
40600
40623
40624
40625
40626
40627
40628
40629
40630
40631
40632
40633
40634
40635
40636
40637
40660
40661
40662
40663
40664
40665
40666
40667
40668
40669
40670
40671
40672
40673
40674
40697
40698
40699
40700
40701
40702
40703
40704
40705
40706
40707
40708
40709
40710
40711
40734
40735
40736
40737
40738
40739
40740
40741
40742
40743
40744
40745
40746
40747
40748
40808
40809
40810
40811
40812
40813
40814
40815
40816
40817
40818
40819
40820
40821
40822
40845
40846
40847
40848
40849
40850
40851
40852
40853
40854
40855
40856
40857
40858
40859
)


// ************************************************************************* //
