/*--------------------------------*- C++ -*----------------------------------*\
| =========                 |                                                 |
| \\      /  F ield         | OpenFOAM: The Open Source CFD Toolbox           |
|  \\    /   O peration     | Version:  2606                                  |
|   \\  /    A nd           | Website:  www.openfoam.com                      |
|    \\/     M anipulation  |                                                 |
\*---------------------------------------------------------------------------*/
FoamFile
{
    version     2.0;
    format      ascii;
    arch        "LSB;label=32;scalar=64";
    class       labelList;
    location    "constant/Eaton_SU3000RTXLCD2UTAA_UPS_0/polyMesh";
    object      cellRegionAddressing;
}
// * * * * * * * * * * * * * * * * * * * * * * * * * * * * * * * * * * * * * //


8207
(
27342
27343
27344
27345
27346
27347
27348
27349
27350
27404
27405
27406
27407
27408
27409
27410
27411
27412
27466
27467
27468
27469
27470
27471
27472
27473
27474
27528
27529
27530
27531
27532
27533
27534
27535
27536
27590
27591
27592
27593
27594
27595
27596
27597
27598
27652
27653
27654
27655
27656
27657
27658
27659
27660
27714
27715
27716
27717
27718
27719
27720
27721
27722
27776
27777
27778
27779
27780
27781
27782
27783
27784
27838
27839
27840
27841
27842
27843
27844
27845
27846
27900
27901
27902
27903
27904
27905
27906
27907
27908
27962
27963
27964
27965
27966
27967
27968
27969
27970
28024
28025
28026
28027
28028
28029
28030
28031
28032
28086
28087
28088
28089
28090
28091
28092
28093
28094
28148
28149
28150
28151
28152
28153
28154
28155
28156
28210
28211
28212
28213
28214
28215
28216
28217
28218
28272
28273
28274
28275
28276
28277
28278
28279
28280
28334
28335
28336
28337
28338
28339
28340
28341
28342
28396
28397
28398
28399
28400
28401
28402
28403
28404
28458
28459
28460
28461
28462
28463
28464
28465
28466
28520
28521
28522
28523
28524
28525
28526
28527
28528
28582
28583
28584
28585
28586
28587
28588
28589
28590
28644
28645
28646
28647
28648
28649
28650
28651
28652
28706
28707
28708
28709
28710
28711
28712
28713
28714
28768
28769
28770
28771
28772
28773
28774
28775
28776
28830
28831
28832
28833
28834
28835
28836
28837
28838
28892
28893
28894
28895
28896
28897
28898
28899
28900
28954
28955
28956
28957
28958
28959
28960
28961
28962
29016
29017
29018
29019
29020
29021
29022
29023
29024
29078
29079
29080
29081
29082
29083
29084
29085
29086
29140
29141
29142
29143
29144
29145
29146
29147
29148
29202
29203
29204
29205
29206
29207
29208
29209
29210
29264
29265
29266
29267
29268
29269
29270
29271
29272
29326
29327
29328
29329
29330
29331
29332
29333
29334
29388
29389
29390
29391
29392
29393
29394
29395
29396
29450
29451
29452
29453
29454
29455
29456
29457
29458
29512
29513
29514
29515
29516
29517
29518
29519
29520
29574
29575
29576
29577
29578
29579
29580
29581
29582
29636
29637
29638
29639
29640
29641
29642
29643
29644
29698
29699
29700
29701
29702
29703
29704
29705
29706
29760
29761
29762
29763
29764
29765
29766
29767
29768
29822
29823
29824
29825
29826
29827
29828
29829
29830
29884
29885
29886
29887
29888
29889
29890
29891
29892
29946
29947
29948
29949
29950
29951
29952
29953
29954
30008
30009
30010
30011
30012
30013
30014
30015
30016
30070
30071
30072
30073
30074
30075
30076
30077
30078
30132
30133
30134
30135
30136
30137
30138
30139
30140
31868
31876
31930
31938
31992
32000
32054
32062
32116
32124
32178
32186
32240
32248
32302
32310
32364
32372
32426
32434
32488
32496
32550
32558
32612
32620
32674
32682
32736
32744
32798
32806
32860
32868
32922
32930
32984
32992
33046
33054
33108
33116
33170
33178
33232
33240
33294
33302
33356
33364
33418
33426
33480
33488
33542
33550
33604
33612
33666
33674
33728
33736
33790
33798
33852
33860
33914
33922
33976
33984
34038
34046
34100
34108
34162
34170
34224
34232
34286
34294
34348
34356
34410
34418
34472
34480
34534
34542
34596
34604
34658
34659
34660
34661
34662
34663
34664
34665
34666
36394
36402
36456
36464
36518
36526
36580
36588
36642
36650
36704
36712
36766
36774
36828
36836
36890
36898
36952
36960
37014
37022
37076
37084
37138
37146
37200
37208
37262
37270
37324
37332
37386
37394
37448
37456
37510
37518
37572
37580
37634
37642
37696
37704
37758
37766
37820
37828
37882
37890
37944
37952
38006
38014
38068
38076
38130
38138
38192
38200
38254
38262
38316
38324
38378
38386
38440
38448
38502
38510
38564
38572
38626
38634
38688
38696
38750
38758
38812
38820
38874
38882
38936
38944
38998
39006
39060
39068
39122
39130
39184
39185
39186
39187
39188
39189
39190
39191
39192
40920
40928
40982
40990
41044
41052
41106
41114
41168
41176
41230
41238
41292
41300
41354
41362
41416
41424
41478
41486
41540
41548
41602
41610
41664
41672
41726
41734
41788
41796
41850
41858
41912
41920
41974
41982
42036
42044
42098
42106
42160
42168
42222
42230
42284
42292
42346
42354
42408
42416
42470
42478
42532
42540
42594
42602
42656
42664
42718
42726
42780
42788
42842
42850
42904
42912
42966
42974
43028
43036
43090
43098
43152
43160
43214
43222
43276
43284
43338
43346
43400
43408
43462
43470
43524
43532
43586
43594
43648
43656
43710
43711
43712
43713
43714
43715
43716
43717
43718
45446
45454
45508
45516
45570
45578
45632
45640
45694
45702
45756
45764
45818
45826
45880
45888
45942
45950
46004
46012
46066
46074
46128
46136
46190
46198
46252
46260
46314
46322
46376
46384
46438
46446
46500
46508
46562
46570
46624
46632
46686
46694
46748
46756
46810
46818
46872
46880
46934
46942
46996
47004
47058
47066
47120
47128
47182
47190
47244
47252
47306
47314
47368
47376
47430
47438
47492
47500
47554
47562
47616
47624
47678
47686
47740
47748
47802
47810
47864
47872
47926
47934
47988
47996
48050
48058
48112
48120
48174
48182
48236
48237
48238
48239
48240
48241
48242
48243
48244
49972
49980
50034
50042
50096
50104
50158
50166
50220
50228
50282
50290
50344
50352
50406
50414
50468
50476
50530
50538
50592
50600
50654
50656
50657
50658
50659
50660
50662
50716
50718
50719
50720
50721
50722
50724
50778
50780
50781
50782
50783
50784
50786
50840
50842
50843
50844
50845
50846
50848
50902
50904
50905
50906
50907
50908
50910
50964
50966
50967
50968
50969
50970
50972
51026
51028
51029
51030
51031
51032
51034
51088
51090
51091
51092
51093
51094
51096
51150
51152
51153
51154
51155
51156
51158
51212
51214
51215
51216
51217
51218
51220
51274
51276
51277
51278
51279
51280
51282
51336
51338
51339
51340
51341
51342
51344
51398
51400
51401
51402
51403
51404
51406
51460
51462
51463
51464
51465
51466
51468
51522
51524
51525
51526
51527
51528
51530
51584
51586
51587
51588
51589
51590
51592
51646
51648
51649
51650
51651
51652
51654
51708
51710
51711
51712
51713
51714
51716
51770
51772
51773
51774
51775
51776
51778
51832
51834
51835
51836
51837
51838
51840
51894
51896
51897
51898
51899
51900
51902
51956
51964
52018
52026
52080
52088
52142
52150
52204
52212
52266
52274
52328
52336
52390
52398
52452
52460
52514
52522
52576
52584
52638
52646
52700
52708
52762
52763
52764
52765
52766
52767
52768
52769
52770
54498
54506
54560
54568
54622
54630
54684
54692
54746
54754
54808
54816
54870
54878
54932
54940
54994
55002
55056
55064
55118
55126
55180
55182
55183
55184
55185
55186
55188
55242
55244
55245
55246
55247
55248
55250
55304
55306
55307
55308
55309
55310
55312
55366
55368
55369
55370
55371
55372
55374
55428
55430
55431
55432
55433
55434
55436
55490
55492
55493
55494
55495
55496
55498
55552
55554
55555
55556
55557
55558
55560
55614
55616
55617
55618
55619
55620
55622
55676
55678
55679
55680
55681
55682
55684
55738
55740
55741
55742
55743
55744
55746
55800
55802
55803
55804
55805
55806
55808
55862
55864
55865
55866
55867
55868
55870
55924
55926
55927
55928
55929
55930
55932
55986
55988
55989
55990
55991
55992
55994
56048
56050
56051
56052
56053
56054
56056
56110
56112
56113
56114
56115
56116
56118
56172
56174
56175
56176
56177
56178
56180
56234
56236
56237
56238
56239
56240
56242
56296
56298
56299
56300
56301
56302
56304
56358
56360
56361
56362
56363
56364
56366
56420
56422
56423
56424
56425
56426
56428
56482
56490
56544
56552
56606
56614
56668
56676
56730
56738
56792
56800
56854
56862
56916
56924
56978
56986
57040
57048
57102
57110
57164
57172
57226
57234
57288
57289
57290
57291
57292
57293
57294
57295
57296
59024
59032
59086
59094
59148
59156
59210
59218
59272
59280
59334
59342
59396
59404
59458
59466
59520
59528
59582
59590
59644
59652
59706
59708
59709
59710
59711
59712
59714
59768
59770
59771
59772
59773
59774
59776
59830
59832
59833
59834
59835
59836
59838
59892
59894
59895
59896
59897
59898
59900
59954
59956
59957
59958
59959
59960
59962
60016
60018
60019
60020
60021
60022
60024
60078
60080
60081
60082
60083
60084
60086
60140
60142
60143
60144
60145
60146
60148
60202
60204
60205
60206
60207
60208
60210
60264
60266
60267
60268
60269
60270
60272
60326
60328
60329
60330
60331
60332
60334
60388
60390
60391
60392
60393
60394
60396
60450
60452
60453
60454
60455
60456
60458
60512
60514
60515
60516
60517
60518
60520
60574
60576
60577
60578
60579
60580
60582
60636
60638
60639
60640
60641
60642
60644
60698
60700
60701
60702
60703
60704
60706
60760
60762
60763
60764
60765
60766
60768
60822
60824
60825
60826
60827
60828
60830
60884
60886
60887
60888
60889
60890
60892
60946
60948
60949
60950
60951
60952
60954
61008
61016
61070
61078
61132
61140
61194
61202
61256
61264
61318
61326
61380
61388
61442
61450
61504
61512
61566
61574
61628
61636
61690
61698
61752
61760
61814
61815
61816
61817
61818
61819
61820
61821
61822
63550
63558
63612
63620
63674
63682
63736
63744
63798
63806
63860
63868
63922
63930
63984
63992
64046
64054
64108
64116
64170
64178
64232
64234
64235
64236
64237
64238
64240
64294
64296
64297
64298
64299
64300
64302
64356
64358
64359
64360
64361
64362
64364
64418
64420
64421
64422
64423
64424
64426
64480
64482
64483
64484
64485
64486
64488
64542
64544
64545
64546
64547
64548
64550
64604
64606
64607
64608
64609
64610
64612
64666
64668
64669
64670
64671
64672
64674
64728
64730
64731
64732
64733
64734
64736
64790
64792
64793
64794
64795
64796
64798
64852
64854
64855
64856
64857
64858
64860
64914
64916
64917
64918
64919
64920
64922
64976
64978
64979
64980
64981
64982
64984
65038
65040
65041
65042
65043
65044
65046
65100
65102
65103
65104
65105
65106
65108
65162
65164
65165
65166
65167
65168
65170
65224
65226
65227
65228
65229
65230
65232
65286
65288
65289
65290
65291
65292
65294
65348
65350
65351
65352
65353
65354
65356
65410
65412
65413
65414
65415
65416
65418
65472
65474
65475
65476
65477
65478
65480
65534
65542
65596
65604
65658
65666
65720
65728
65782
65790
65844
65852
65906
65914
65968
65976
66030
66038
66092
66100
66154
66162
66216
66224
66278
66286
66340
66341
66342
66343
66344
66345
66346
66347
66348
68076
68084
68138
68146
68200
68208
68262
68270
68324
68332
68386
68394
68448
68456
68510
68518
68572
68580
68634
68642
68696
68704
68758
68760
68761
68762
68763
68764
68766
68820
68822
68823
68824
68825
68826
68828
68882
68884
68885
68886
68887
68888
68890
68944
68946
68947
68948
68949
68950
68952
69006
69008
69009
69010
69011
69012
69014
69068
69070
69071
69072
69073
69074
69076
69130
69132
69133
69134
69135
69136
69138
69192
69194
69195
69196
69197
69198
69200
69254
69256
69257
69258
69259
69260
69262
69316
69318
69319
69320
69321
69322
69324
69378
69380
69381
69382
69383
69384
69386
69440
69442
69443
69444
69445
69446
69448
69502
69504
69505
69506
69507
69508
69510
69564
69566
69567
69568
69569
69570
69572
69626
69628
69629
69630
69631
69632
69634
69688
69690
69691
69692
69693
69694
69696
69750
69752
69753
69754
69755
69756
69758
69812
69814
69815
69816
69817
69818
69820
69874
69876
69877
69878
69879
69880
69882
69936
69938
69939
69940
69941
69942
69944
69998
70000
70001
70002
70003
70004
70006
70060
70068
70122
70130
70184
70192
70246
70254
70308
70316
70370
70378
70432
70440
70494
70502
70556
70564
70618
70626
70680
70688
70742
70750
70804
70812
70866
70867
70868
70869
70870
70871
70872
70873
70874
72602
72610
72664
72672
72726
72734
72788
72796
72850
72858
72912
72920
72974
72982
73036
73044
73098
73106
73160
73168
73222
73230
73284
73286
73287
73288
73289
73290
73292
73346
73348
73349
73350
73351
73352
73354
73408
73410
73411
73412
73413
73414
73416
73470
73472
73473
73474
73475
73476
73478
73532
73534
73535
73536
73537
73538
73540
73594
73596
73597
73598
73599
73600
73602
73656
73658
73659
73660
73661
73662
73664
73718
73720
73721
73722
73723
73724
73726
73780
73782
73783
73784
73785
73786
73788
73842
73844
73845
73846
73847
73848
73850
73904
73906
73907
73908
73909
73910
73912
73966
73968
73969
73970
73971
73972
73974
74028
74030
74031
74032
74033
74034
74036
74090
74092
74093
74094
74095
74096
74098
74152
74154
74155
74156
74157
74158
74160
74214
74216
74217
74218
74219
74220
74222
74276
74278
74279
74280
74281
74282
74284
74338
74340
74341
74342
74343
74344
74346
74400
74402
74403
74404
74405
74406
74408
74462
74464
74465
74466
74467
74468
74470
74524
74526
74527
74528
74529
74530
74532
74586
74594
74648
74656
74710
74718
74772
74780
74834
74842
74896
74904
74958
74966
75020
75028
75082
75090
75144
75152
75206
75214
75268
75276
75330
75338
75392
75393
75394
75395
75396
75397
75398
75399
75400
77128
77136
77190
77198
77252
77260
77314
77322
77376
77384
77438
77446
77500
77508
77562
77570
77624
77632
77686
77694
77748
77756
77810
77812
77813
77814
77815
77816
77818
77872
77874
77875
77876
77877
77878
77880
77934
77936
77937
77938
77939
77940
77942
77996
77998
77999
78000
78001
78002
78004
78058
78060
78061
78062
78063
78064
78066
78120
78122
78123
78124
78125
78126
78128
78182
78184
78185
78186
78187
78188
78190
78244
78246
78247
78248
78249
78250
78252
78306
78308
78309
78310
78311
78312
78314
78368
78370
78371
78372
78373
78374
78376
78430
78432
78433
78434
78435
78436
78438
78492
78494
78495
78496
78497
78498
78500
78554
78556
78557
78558
78559
78560
78562
78616
78618
78619
78620
78621
78622
78624
78678
78680
78681
78682
78683
78684
78686
78740
78742
78743
78744
78745
78746
78748
78802
78804
78805
78806
78807
78808
78810
78864
78866
78867
78868
78869
78870
78872
78926
78928
78929
78930
78931
78932
78934
78988
78990
78991
78992
78993
78994
78996
79050
79052
79053
79054
79055
79056
79058
79112
79120
79174
79182
79236
79244
79298
79306
79360
79368
79422
79430
79484
79492
79546
79554
79608
79616
79670
79678
79732
79740
79794
79802
79856
79864
79918
79919
79920
79921
79922
79923
79924
79925
79926
81654
81662
81716
81724
81778
81786
81840
81848
81902
81910
81964
81972
82026
82034
82088
82096
82150
82158
82212
82220
82274
82282
82336
82338
82339
82340
82341
82342
82344
82398
82400
82401
82402
82403
82404
82406
82460
82462
82463
82464
82465
82466
82468
82522
82524
82525
82526
82527
82528
82530
82584
82586
82587
82588
82589
82590
82592
82646
82648
82649
82650
82651
82652
82654
82708
82710
82711
82712
82713
82714
82716
82770
82772
82773
82774
82775
82776
82778
82832
82834
82835
82836
82837
82838
82840
82894
82896
82897
82898
82899
82900
82902
82956
82958
82959
82960
82961
82962
82964
83018
83020
83021
83022
83023
83024
83026
83080
83082
83083
83084
83085
83086
83088
83142
83144
83145
83146
83147
83148
83150
83204
83206
83207
83208
83209
83210
83212
83266
83268
83269
83270
83271
83272
83274
83328
83330
83331
83332
83333
83334
83336
83390
83392
83393
83394
83395
83396
83398
83452
83454
83455
83456
83457
83458
83460
83514
83516
83517
83518
83519
83520
83522
83576
83578
83579
83580
83581
83582
83584
83638
83646
83700
83708
83762
83770
83824
83832
83886
83894
83948
83956
84010
84018
84072
84080
84134
84142
84196
84204
84258
84266
84320
84328
84382
84390
84444
84445
84446
84447
84448
84449
84450
84451
84452
86180
86188
86242
86250
86304
86312
86366
86374
86428
86436
86490
86498
86552
86560
86614
86622
86676
86684
86738
86746
86800
86808
86862
86864
86865
86866
86867
86868
86870
86924
86926
86927
86928
86929
86930
86932
86986
86988
86989
86990
86991
86992
86994
87048
87050
87051
87052
87053
87054
87056
87110
87112
87113
87114
87115
87116
87118
87172
87174
87175
87176
87177
87178
87180
87234
87236
87237
87238
87239
87240
87242
87296
87298
87299
87300
87301
87302
87304
87358
87360
87361
87362
87363
87364
87366
87420
87422
87423
87424
87425
87426
87428
87482
87484
87485
87486
87487
87488
87490
87544
87546
87547
87548
87549
87550
87552
87606
87608
87609
87610
87611
87612
87614
87668
87670
87671
87672
87673
87674
87676
87730
87732
87733
87734
87735
87736
87738
87792
87794
87795
87796
87797
87798
87800
87854
87856
87857
87858
87859
87860
87862
87916
87918
87919
87920
87921
87922
87924
87978
87980
87981
87982
87983
87984
87986
88040
88042
88043
88044
88045
88046
88048
88102
88104
88105
88106
88107
88108
88110
88164
88172
88226
88234
88288
88296
88350
88358
88412
88420
88474
88482
88536
88544
88598
88606
88660
88668
88722
88730
88784
88792
88846
88854
88908
88916
88970
88971
88972
88973
88974
88975
88976
88977
88978
90706
90714
90768
90776
90830
90838
90892
90900
90954
90962
91016
91024
91078
91086
91140
91148
91202
91210
91264
91272
91326
91334
91388
91390
91391
91392
91393
91394
91396
91450
91452
91453
91454
91455
91456
91458
91512
91514
91515
91516
91517
91518
91520
91574
91576
91577
91578
91579
91580
91582
91636
91638
91639
91640
91641
91642
91644
91698
91700
91701
91702
91703
91704
91706
91760
91762
91763
91764
91765
91766
91768
91822
91824
91825
91826
91827
91828
91830
91884
91886
91887
91888
91889
91890
91892
91946
91948
91949
91950
91951
91952
91954
92008
92010
92011
92012
92013
92014
92016
92070
92072
92073
92074
92075
92076
92078
92132
92134
92135
92136
92137
92138
92140
92194
92196
92197
92198
92199
92200
92202
92256
92258
92259
92260
92261
92262
92264
92318
92320
92321
92322
92323
92324
92326
92380
92382
92383
92384
92385
92386
92388
92442
92444
92445
92446
92447
92448
92450
92504
92506
92507
92508
92509
92510
92512
92566
92568
92569
92570
92571
92572
92574
92628
92630
92631
92632
92633
92634
92636
92690
92698
92752
92760
92814
92822
92876
92884
92938
92946
93000
93008
93062
93070
93124
93132
93186
93194
93248
93256
93310
93318
93372
93380
93434
93442
93496
93497
93498
93499
93500
93501
93502
93503
93504
95232
95233
95234
95235
95236
95237
95238
95239
95240
95294
95302
95356
95364
95418
95426
95480
95488
95542
95550
95604
95612
95666
95674
95728
95736
95790
95798
95852
95860
95914
95916
95917
95918
95919
95920
95922
95976
95978
95979
95980
95981
95982
95984
96038
96040
96041
96042
96043
96044
96046
96100
96102
96103
96104
96105
96106
96108
96162
96164
96165
96166
96167
96168
96170
96224
96226
96227
96228
96229
96230
96232
96286
96288
96289
96290
96291
96292
96294
96348
96350
96351
96352
96353
96354
96356
96410
96412
96413
96414
96415
96416
96418
96472
96474
96475
96476
96477
96478
96480
96534
96536
96537
96538
96539
96540
96542
96596
96598
96599
96600
96601
96602
96604
96658
96660
96661
96662
96663
96664
96666
96720
96722
96723
96724
96725
96726
96728
96782
96784
96785
96786
96787
96788
96790
96844
96846
96847
96848
96849
96850
96852
96906
96908
96909
96910
96911
96912
96914
96968
96970
96971
96972
96973
96974
96976
97030
97032
97033
97034
97035
97036
97038
97092
97094
97095
97096
97097
97098
97100
97154
97156
97157
97158
97159
97160
97162
97216
97224
97278
97286
97340
97348
97402
97410
97464
97472
97526
97534
97588
97596
97650
97658
97712
97720
97774
97782
97836
97844
97898
97906
97960
97968
98022
98023
98024
98025
98026
98027
98028
98029
98030
99758
99759
99760
99761
99762
99763
99764
99765
99766
99820
99828
99882
99890
99944
99952
100006
100014
100068
100076
100130
100138
100192
100200
100254
100262
100316
100324
100378
100386
100440
100442
100443
100444
100445
100446
100448
100502
100504
100505
100506
100507
100508
100510
100564
100566
100567
100568
100569
100570
100572
100626
100628
100629
100630
100631
100632
100634
100688
100690
100691
100692
100693
100694
100696
100750
100752
100753
100754
100755
100756
100758
100812
100814
100815
100816
100817
100818
100820
100874
100876
100877
100878
100879
100880
100882
100936
100938
100939
100940
100941
100942
100944
100998
101000
101001
101002
101003
101004
101006
101060
101062
101063
101064
101065
101066
101068
101122
101124
101125
101126
101127
101128
101130
101184
101186
101187
101188
101189
101190
101192
101246
101248
101249
101250
101251
101252
101254
101308
101310
101311
101312
101313
101314
101316
101370
101372
101373
101374
101375
101376
101378
101432
101434
101435
101436
101437
101438
101440
101494
101496
101497
101498
101499
101500
101502
101556
101558
101559
101560
101561
101562
101564
101618
101620
101621
101622
101623
101624
101626
101680
101682
101683
101684
101685
101686
101688
101742
101750
101804
101812
101866
101874
101928
101936
101990
101998
102052
102060
102114
102122
102176
102184
102238
102246
102300
102308
102362
102370
102424
102432
102486
102494
102548
102549
102550
102551
102552
102553
102554
102555
102556
104284
104285
104286
104287
104288
104289
104290
104291
104292
104346
104354
104408
104416
104470
104478
104532
104540
104594
104602
104656
104664
104718
104726
104780
104788
104842
104850
104904
104912
104966
104968
104969
104970
104971
104972
104974
105028
105030
105031
105032
105033
105034
105036
105090
105092
105093
105094
105095
105096
105098
105152
105154
105155
105156
105157
105158
105160
105214
105216
105217
105218
105219
105220
105222
105276
105278
105279
105280
105281
105282
105284
105338
105340
105341
105342
105343
105344
105346
105400
105402
105403
105404
105405
105406
105408
105462
105464
105465
105466
105467
105468
105470
105524
105526
105527
105528
105529
105530
105532
105586
105588
105589
105590
105591
105592
105594
105648
105650
105651
105652
105653
105654
105656
105710
105712
105713
105714
105715
105716
105718
105772
105774
105775
105776
105777
105778
105780
105834
105836
105837
105838
105839
105840
105842
105896
105898
105899
105900
105901
105902
105904
105958
105960
105961
105962
105963
105964
105966
106020
106022
106023
106024
106025
106026
106028
106082
106084
106085
106086
106087
106088
106090
106144
106146
106147
106148
106149
106150
106152
106206
106208
106209
106210
106211
106212
106214
106268
106276
106330
106338
106392
106400
106454
106462
106516
106524
106578
106586
106640
106648
106702
106710
106764
106772
106826
106834
106888
106896
106950
106958
107012
107020
107074
107075
107076
107077
107078
107079
107080
107081
107082
108810
108811
108812
108813
108814
108815
108816
108817
108818
108872
108880
108934
108942
108996
109004
109058
109066
109120
109128
109182
109190
109244
109252
109306
109314
109368
109376
109430
109438
109492
109494
109495
109496
109497
109498
109500
109554
109556
109557
109558
109559
109560
109562
109616
109618
109619
109620
109621
109622
109624
109678
109680
109681
109682
109683
109684
109686
109740
109742
109743
109744
109745
109746
109748
109802
109804
109805
109806
109807
109808
109810
109864
109866
109867
109868
109869
109870
109872
109926
109928
109929
109930
109931
109932
109934
109988
109990
109991
109992
109993
109994
109996
110050
110052
110053
110054
110055
110056
110058
110112
110114
110115
110116
110117
110118
110120
110174
110176
110177
110178
110179
110180
110182
110236
110238
110239
110240
110241
110242
110244
110298
110300
110301
110302
110303
110304
110306
110360
110362
110363
110364
110365
110366
110368
110422
110424
110425
110426
110427
110428
110430
110484
110486
110487
110488
110489
110490
110492
110546
110548
110549
110550
110551
110552
110554
110608
110610
110611
110612
110613
110614
110616
110670
110672
110673
110674
110675
110676
110678
110732
110734
110735
110736
110737
110738
110740
110794
110802
110856
110864
110918
110926
110980
110988
111042
111050
111104
111112
111166
111174
111228
111236
111290
111298
111352
111360
111414
111422
111476
111484
111538
111546
111600
111601
111602
111603
111604
111605
111606
111607
111608
113336
113337
113338
113339
113340
113341
113342
113343
113344
113398
113406
113460
113468
113522
113530
113584
113592
113646
113654
113708
113716
113770
113778
113832
113840
113894
113902
113956
113964
114018
114020
114021
114022
114023
114024
114026
114080
114082
114083
114084
114085
114086
114088
114142
114144
114145
114146
114147
114148
114150
114204
114206
114207
114208
114209
114210
114212
114266
114268
114269
114270
114271
114272
114274
114328
114330
114331
114332
114333
114334
114336
114390
114392
114393
114394
114395
114396
114398
114452
114454
114455
114456
114457
114458
114460
114514
114516
114517
114518
114519
114520
114522
114576
114578
114579
114580
114581
114582
114584
114638
114640
114641
114642
114643
114644
114646
114700
114702
114703
114704
114705
114706
114708
114762
114764
114765
114766
114767
114768
114770
114824
114826
114827
114828
114829
114830
114832
114886
114888
114889
114890
114891
114892
114894
114948
114950
114951
114952
114953
114954
114956
115010
115012
115013
115014
115015
115016
115018
115072
115074
115075
115076
115077
115078
115080
115134
115136
115137
115138
115139
115140
115142
115196
115198
115199
115200
115201
115202
115204
115258
115260
115261
115262
115263
115264
115266
115320
115328
115382
115390
115444
115452
115506
115514
115568
115576
115630
115638
115692
115700
115754
115762
115816
115824
115878
115886
115940
115948
116002
116010
116064
116072
116126
116127
116128
116129
116130
116131
116132
116133
116134
117862
117863
117864
117865
117866
117867
117868
117869
117870
117924
117932
117986
117994
118048
118056
118110
118118
118172
118180
118234
118242
118296
118304
118358
118366
118420
118428
118482
118490
118544
118546
118547
118548
118549
118550
118552
118606
118608
118609
118610
118611
118612
118614
118668
118670
118671
118672
118673
118674
118676
118730
118732
118733
118734
118735
118736
118738
118792
118794
118795
118796
118797
118798
118800
118854
118856
118857
118858
118859
118860
118862
118916
118918
118919
118920
118921
118922
118924
118978
118980
118981
118982
118983
118984
118986
119040
119042
119043
119044
119045
119046
119048
119102
119104
119105
119106
119107
119108
119110
119164
119166
119167
119168
119169
119170
119172
119226
119228
119229
119230
119231
119232
119234
119288
119290
119291
119292
119293
119294
119296
119350
119352
119353
119354
119355
119356
119358
119412
119414
119415
119416
119417
119418
119420
119474
119476
119477
119478
119479
119480
119482
119536
119538
119539
119540
119541
119542
119544
119598
119600
119601
119602
119603
119604
119606
119660
119662
119663
119664
119665
119666
119668
119722
119724
119725
119726
119727
119728
119730
119784
119786
119787
119788
119789
119790
119792
119846
119854
119908
119916
119970
119978
120032
120040
120094
120102
120156
120164
120218
120226
120280
120288
120342
120350
120404
120412
120466
120474
120528
120536
120590
120598
120652
120653
120654
120655
120656
120657
120658
120659
120660
122388
122389
122390
122391
122392
122393
122394
122395
122396
122450
122458
122512
122520
122574
122582
122636
122644
122698
122706
122760
122768
122822
122830
122884
122892
122946
122954
123008
123016
123070
123072
123073
123074
123075
123076
123078
123132
123134
123135
123136
123137
123138
123140
123194
123196
123197
123198
123199
123200
123202
123256
123258
123259
123260
123261
123262
123264
123318
123320
123321
123322
123323
123324
123326
123380
123382
123383
123384
123385
123386
123388
123442
123444
123445
123446
123447
123448
123450
123504
123506
123507
123508
123509
123510
123512
123566
123568
123569
123570
123571
123572
123574
123628
123630
123631
123632
123633
123634
123636
123690
123692
123693
123694
123695
123696
123698
123752
123754
123755
123756
123757
123758
123760
123814
123816
123817
123818
123819
123820
123822
123876
123878
123879
123880
123881
123882
123884
123938
123940
123941
123942
123943
123944
123946
124000
124002
124003
124004
124005
124006
124008
124062
124064
124065
124066
124067
124068
124070
124124
124126
124127
124128
124129
124130
124132
124186
124188
124189
124190
124191
124192
124194
124248
124250
124251
124252
124253
124254
124256
124310
124312
124313
124314
124315
124316
124318
124372
124380
124434
124442
124496
124504
124558
124566
124620
124628
124682
124690
124744
124752
124806
124814
124868
124876
124930
124938
124992
125000
125054
125062
125116
125124
125178
125179
125180
125181
125182
125183
125184
125185
125186
126914
126915
126916
126917
126918
126919
126920
126921
126922
126976
126984
127038
127046
127100
127108
127162
127170
127224
127232
127286
127294
127348
127356
127410
127418
127472
127480
127534
127542
127596
127604
127658
127666
127720
127728
127782
127790
127844
127852
127906
127914
127968
127976
128030
128038
128092
128100
128154
128162
128216
128224
128278
128286
128340
128348
128402
128410
128464
128472
128526
128534
128588
128596
128650
128658
128712
128720
128774
128782
128836
128844
128898
128906
128960
128968
129022
129030
129084
129092
129146
129154
129208
129216
129270
129278
129332
129340
129394
129402
129456
129464
129518
129526
129580
129588
129642
129650
129704
129705
129706
129707
129708
129709
129710
129711
129712
131440
131441
131442
131443
131444
131445
131446
131447
131448
131502
131510
131564
131572
131626
131634
131688
131696
131750
131758
131812
131820
131874
131882
131936
131944
131998
132006
132060
132068
132122
132130
132184
132192
132246
132254
132308
132316
132370
132378
132432
132440
132494
132502
132556
132564
132618
132626
132680
132688
132742
132750
132804
132812
132866
132874
132928
132936
132990
132998
133052
133060
133114
133122
133176
133184
133238
133246
133300
133308
133362
133370
133424
133432
133486
133494
133548
133556
133610
133618
133672
133680
133734
133742
133796
133804
133858
133866
133920
133928
133982
133990
134044
134052
134106
134114
134168
134176
134230
134231
134232
134233
134234
134235
134236
134237
134238
135966
135967
135968
135969
135970
135971
135972
135973
135974
136028
136036
136090
136098
136152
136160
136214
136222
136276
136284
136338
136346
136400
136408
136462
136470
136524
136532
136586
136594
136648
136656
136710
136718
136772
136780
136834
136842
136896
136904
136958
136966
137020
137028
137082
137090
137144
137152
137206
137214
137268
137276
137330
137338
137392
137400
137454
137462
137516
137524
137578
137586
137640
137648
137702
137710
137764
137772
137826
137834
137888
137896
137950
137958
138012
138020
138074
138082
138136
138144
138198
138206
138260
138268
138322
138330
138384
138392
138446
138454
138508
138516
138570
138578
138632
138640
138694
138702
138756
138757
138758
138759
138760
138761
138762
138763
138764
140492
140493
140494
140495
140496
140497
140498
140499
140500
140554
140562
140616
140624
140678
140686
140740
140748
140802
140810
140864
140872
140926
140934
140988
140996
141050
141058
141112
141120
141174
141182
141236
141244
141298
141306
141360
141368
141422
141430
141484
141492
141546
141554
141608
141616
141670
141678
141732
141740
141794
141802
141856
141864
141918
141926
141980
141988
142042
142050
142104
142112
142166
142174
142228
142236
142290
142298
142352
142360
142414
142422
142476
142484
142538
142546
142600
142608
142662
142670
142724
142732
142786
142794
142848
142856
142910
142918
142972
142980
143034
143042
143096
143104
143158
143166
143220
143228
143282
143283
143284
143285
143286
143287
143288
143289
143290
145018
145019
145020
145021
145022
145023
145024
145025
145026
145080
145088
145142
145150
145204
145212
145266
145274
145328
145336
145390
145398
145452
145460
145514
145522
145576
145584
145638
145646
145700
145708
145762
145770
145824
145832
145886
145894
145948
145956
146010
146018
146072
146080
146134
146142
146196
146204
146258
146266
146320
146328
146382
146390
146444
146452
146506
146514
146568
146576
146630
146638
146692
146700
146754
146762
146816
146824
146878
146886
146940
146948
147002
147010
147064
147072
147126
147134
147188
147196
147250
147258
147312
147320
147374
147382
147436
147444
147498
147506
147560
147568
147622
147630
147684
147692
147746
147754
147808
147809
147810
147811
147812
147813
147814
147815
147816
149544
149545
149546
149547
149548
149549
149550
149551
149552
149606
149614
149668
149676
149730
149738
149792
149800
149854
149862
149916
149924
149978
149986
150040
150048
150102
150110
150164
150172
150226
150234
150288
150296
150350
150358
150412
150420
150474
150482
150536
150544
150598
150606
150660
150668
150722
150730
150784
150792
150846
150854
150908
150916
150970
150978
151032
151040
151094
151102
151156
151164
151218
151226
151280
151288
151342
151350
151404
151412
151466
151474
151528
151536
151590
151598
151652
151660
151714
151722
151776
151784
151838
151846
151900
151908
151962
151970
152024
152032
152086
152094
152148
152156
152210
152218
152272
152280
152334
152335
152336
152337
152338
152339
152340
152341
152342
154070
154071
154072
154073
154074
154075
154076
154077
154078
154132
154140
154194
154202
154256
154264
154318
154321
154322
154326
154380
154383
154384
154388
154442
154445
154446
154450
154504
154507
154508
154512
154566
154569
154570
154574
154628
154631
154632
154636
154690
154693
154694
154698
154752
154755
154756
154760
154814
154817
154818
154822
154876
154879
154880
154884
154938
154941
154942
154946
155000
155003
155004
155008
155062
155065
155066
155070
155124
155127
155128
155132
155186
155189
155190
155194
155248
155251
155252
155256
155310
155313
155314
155318
155372
155375
155376
155380
155434
155437
155438
155442
155496
155499
155500
155504
155558
155561
155562
155566
155620
155623
155624
155628
155682
155685
155686
155690
155744
155747
155748
155752
155806
155814
155868
155876
155930
155938
155992
156000
156054
156062
156116
156124
156178
156186
156240
156248
156302
156310
156364
156372
156426
156434
156488
156496
156550
156558
156612
156620
156674
156682
156736
156744
156798
156806
156860
156861
156862
156863
156864
156865
156866
156867
156868
158596
158597
158598
158599
158600
158601
158602
158603
158604
158658
158666
158720
158728
158782
158790
158844
158847
158848
158852
158906
158909
158910
158914
158968
158971
158972
158976
159030
159033
159034
159038
159092
159095
159096
159100
159154
159157
159158
159162
159216
159219
159220
159224
159278
159281
159282
159286
159340
159343
159344
159348
159402
159405
159406
159410
159464
159467
159468
159472
159526
159529
159530
159534
159588
159591
159592
159596
159650
159653
159654
159658
159712
159715
159716
159720
159774
159777
159778
159782
159836
159839
159840
159844
159898
159901
159902
159906
159960
159963
159964
159968
160022
160025
160026
160030
160084
160087
160088
160092
160146
160149
160150
160154
160208
160211
160212
160216
160270
160273
160274
160278
160332
160340
160394
160402
160456
160464
160518
160526
160580
160588
160642
160650
160704
160712
160766
160774
160828
160836
160890
160898
160952
160960
161014
161022
161076
161084
161138
161146
161200
161208
161262
161270
161324
161332
161386
161387
161388
161389
161390
161391
161392
161393
161394
163122
163130
163184
163192
163246
163254
163308
163316
163370
163373
163374
163378
163432
163435
163436
163440
163494
163497
163498
163502
163556
163559
163560
163564
163618
163621
163622
163626
163680
163683
163684
163688
163742
163745
163746
163750
163804
163807
163808
163812
163866
163869
163870
163874
163928
163931
163932
163936
163990
163993
163994
163998
164052
164055
164056
164060
164114
164117
164118
164122
164176
164179
164180
164184
164238
164241
164242
164246
164300
164303
164304
164308
164362
164365
164366
164370
164424
164427
164428
164432
164486
164489
164490
164494
164548
164551
164552
164556
164610
164613
164614
164618
164672
164675
164676
164680
164734
164737
164738
164742
164796
164799
164800
164804
164858
164866
164920
164928
164982
164990
165044
165052
165106
165114
165168
165176
165230
165238
165292
165300
165354
165362
165416
165424
165478
165486
165540
165548
165602
165610
165664
165672
165726
165734
165788
165796
165850
165858
165912
165913
165914
165915
165916
165917
165918
165919
165920
167648
167656
167710
167718
167772
167780
167834
167842
167896
167899
167900
167904
167958
167961
167962
167966
168020
168023
168024
168028
168082
168085
168086
168090
168144
168147
168148
168152
168206
168209
168210
168214
168268
168271
168272
168276
168330
168333
168334
168338
168392
168395
168396
168400
168454
168457
168458
168462
168516
168519
168520
168524
168578
168581
168582
168586
168640
168643
168644
168648
168702
168705
168706
168710
168764
168767
168768
168772
168826
168829
168830
168834
168888
168891
168892
168896
168950
168953
168954
168958
169012
169015
169016
169020
169074
169077
169078
169082
169136
169139
169140
169144
169198
169201
169202
169206
169260
169263
169264
169268
169322
169325
169326
169330
169384
169392
169446
169454
169508
169516
169570
169578
169632
169640
169694
169702
169756
169764
169818
169826
169880
169888
169942
169950
170004
170012
170066
170074
170128
170136
170190
170198
170252
170260
170314
170322
170376
170384
170438
170439
170440
170441
170442
170443
170444
170445
170446
172174
172182
172236
172244
172298
172306
172360
172368
172422
172425
172426
172430
172484
172487
172488
172492
172546
172549
172550
172554
172608
172611
172612
172616
172670
172673
172674
172678
172732
172735
172736
172740
172794
172797
172798
172802
172856
172859
172860
172864
172918
172921
172922
172926
172980
172983
172984
172988
173042
173045
173046
173050
173104
173107
173108
173112
173166
173169
173170
173174
173228
173231
173232
173236
173290
173293
173294
173298
173352
173355
173356
173360
173414
173417
173418
173422
173476
173479
173480
173484
173538
173541
173542
173546
173600
173603
173604
173608
173662
173665
173666
173670
173724
173727
173728
173732
173786
173789
173790
173794
173848
173851
173852
173856
173910
173918
173972
173980
174034
174042
174096
174104
174158
174166
174220
174228
174282
174290
174344
174352
174406
174414
174468
174476
174530
174538
174592
174600
174654
174662
174716
174724
174778
174786
174840
174848
174902
174910
174964
174965
174966
174967
174968
174969
174970
174971
174972
176700
176708
176762
176770
176824
176832
176886
176894
176948
176951
176952
176956
177010
177013
177014
177018
177072
177075
177076
177080
177134
177137
177138
177142
177196
177199
177200
177204
177258
177261
177262
177266
177320
177323
177324
177328
177382
177385
177386
177390
177444
177447
177448
177452
177506
177509
177510
177514
177568
177571
177572
177576
177630
177633
177634
177638
177692
177695
177696
177700
177754
177757
177758
177762
177816
177819
177820
177824
177878
177881
177882
177886
177940
177943
177944
177948
178002
178005
178006
178010
178064
178067
178068
178072
178126
178129
178130
178134
178188
178191
178192
178196
178250
178253
178254
178258
178312
178315
178316
178320
178374
178377
178378
178382
178436
178444
178498
178506
178560
178568
178622
178630
178684
178692
178746
178754
178808
178816
178870
178878
178932
178940
178994
179002
179056
179064
179118
179126
179180
179188
179242
179250
179304
179312
179366
179374
179428
179436
179490
179491
179492
179496
179497
179498
181226
181234
181288
181296
181350
181358
181412
181420
181474
181477
181478
181482
181536
181539
181540
181544
181598
181601
181602
181606
181660
181663
181664
181668
181722
181725
181726
181730
181784
181787
181788
181792
181846
181849
181850
181854
181908
181911
181912
181916
181970
181973
181974
181978
182032
182035
182036
182040
182094
182097
182098
182102
182156
182159
182160
182164
182218
182221
182222
182226
182280
182283
182284
182288
182342
182345
182346
182350
182404
182407
182408
182412
182466
182469
182470
182474
182528
182531
182532
182536
182590
182593
182594
182598
182652
182655
182656
182660
182714
182717
182718
182722
182776
182779
182780
182784
182838
182841
182842
182846
182900
182903
182904
182908
182962
182970
183024
183032
183086
183094
183148
183156
183210
183218
183272
183280
183334
183342
183396
183404
183458
183466
183520
183528
183582
183590
183644
183652
183706
183714
183768
183776
183830
183838
183892
183900
183954
183962
184016
184023
184024
185752
185760
185814
185822
185876
185884
185938
185946
186000
186003
186004
186008
186062
186065
186066
186070
186124
186127
186128
186132
186186
186189
186190
186194
186248
186251
186252
186256
186310
186313
186314
186318
186372
186375
186376
186380
186434
186437
186438
186442
186496
186499
186500
186504
186558
186561
186562
186566
186620
186623
186624
186628
186682
186685
186686
186690
186744
186747
186748
186752
186806
186809
186810
186814
186868
186871
186872
186876
186930
186933
186934
186938
186992
186995
186996
187000
187054
187057
187058
187062
187116
187119
187120
187124
187178
187181
187182
187186
187240
187243
187244
187248
187302
187305
187306
187310
187364
187367
187368
187372
187426
187429
187430
187434
187488
187496
187550
187558
187612
187620
187674
187682
187736
187744
187798
187806
187860
187868
187922
187930
187984
187992
188046
188054
188108
188116
188170
188178
188232
188240
188294
188302
188356
188364
188418
188426
188480
188488
188542
188550
190278
190286
190340
190348
190402
190410
190464
190472
190526
190529
190530
190534
190588
190591
190592
190596
190650
190653
190654
190658
190712
190715
190716
190720
190774
190777
190778
190782
190836
190839
190840
190844
190898
190901
190902
190906
190960
190963
190964
190968
191022
191025
191026
191030
191084
191087
191088
191092
191146
191149
191150
191154
191208
191211
191212
191216
191270
191273
191274
191278
191332
191335
191336
191340
191394
191397
191398
191402
191456
191459
191460
191464
191518
191521
191522
191526
191580
191583
191584
191588
191642
191645
191646
191650
191704
191707
191708
191712
191766
191769
191770
191774
191828
191831
191832
191836
191890
191893
191894
191898
191952
191955
191956
191960
192014
192022
192076
192084
192138
192146
192200
192208
192262
192270
192324
192332
192386
192394
192448
192456
192510
192518
192572
192580
192634
192642
192696
192704
192758
192766
192820
192828
192882
192890
192944
192952
193006
193014
193068
193076
194804
194812
194866
194874
194928
194936
194990
194998
195052
195055
195056
195060
195114
195117
195118
195122
195176
195179
195180
195184
195238
195241
195242
195246
195300
195303
195304
195308
195362
195365
195366
195370
195424
195427
195428
195432
195486
195489
195490
195494
195548
195551
195552
195556
195610
195613
195614
195618
195672
195675
195676
195680
195734
195737
195738
195742
195796
195799
195800
195804
195858
195861
195862
195866
195920
195923
195924
195928
195982
195985
195986
195990
196044
196047
196048
196052
196106
196109
196110
196114
196168
196171
196172
196176
196230
196233
196234
196238
196292
196295
196296
196300
196354
196357
196358
196362
196416
196419
196420
196424
196478
196481
196482
196486
196540
196548
196602
196610
196664
196672
196726
196734
196788
196796
196850
196858
196912
196920
196974
196982
197036
197044
197098
197106
197160
197168
197222
197230
197284
197292
197346
197354
197408
197416
197470
197478
197532
197540
197594
197595
197601
197602
199330
199338
199392
199400
199454
199462
199516
199524
199578
199581
199582
199586
199640
199643
199644
199648
199702
199705
199706
199710
199764
199767
199768
199772
199826
199829
199830
199834
199888
199891
199892
199896
199950
199953
199954
199958
200012
200015
200016
200020
200074
200077
200078
200082
200136
200139
200140
200144
200198
200201
200202
200206
200260
200263
200264
200268
200322
200325
200326
200330
200384
200387
200388
200392
200446
200449
200450
200454
200508
200511
200512
200516
200570
200573
200574
200578
200632
200635
200636
200640
200694
200697
200698
200702
200756
200759
200760
200764
200818
200821
200822
200826
200880
200883
200884
200888
200942
200945
200946
200950
201004
201007
201008
201012
201066
201074
201128
201136
201190
201198
201252
201260
201314
201322
201376
201384
201438
201446
201500
201508
201562
201570
201624
201632
201686
201694
201748
201756
201810
201818
201872
201880
201934
201942
201996
202004
202058
202066
202120
202121
202122
202126
202127
202128
203856
203864
203918
203926
203980
203988
204042
204050
204104
204107
204108
204112
204166
204169
204170
204174
204228
204231
204232
204236
204290
204293
204294
204298
204352
204355
204356
204360
204414
204417
204418
204422
204476
204479
204480
204484
204538
204541
204542
204546
204600
204603
204604
204608
204662
204665
204666
204670
204724
204727
204728
204732
204786
204789
204790
204794
204848
204851
204852
204856
204910
204913
204914
204918
204972
204975
204976
204980
205034
205037
205038
205042
205096
205099
205100
205104
205158
205161
205162
205166
205220
205223
205224
205228
205282
205285
205286
205290
205344
205347
205348
205352
205406
205409
205410
205414
205468
205471
205472
205476
205530
205533
205534
205538
205592
205600
205654
205662
205716
205724
205778
205786
205840
205848
205902
205910
205964
205972
206026
206034
206088
206096
206150
206158
206212
206220
206274
206282
206336
206344
206398
206406
206460
206468
206522
206530
206584
206592
206646
206647
206648
206649
206650
206651
206652
206653
206654
208382
208390
208444
208452
208506
208514
208568
208576
208630
208633
208634
208638
208692
208695
208696
208700
208754
208757
208758
208762
208816
208819
208820
208824
208878
208881
208882
208886
208940
208943
208944
208948
209002
209005
209006
209010
209064
209067
209068
209072
209126
209129
209130
209134
209188
209191
209192
209196
209250
209253
209254
209258
209312
209315
209316
209320
209374
209377
209378
209382
209436
209439
209440
209444
209498
209501
209502
209506
209560
209563
209564
209568
209622
209625
209626
209630
209684
209687
209688
209692
209746
209749
209750
209754
209808
209811
209812
209816
209870
209873
209874
209878
209932
209935
209936
209940
209994
209997
209998
210002
210056
210059
210060
210064
210118
210126
210180
210188
210242
210250
210304
210312
210366
210374
210428
210436
210490
210498
210552
210560
210614
210622
210676
210684
210738
210746
210800
210808
210862
210870
210924
210932
210986
210994
211048
211056
211110
211118
211172
211173
211174
211175
211176
211177
211178
211179
211180
212908
212916
212970
212978
213032
213040
213094
213102
213156
213159
213160
213164
213218
213221
213222
213226
213280
213283
213284
213288
213342
213345
213346
213350
213404
213407
213408
213412
213466
213469
213470
213474
213528
213531
213532
213536
213590
213593
213594
213598
213652
213655
213656
213660
213714
213717
213718
213722
213776
213779
213780
213784
213838
213841
213842
213846
213900
213903
213904
213908
213962
213965
213966
213970
214024
214027
214028
214032
214086
214089
214090
214094
214148
214151
214152
214156
214210
214213
214214
214218
214272
214275
214276
214280
214334
214337
214338
214342
214396
214399
214400
214404
214458
214461
214462
214466
214520
214523
214524
214528
214582
214585
214586
214590
214644
214652
214706
214714
214768
214776
214830
214838
214892
214900
214954
214962
215016
215024
215078
215086
215140
215148
215202
215210
215264
215272
215326
215334
215388
215396
215450
215458
215512
215520
215574
215582
215636
215644
215698
215699
215700
215701
215702
215703
215704
215705
215706
217434
217442
217496
217504
217558
217566
217620
217628
217682
217685
217686
217690
217744
217747
217748
217752
217806
217809
217810
217814
217868
217871
217872
217876
217930
217933
217934
217938
217992
217995
217996
218000
218054
218057
218058
218062
218116
218119
218120
218124
218178
218181
218182
218186
218240
218243
218244
218248
218302
218305
218306
218310
218364
218367
218368
218372
218426
218429
218430
218434
218488
218491
218492
218496
218550
218553
218554
218558
218612
218615
218616
218620
218674
218677
218678
218682
218736
218739
218740
218744
218798
218801
218802
218806
218860
218863
218864
218868
218922
218925
218926
218930
218984
218987
218988
218992
219046
219049
219050
219054
219108
219111
219112
219116
219170
219178
219232
219240
219294
219302
219356
219364
219418
219426
219480
219488
219542
219550
219604
219612
219666
219674
219728
219736
219790
219798
219852
219860
219914
219922
219976
219984
220038
220046
220100
220108
220162
220170
220224
220225
220226
220227
220228
220229
220230
220231
220232
221960
221968
222022
222030
222084
222092
222146
222154
222208
222211
222212
222216
222270
222273
222274
222278
222332
222335
222336
222340
222394
222397
222398
222402
222456
222459
222460
222464
222518
222521
222522
222526
222580
222583
222584
222588
222642
222645
222646
222650
222704
222707
222708
222712
222766
222769
222770
222774
222828
222831
222832
222836
222890
222893
222894
222898
222952
222955
222956
222960
223014
223017
223018
223022
223076
223079
223080
223084
223138
223141
223142
223146
223200
223203
223204
223208
223262
223265
223266
223270
223324
223327
223328
223332
223386
223389
223390
223394
223448
223451
223452
223456
223510
223513
223514
223518
223572
223575
223576
223580
223634
223637
223638
223642
223696
223704
223758
223766
223820
223828
223882
223890
223944
223952
224006
224014
224068
224076
224130
224138
224192
224200
224254
224262
224316
224324
224378
224386
224440
224448
224502
224510
224564
224572
224626
224634
224688
224696
224750
224751
224752
224753
224754
224755
224756
224757
224758
226486
226494
226548
226556
226610
226618
226672
226680
226734
226742
226796
226804
226858
226866
226920
226928
226982
226990
227044
227052
227106
227114
227168
227176
227230
227238
227292
227300
227354
227362
227416
227424
227478
227486
227540
227548
227602
227610
227664
227672
227726
227734
227788
227796
227850
227858
227912
227920
227974
227982
228036
228044
228098
228106
228160
228168
228222
228230
228284
228292
228346
228354
228408
228416
228470
228478
228532
228540
228594
228602
228656
228664
228718
228726
228780
228788
228842
228850
228904
228912
228966
228974
229028
229036
229090
229098
229152
229160
229214
229222
229276
229277
229278
229279
229280
229281
229282
229283
229284
231012
231020
231074
231082
231136
231144
231198
231206
231260
231268
231322
231330
231384
231392
231446
231454
231508
231516
231570
231578
231632
231640
231694
231702
231756
231764
231818
231826
231880
231888
231942
231950
232004
232012
232066
232074
232128
232136
232190
232198
232252
232260
232314
232322
232376
232384
232438
232446
232500
232508
232562
232570
232624
232632
232686
232694
232748
232756
232810
232818
232872
232880
232934
232942
232996
233004
233058
233066
233120
233128
233182
233190
233244
233252
233306
233314
233368
233376
233430
233438
233492
233500
233554
233562
233616
233624
233678
233686
233740
233748
233802
233803
233804
233805
233806
233807
233808
233809
233810
235538
235546
235600
235608
235662
235670
235724
235732
235786
235794
235848
235856
235910
235918
235972
235980
236034
236042
236096
236104
236158
236166
236220
236228
236282
236290
236344
236352
236406
236414
236468
236476
236530
236538
236592
236600
236654
236662
236716
236724
236778
236786
236840
236848
236902
236910
236964
236972
237026
237034
237088
237096
237150
237158
237212
237220
237274
237282
237336
237344
237398
237406
237460
237468
237522
237530
237584
237592
237646
237654
237708
237716
237770
237778
237832
237840
237894
237902
237956
237964
238018
238026
238080
238088
238142
238150
238204
238212
238266
238274
238328
238329
238330
238331
238332
238333
238334
238335
238336
240064
240072
240126
240134
240188
240196
240250
240258
240312
240320
240374
240382
240436
240444
240498
240506
240560
240568
240622
240630
240684
240692
240746
240754
240808
240816
240870
240878
240932
240940
240994
241002
241056
241064
241118
241126
241180
241188
241242
241250
241304
241312
241366
241374
241428
241436
241490
241498
241552
241560
241614
241622
241676
241684
241738
241746
241800
241808
241862
241870
241924
241932
241986
241994
242048
242056
242110
242118
242172
242180
242234
242242
242296
242304
242358
242366
242420
242428
242482
242490
242544
242552
242606
242614
242668
242676
242730
242738
242792
242800
242854
242855
242856
242857
242858
242859
242860
242861
242862
244590
244598
244652
244660
244714
244722
244776
244784
244838
244846
244900
244908
244962
244970
245024
245032
245086
245094
245148
245156
245210
245218
245272
245280
245334
245342
245396
245404
245458
245466
245520
245528
245582
245590
245644
245652
245706
245714
245768
245776
245830
245838
245892
245900
245954
245962
246016
246024
246078
246086
246140
246148
246202
246210
246264
246272
246326
246334
246388
246396
246450
246458
246512
246520
246574
246582
246636
246644
246698
246706
246760
246768
246822
246830
246884
246892
246946
246954
247008
247016
247070
247078
247132
247140
247194
247202
247256
247264
247318
247326
247380
247381
247382
247383
247384
247385
247386
247387
247388
249116
249117
249118
249119
249120
249121
249122
249123
249124
249178
249179
249180
249181
249182
249183
249184
249185
249186
249240
249241
249242
249243
249244
249245
249246
249247
249248
249302
249303
249304
249305
249306
249307
249308
249309
249310
249364
249365
249366
249367
249368
249369
249370
249371
249372
249426
249427
249428
249429
249430
249431
249432
249433
249434
249488
249489
249490
249491
249492
249493
249494
249495
249496
249550
249551
249552
249553
249554
249555
249556
249557
249558
249612
249613
249614
249615
249616
249617
249618
249619
249620
249674
249675
249676
249677
249678
249679
249680
249681
249682
249736
249737
249738
249739
249740
249741
249742
249743
249744
249798
249799
249800
249801
249802
249803
249804
249805
249806
249860
249861
249862
249863
249864
249865
249866
249867
249868
249922
249923
249924
249925
249926
249927
249928
249929
249930
249984
249985
249986
249987
249988
249989
249990
249991
249992
250046
250047
250048
250049
250050
250051
250052
250053
250054
250108
250109
250110
250111
250112
250113
250114
250115
250116
250170
250171
250172
250173
250174
250175
250176
250177
250178
250232
250233
250234
250235
250236
250237
250238
250239
250240
250294
250295
250296
250297
250298
250299
250300
250301
250302
250356
250357
250358
250359
250360
250361
250362
250363
250364
250418
250419
250420
250421
250422
250423
250424
250425
250426
250480
250481
250482
250483
250484
250485
250486
250487
250488
250542
250543
250544
250545
250546
250547
250548
250549
250550
250604
250605
250606
250607
250608
250609
250610
250611
250612
250666
250667
250668
250669
250670
250671
250672
250673
250674
250728
250729
250730
250731
250732
250733
250734
250735
250736
250790
250791
250792
250793
250794
250795
250796
250797
250798
250852
250853
250854
250855
250856
250857
250858
250859
250860
250914
250915
250916
250917
250918
250919
250920
250921
250922
250976
250977
250978
250979
250980
250981
250982
250983
250984
251038
251039
251040
251041
251042
251043
251044
251045
251046
251100
251101
251102
251103
251104
251105
251106
251107
251108
251162
251163
251164
251165
251166
251167
251168
251169
251170
251224
251225
251226
251227
251228
251229
251230
251231
251232
251286
251287
251288
251289
251290
251291
251292
251293
251294
251348
251349
251350
251351
251352
251353
251354
251355
251356
251410
251411
251412
251413
251414
251415
251416
251417
251418
251472
251473
251474
251475
251476
251477
251478
251479
251480
251534
251535
251536
251537
251538
251539
251540
251541
251542
251596
251597
251598
251599
251600
251601
251602
251603
251604
251658
251659
251660
251661
251662
251663
251664
251665
251666
251720
251721
251722
251723
251724
251725
251726
251727
251728
251782
251783
251784
251785
251786
251787
251788
251789
251790
251844
251845
251846
251847
251848
251849
251850
251851
251852
251906
251907
251908
251909
251910
251911
251912
251913
251914
)


// ************************************************************************* //
