/*--------------------------------*- C++ -*----------------------------------*\
| =========                 |                                                 |
| \\      /  F ield         | OpenFOAM: The Open Source CFD Toolbox           |
|  \\    /   O peration     | Version:  2606                                  |
|   \\  /    A nd           | Website:  www.openfoam.com                      |
|    \\/     M anipulation  |                                                 |
\*---------------------------------------------------------------------------*/
FoamFile
{
    version     2.0;
    format      ascii;
    arch        "LSB;label=32;scalar=64";
    class       cellSet;
    location    "constant/Dell_PowerEdge_R470_1U_1/polyMesh/sets";
    object      cellDeterminant;
}
// * * * * * * * * * * * * * * * * * * * * * * * * * * * * * * * * * * * * * //


6027
(
8197
10
11
12
13
8205
14
15
16
19
20
21
8213
22
23
24
25
28
29
8221
30
31
32
33
34
37
8229
38
39
40
41
42
43
8237
46
47
48
49
50
51
52
8245
55
56
57
58
59
60
61
8253
64
65
66
67
68
69
8261
70
73
74
75
76
77
8269
78
8270
79
8271
8272
8273
82
8274
83
8275
84
8276
85
8277
86
8278
87
8279
88
8280
8281
8282
91
8283
92
8284
93
8285
94
8286
95
8287
96
8288
97
8289
100
101
102
103
8295
104
105
106
109
8301
110
111
112
113
114
115
8307
118
119
120
121
8313
122
123
124
127
8319
128
129
130
131
132
133
8325
136
137
138
139
8331
140
141
142
145
8337
146
147
148
149
150
151
8343
154
155
156
157
8349
158
159
160
163
8355
164
165
166
167
168
169
8361
172
173
174
175
8367
176
177
178
181
8373
182
183
184
185
186
187
8379
190
191
192
193
8385
194
195
196
199
8391
200
8392
201
8393
202
8394
203
8395
204
8396
205
8397
208
209
210
211
212
213
8405
214
217
218
219
220
221
8413
222
223
226
227
228
229
8421
230
231
232
235
236
237
8429
238
239
240
241
244
245
8437
246
247
248
249
250
253
8445
254
255
256
257
258
259
8453
262
263
264
265
266
267
268
8461
271
272
273
274
275
276
277
8469
280
281
282
283
284
285
8477
286
289
290
291
292
293
8485
294
295
298
299
300
301
8493
302
303
304
307
308
309
8501
310
8502
311
8503
312
8504
313
8505
8506
8507
316
317
8509
318
8510
319
8511
320
8512
321
322
8514
8515
8516
325
8517
326
327
328
329
330
331
8525
334
335
336
337
338
339
340
8533
343
344
345
346
347
348
349
8541
352
353
354
355
356
357
8549
358
361
362
363
364
365
8557
366
367
370
371
372
373
8565
374
375
376
379
380
381
8573
382
383
384
385
388
389
8581
390
391
392
393
394
397
8589
398
399
400
401
402
403
8597
406
407
408
409
410
411
412
8605
8606
415
8607
416
8608
417
8609
418
8610
419
8611
420
8612
421
8613
8614
8615
424
8616
425
8617
426
8618
427
8619
428
8620
429
8621
430
8622
8623
8624
433
8625
434
435
436
437
438
439
8631
442
443
444
445
8637
446
447
448
451
8643
452
453
454
455
456
457
8649
460
461
462
463
8655
464
465
466
469
8661
470
471
472
473
474
475
8667
478
479
480
481
8673
482
483
484
487
8679
488
489
490
491
492
493
8685
496
497
498
499
8691
500
501
502
505
8697
506
507
508
509
510
511
8703
514
515
516
517
8709
518
519
520
523
8715
524
525
526
527
528
529
8721
532
533
534
535
8727
536
8728
537
8729
538
8730
8731
8732
8733
8741
550
551
552
553
554
555
556
8749
558
559
560
561
562
563
564
565
8757
566
567
568
569
570
571
572
573
8765
574
575
576
577
578
579
580
581
8773
582
583
584
585
586
587
588
589
8781
590
591
592
593
594
595
596
597
8789
598
599
600
601
602
603
604
605
8797
606
607
608
609
610
611
612
613
8805
614
615
616
617
618
619
620
621
8813
622
623
624
625
626
627
628
629
8821
630
631
632
633
634
635
636
637
8829
638
639
640
641
642
643
644
645
8837
646
8838
647
8839
648
8840
649
8841
650
8842
651
8843
652
653
8845
654
8846
655
8847
656
8848
657
658
8850
659
8851
660
8852
661
8853
662
663
664
665
666
667
668
669
8861
670
671
672
673
674
675
677
8869
678
679
680
681
682
683
8877
686
687
688
689
690
691
692
8885
694
695
696
697
698
699
700
701
8893
702
703
704
705
706
707
708
709
8901
710
711
712
713
714
715
716
717
8909
718
719
720
721
722
723
724
725
8917
726
727
728
729
730
731
732
733
8925
734
735
736
737
738
739
740
741
8933
742
743
744
745
746
747
748
749
8941
750
8942
751
8943
752
8944
753
8945
754
8946
755
8947
756
8948
757
8949
758
8950
759
8951
760
8952
761
8953
762
8954
763
8955
764
8956
765
8957
766
8958
767
8959
768
8960
769
8961
770
771
772
773
774
775
8967
776
777
778
779
780
781
8973
782
783
784
785
786
787
8979
788
789
790
791
792
793
8985
794
795
796
797
798
799
8991
800
801
802
803
804
805
8997
806
807
808
809
810
811
9003
813
814
815
816
817
9009
818
819
822
823
9015
824
825
826
827
828
9021
830
831
832
833
834
835
9027
836
837
838
839
840
841
9033
842
843
844
845
846
847
9039
848
849
850
851
852
853
9045
854
855
856
857
858
859
9051
860
861
862
863
864
865
9057
866
867
868
869
870
871
9063
872
9064
873
9065
874
9066
875
9067
876
9068
877
9069
878
879
880
881
882
883
884
885
9077
886
887
888
889
890
891
892
893
9085
894
895
896
897
898
899
900
901
9093
902
903
904
905
906
907
908
909
9101
910
911
912
913
914
915
916
917
9109
918
919
920
921
922
923
924
925
9117
926
927
928
929
930
931
932
933
9125
934
935
936
937
938
939
940
941
9133
942
943
944
945
946
947
949
9141
950
951
952
954
955
956
957
9149
958
959
960
961
962
963
964
965
9157
966
967
968
969
970
971
972
973
9165
974
975
976
977
978
979
980
981
9173
982
9174
983
9175
984
9176
985
9177
986
9178
987
9179
988
989
9181
990
9182
991
9183
992
9184
993
994
9186
995
9187
996
9188
997
9189
998
999
1000
1001
1002
1003
1004
1005
9197
1006
1007
1008
1009
1010
1011
1012
1013
9205
1014
1015
1016
1017
1018
1019
1020
1021
9213
1022
1023
1024
1025
1026
1027
1028
1029
9221
1030
1031
1032
1033
1034
1035
1036
1037
9229
1038
1039
1040
1041
1042
1043
1044
1045
9237
1046
1047
1048
1049
1050
1051
1052
1053
9245
1054
1055
1056
1057
1058
1059
1060
1061
9253
1062
1063
1064
1065
1066
1067
1068
1069
9261
1070
1071
1073
1074
1075
1076
9269
1078
1079
1080
1081
1082
1083
1084
1085
9277
1086
9278
1087
9279
1088
9280
1089
9281
1090
9282
1091
9283
1092
9284
1093
9285
1094
9286
1095
9287
1096
9288
1097
9289
1098
9290
1099
9291
1100
9292
1101
9293
1102
9294
1103
9295
1104
9296
1105
9297
1106
1107
1108
1109
1110
1111
9303
1112
1113
1114
1115
1116
1117
9309
1118
1119
1120
1121
1122
1123
9315
1124
1125
1126
1127
1128
1129
9321
1130
1131
1132
1133
1134
1135
9327
1136
1137
1138
1139
1140
1141
9333
1142
1143
1144
1145
1146
1147
9339
1148
1149
1150
1151
1152
1153
9345
1154
1155
1156
1157
1158
1159
9351
1160
1161
1162
1163
1164
1165
9357
1166
1167
1168
1169
1170
1171
9363
1172
1173
1174
1175
1176
1177
9369
1178
1179
1180
1181
1182
1183
9375
1184
1185
1186
1187
1188
1189
9381
1190
1191
1192
1193
1194
1195
9387
1197
1198
1199
1200
9393
1202
1203
1204
1205
1206
1207
9399
1208
9400
1209
9401
1210
9402
1211
9403
1212
9404
1213
9405
1214
1215
1216
1217
1218
1219
1220
1221
9413
1222
1223
1224
1225
1226
1227
1228
1229
9421
1230
1231
1232
1233
1234
1235
1236
1237
9429
1238
1239
1240
1241
1242
1243
1244
1245
9437
1246
1247
1248
1249
1250
1251
1252
1253
9445
1254
1255
1256
1257
1258
1259
1260
1261
9453
1262
1263
1264
1265
1266
1267
1268
1269
9461
1270
1271
1272
1273
1274
1275
1276
1277
9469
1278
1279
1280
1281
1282
1283
1284
1285
9477
1286
1287
1288
1289
1290
1291
1292
1293
9485
1294
1295
1296
1297
1298
1299
1300
1301
9493
1302
1303
1304
1305
1306
1307
1308
1309
9501
1310
1311
1312
1313
1314
1315
1316
1317
9509
1318
9510
1319
9511
9512
1321
9513
1322
9514
1323
9515
1324
9517
1326
9518
1327
9519
1328
9520
1329
9522
9523
9524
9525
1337
9533
1345
9541
1353
9549
1361
9557
1369
9565
1377
9573
1385
9581
1393
9589
1401
9597
1409
9605
1417
1418
1419
1420
1421
9613
1422
9614
1423
9615
1424
9616
1425
9617
1426
9618
1427
9619
1428
9620
1429
9621
1430
9622
1431
9623
1432
9624
1433
9625
1434
9626
9627
1435
9628
1436
9629
1437
9630
1438
9631
1439
9632
1440
9633
1441
1442
1443
1444
1445
9638
1446
9639
1447
1448
1449
1450
1451
1452
9645
1453
1454
1455
1456
1457
1458
9651
1459
1460
1461
1462
1463
1464
9657
1465
1466
1467
1468
1469
1470
9663
1471
1472
1473
1474
1475
1476
9669
1477
9675
1485
9681
1493
9687
9693
1501
9699
1509
9705
1517
9711
9717
1525
9723
1533
9729
1541
9735
9736
9737
9738
9739
9740
9741
1549
9749
1557
9757
1565
9765
1573
9773
1581
1582
1583
1584
1585
1586
1587
9781
1589
1590
1591
1592
1594
1595
1596
9789
1597
9797
1605
9805
1613
9813
1621
9821
1629
9829
1637
9837
1645
9845
1653
9846
9847
9848
9849
9850
9851
9853
1661
9854
9855
9856
9858
9859
9860
9861
1669
9869
1677
9877
1685
1686
1687
1688
1689
1690
1691
1692
9885
1693
1694
1695
1696
1697
1698
1699
1700
9893
1701
1702
1703
1704
1705
1706
1707
1708
9901
1709
1710
1711
1712
1713
1714
1715
1716
9909
1717
1718
1719
1720
1721
1722
1723
1724
9917
1725
1726
1727
1728
1729
1730
1731
1732
9925
1733
1734
1735
1736
1737
1738
1739
1740
9933
1741
1742
1743
1744
1745
9941
1753
9949
9950
9951
9952
9953
1761
9954
9955
9956
9957
9958
9959
9960
9961
1769
9962
9963
9964
9965
9966
9967
9968
9969
1777
9975
1785
9981
1793
9987
9993
1801
9999
1809
10005
1817
10011
10017
1825
10023
1833
10029
1841
10035
10041
1849
1850
1851
1852
1853
1854
10047
1855
1857
1858
1859
1860
10053
1862
1863
1864
1865
10059
10065
1873
10071
10072
10073
1881
10074
10075
10076
10077
1889
10085
1897
10093
1905
10101
1913
10109
1921
10117
1929
10125
1937
10133
1945
10141
1953
1954
1955
1956
10149
1957
1958
1959
1960
1961
1962
1963
1964
10157
1965
1966
1967
1968
1969
1970
1971
1972
10165
1973
1974
1975
1976
1977
1978
1979
1980
10173
1981
1982
1983
1984
1985
1986
1987
1988
10181
1989
10182
1990
10183
1991
10184
1992
10185
1993
10186
1994
10187
1995
1996
10189
1997
10190
1998
10191
1999
10192
2000
2001
10194
2002
10195
2003
10196
2004
10197
2005
2006
2007
2008
2009
2010
2011
2012
10205
2013
10213
2021
10221
2029
10229
2037
10237
2045
10245
2053
10253
2061
10261
2069
10269
2077
10277
2085
10285
2093
10286
10287
10288
10289
10290
10291
10292
10293
2101
10294
10295
10296
10297
10298
10299
10300
10301
2109
10302
10303
10304
10305
2117
2118
10311
2119
2120
2121
2122
2123
10317
2125
2126
2127
2128
2130
10323
2131
2132
2133
10329
2141
10335
10341
2149
10347
2157
10353
2165
10359
10365
2173
10371
2181
10377
2189
10383
10389
2197
10395
2205
10401
2213
10407
10408
10409
10410
10411
10412
10413
2221
2222
2223
2224
2225
2226
2227
2228
10421
2229
2230
2231
2232
2233
2234
2235
2236
10429
2237
2238
2239
2240
2241
10437
2247
10445
2253
2259
10453
2265
10461
2271
10469
2277
2283
10477
2289
10485
2295
10493
2301
2307
10501
2313
10509
2319
10517
2325
10518
10519
10520
10521
10522
10523
2331
10525
10526
10527
10528
2337
10530
10531
10532
10533
2343
2344
2345
2346
2347
2348
10541
2349
10549
2357
10557
2365
10565
2373
10573
2381
10581
2389
10589
2397
10597
2405
10605
2413
10613
2421
10621
2429
10622
10623
10624
10625
10626
10627
10628
10629
2437
10630
10631
10632
10633
10634
10635
10636
10637
2445
10638
10639
10640
10641
2453
2454
10647
2455
2456
2457
2458
2459
10653
2461
2462
2463
2464
2466
10659
2467
2468
2469
10665
2477
10671
10677
2485
10683
2493
10689
2501
10695
10701
2509
10707
2517
10713
2525
10719
10725
2533
10731
2541
10737
2549
10743
10744
10745
10746
10747
10748
10749
2557
2558
2559
2560
2561
2562
2563
2564
10757
2565
2566
2567
2568
2569
2570
2571
2572
10765
2573
2574
2575
2576
2577
10773
2583
10781
2589
2595
10789
2601
10797
2607
10805
2613
2619
10813
2625
10821
2631
10829
2637
2643
10837
2649
10845
2655
10853
2661
10854
10855
10856
10857
10858
10859
2667
10861
10862
10863
10864
2673
10866
10867
10868
10869
2679
2680
2681
2682
2683
2684
10877
2685
10885
2693
10893
2701
10901
2709
10909
2717
10917
2725
10925
2733
10933
2741
10941
2749
10949
2757
10957
2765
10958
10959
10960
10961
10962
10963
10964
10965
2773
10966
10967
10968
10969
10970
10971
10972
10973
2781
10974
10975
10976
10977
2789
2790
10983
2791
2792
2793
2794
2795
10989
2797
2798
2799
2800
2802
10995
2803
2804
2805
11001
2813
11007
11013
2821
11019
2829
11025
2837
11031
11037
2845
11043
2853
11049
2861
11055
11061
2869
11067
2877
11073
2885
11079
11080
11081
11082
11083
11084
11085
2893
11086
2894
11087
2895
11088
2896
11089
2897
11090
2898
11091
2899
11092
2900
11093
2901
11094
2902
11095
2903
11096
2904
11097
2905
11098
2906
11099
2907
11100
2908
11101
2909
11102
2910
11103
2911
11104
2912
11105
2913
11106
11107
11108
11109
11110
11111
2919
11112
11113
11114
11115
11116
11117
2925
11119
11120
11121
11122
2931
11124
11125
11126
11127
2937
11135
2943
2949
11143
2955
11151
2961
11159
2967
2973
11167
2979
11175
2985
11183
2991
2997
11191
3003
11199
3009
11207
3015
3016
3017
3018
3019
3020
3021
11215
11216
11217
11218
11219
11220
11221
3029
11222
11223
11224
11225
11226
11227
11228
11229
3037
11230
11231
11232
11233
11234
11235
3045
11241
3053
11247
11253
3061
11259
3069
11265
3077
11271
11277
3085
11283
3093
11289
3101
11295
11301
3109
11307
3117
11313
3125
3126
11319
3127
3128
3129
3130
3131
11325
3133
3134
3135
3136
3138
11331
3139
3140
3141
11337
11338
11339
11340
11341
3149
11342
11343
11344
11348
11349
3157
11353
11354
3165
11358
11359
11363
11364
3173
11368
11369
11373
3181
11374
11378
11379
3189
11383
11384
11388
11389
3197
11393
11394
3205
11398
11399
11403
11404
11405
3213
11406
11407
11408
11409
11410
11411
11413
3221
11414
11415
11416
11418
11419
11420
11421
3229
3230
3231
3232
3233
3234
3235
3236
11429
3237
3238
3239
3240
3241
3242
3243
3244
11437
3245
3246
3247
3248
3249
11445
3255
11453
3261
3267
11461
3273
11469
3279
11477
3285
3291
11485
3297
11493
3303
11501
3309
3315
11509
11510
11511
11512
11513
3321
11514
11515
11516
11517
11518
11519
3327
11520
11521
11522
11523
11524
11525
3333
11526
11527
11528
11529
3339
11535
3345
11541
3351
3352
3353
3354
11547
3355
3356
3357
11553
3365
11559
11565
3373
11571
3381
11577
3389
11583
11589
3397
11595
3405
11601
3413
11607
11613
3421
11619
3429
11625
3437
11631
11632
11633
11634
11635
11636
11637
3445
11638
11642
11643
3453
11647
11648
11652
11653
3461
3462
3463
3464
11657
3465
11658
3466
3467
3469
11662
3470
11663
3471
3472
3474
11667
3475
11668
3476
3477
11672
11673
11677
3485
11678
11682
11683
3493
11687
11688
11692
11693
3501
11697
11698
11699
11700
11701
3509
11702
11703
11704
11705
11707
11708
11709
3517
11710
11712
11713
11714
11715
3525
11723
3533
11731
3541
11739
3549
11747
3557
11755
3565
3566
3567
3568
3569
3570
11763
3571
3572
3573
3574
3575
3576
3577
3578
11771
3579
3580
3581
3582
3583
3584
3585
11779
3591
11787
3597
11795
3603
3609
11803
11804
11805
11806
11807
3615
11808
11809
11810
11811
11812
11813
3621
11814
11815
11816
11817
11818
11819
3627
11820
11821
11822
11823
3633
11829
3639
11835
3645
11841
3651
11847
3657
11853
3663
11859
3669
11865
3675
11871
3681
11877
3687
3688
3689
3690
11883
3691
3692
3693
11889
3701
11895
11901
3709
11907
3717
11913
3725
11919
11925
3733
11926
11927
11928
11929
11930
11931
11932
3741
11936
11937
11941
3749
11942
11946
11947
3757
11951
11952
11956
11957
3765
11961
11962
3773
11966
11967
11971
11972
3781
11976
11977
11981
3789
11982
11986
11987
3797
3798
11991
3799
11992
3800
11993
3801
11994
3802
11995
3803
11996
11997
3805
11998
3806
11999
3807
3808
12001
12002
3810
12003
3811
12004
3812
3813
12006
12007
12008
12009
3821
12017
3829
12025
3837
12033
3845
12041
3853
12049
3861
12057
3869
12065
3877
12073
3885
12081
3893
12089
3901
3902
3903
3904
12097
3905
12098
3906
12099
3907
12100
3908
12101
3909
12102
3910
12103
3911
12104
3912
12105
3913
12106
3914
12107
3915
12108
3916
12109
3917
12110
3918
12111
3919
12112
3920
12113
3921
12114
12115
12116
12117
3927
12123
3933
12129
3939
12135
3945
12141
3951
12147
3957
12153
3963
12159
3969
12165
3975
12171
3981
12177
3987
12183
3993
12189
3999
12195
4005
12201
4011
12207
4017
12213
4023
4024
4025
4026
12219
4027
12220
4028
12221
4029
12222
12223
12224
12225
12226
4037
12230
12231
12235
12236
4045
12240
12241
12245
4053
12246
12250
12251
4061
12255
12256
12260
12261
4069
12265
12266
4077
12270
12271
12275
12276
4085
12280
12281
12285
4093
12286
12287
12288
12289
12290
12291
12292
12293
4101
12295
12296
12297
12298
12300
12301
4109
12302
12303
4117
12311
4125
12319
4133
4134
12327
4135
4136
4137
4138
4139
4141
4142
12335
4143
4144
4146
4147
4148
4149
12343
4157
12351
4165
12359
4173
12367
4181
12375
4189
12383
4197
12391
12392
12393
12394
12395
12396
12397
4205
12398
12399
12400
12401
12402
12403
12404
12405
4213
12406
12407
12408
12409
12410
12411
4221
12417
4229
12423
12429
4237
4238
4239
4240
4241
4242
12435
4243
4244
4245
4246
4247
4248
12441
4249
4250
4251
4252
4253
4254
12447
4255
4256
4257
12453
4263
12459
4269
12465
4275
12471
4281
12477
4287
12483
4293
12489
4299
12495
4305
12501
4311
12507
4317
12513
12514
12515
4323
12516
12517
12518
12519
12520
4329
12524
12525
4335
12529
12530
4341
12534
12535
12539
4347
12540
12544
12545
4353
12549
12550
4359
4360
4361
12554
4362
12555
4363
4364
4365
12559
12560
12564
12565
4373
12569
12570
4381
12574
12575
12579
12580
12581
4389
12582
12583
12584
12585
12586
12587
12589
4397
12590
12591
12592
12594
12595
12596
12597
4405
12605
4413
12613
4421
12621
4429
12629
4437
12637
4445
12645
4453
12653
4461
12661
4469
4470
4471
4472
4473
4474
4475
12669
4477
4478
4479
4480
4482
4483
4484
12677
4485
12685
4493
12686
12687
12688
12689
12690
12691
12692
12693
4501
12694
12695
12696
12697
12698
12699
12700
12701
4509
12702
12703
12704
12705
4517
12711
12717
4525
12723
4533
12729
4541
12735
12741
4549
12747
4557
12753
4565
12759
12765
4573
4574
4575
4576
4577
4578
12771
4579
4580
4581
4582
4583
4584
12777
4585
4586
4587
4588
4589
4590
12783
4591
4592
4593
12789
4598
4599
12795
4605
12801
4611
12807
12808
12809
4617
12810
12811
12812
12813
12814
4623
12818
12819
4629
12823
12824
4635
12828
12829
12833
4641
12834
12838
12839
4647
12843
12844
4653
12848
12849
4659
12853
12854
4665
12858
12859
12863
4671
12864
12868
12869
4677
12873
12874
12875
4683
12876
12877
12878
12879
12880
12881
4689
12883
12884
12885
12886
4695
12888
4696
12889
4697
12890
4698
12891
4699
4700
4701
12899
4709
12907
4717
12915
4725
12923
4733
12931
4741
12939
4749
12947
4757
12955
4765
12963
4773
12971
4781
12979
12980
12981
4789
12982
12983
12984
12985
12986
12987
12988
12989
4797
12990
12991
12992
12993
12994
12995
12996
12997
4805
12998
4806
12999
4807
4808
4809
4810
4811
13005
4813
4814
4815
4816
4818
13011
4819
4820
4821
13017
4829
13023
13029
4837
13035
4845
13041
4853
13047
13053
4861
13059
4869
13065
4877
13071
13077
4885
13083
4893
13089
4901
13095
13101
4909
13102
4910
13103
4911
13104
4912
13105
4913
13106
4914
13107
4915
13108
4916
4917
4918
4919
13112
4920
13113
4921
4922
4923
4924
13117
4925
13118
4926
4927
4928
4929
13122
13123
13127
4935
13128
13132
13133
4941
13137
13138
4947
13142
13143
4953
13147
13148
4959
13152
13153
13157
4965
13158
13162
13163
4971
13167
13168
13169
4977
13170
13171
13172
13173
13174
13175
4983
13177
13178
13179
13180
4989
13182
13183
13184
13185
4995
13193
5001
5007
13201
5013
13209
5019
13217
5025
5031
5032
13225
5033
5034
5035
5036
5037
13233
5045
13241
5053
13249
5061
13257
5069
13265
5077
13273
13274
13275
13276
13277
5085
13278
13279
13280
13281
13282
13283
13284
13285
5093
13286
13287
13288
13289
13290
13291
13292
13293
5101
13299
5109
13305
5117
13311
13317
5125
13323
5133
13329
5141
5142
13335
5143
5144
5145
5146
5147
13341
5149
5150
5151
5152
5154
13347
5155
5156
5157
13353
5165
13359
13365
5173
13371
5181
13377
5189
13383
13389
5197
13395
13396
13397
5205
13398
13399
13400
13401
13402
5213
13406
13407
13411
13412
5221
13416
13417
13421
5229
13422
13426
13427
5237
13431
13432
13436
13437
5245
5246
5247
5248
13441
5249
13442
5250
5251
5252
5253
13446
5254
13447
5255
5256
5257
5258
13451
5259
13452
5260
5261
5262
5263
13456
5264
13457
5265
13461
13462
13463
5271
13464
13465
13466
13467
13468
13469
5277
13471
13472
13473
13474
5283
13476
13477
13478
13479
5289
13487
5295
5301
13495
5307
13503
5313
13511
5319
5325
13519
5331
13527
5337
13535
5343
5349
13543
5355
13551
5361
13559
5367
5368
5369
5370
5371
5372
5373
13567
13568
13569
13570
13571
13572
13573
5381
13574
13575
13576
13577
13578
13579
13580
13581
5389
13582
13583
13584
13585
13586
13587
13588
13589
5397
13590
13591
13592
13593
13594
13595
13596
13597
5405
13598
13599
13600
13601
13602
13603
13604
13605
5413
13606
13607
13608
13609
13610
13611
13612
13613
5421
13614
13615
13616
13617
13618
13619
13620
13621
5429
13622
13623
13624
13625
13626
13627
13628
5437
13632
13633
13637
5445
13638
13642
13643
5453
13647
13648
13652
13653
5461
13657
13658
5469
13662
13663
13667
13668
5477
5478
5479
13672
5480
13673
5481
5482
5483
13677
5485
13678
5486
5487
5488
13682
5490
13683
5491
5492
5493
13687
13688
13689
13690
13691
13692
13693
5501
13694
13695
13697
13698
13699
13700
5509
13702
13703
13704
13705
5517
13713
5525
13721
5533
13729
5541
13737
5549
13745
5557
13753
5565
13761
5573
13769
5581
5582
5583
5584
13777
5585
5586
5587
5588
5589
5590
5591
5592
13785
5593
5594
5595
5596
5597
5598
5599
5600
13793
5601
13794
13795
13796
13797
13798
13799
5607
13800
13801
13802
13803
13804
13805
5613
13806
13807
13808
13809
13810
13811
5619
13812
13813
13814
13815
13816
13817
5625
13818
13819
13820
13821
13822
13823
5631
13824
13825
13826
13827
13828
13829
5637
13830
13831
13832
13833
13834
13835
5643
13836
13837
13838
13839
13840
13841
5649
13842
13843
13844
13845
13846
13847
5655
13848
13849
13850
13851
13852
13853
5661
13854
13858
13859
5667
13863
13864
5673
13868
13869
5679
13873
13874
5685
13878
13879
13883
5691
13884
13888
13889
5697
13893
13894
5703
5704
5705
13898
5706
13899
5707
5708
5709
13903
13904
13908
13909
5717
13913
13914
13915
13916
13917
5725
13918
13919
13920
13921
13923
13924
13925
5733
13926
13928
13929
13930
13931
5741
13939
5749
13947
5757
13955
5765
13963
5773
13971
5781
13979
5789
13987
5797
13995
5805
14003
5813
5814
5815
5816
5817
5818
14011
5819
5821
5822
5823
5824
5826
14019
5827
14020
5828
14021
5829
14022
14023
14024
14025
14026
14027
14028
14029
5837
14030
14031
14032
14033
14034
14035
14036
14037
5845
14038
14039
14040
14041
14042
14043
14044
14045
5853
14046
14047
14048
14049
14050
14051
14052
14053
5861
14054
14055
14056
14057
14058
14059
14060
14061
5869
14062
14063
14064
14065
14066
14067
14068
14069
5877
14070
14071
14072
14073
14074
14075
14076
14077
5885
14078
14079
14080
14084
14085
5893
14089
14090
5901
14094
14095
14099
14100
5909
14104
14105
14109
5917
14110
5918
5919
5920
5921
14114
5922
14115
5923
5924
5925
5926
14119
5927
14120
5928
5929
5930
5931
14124
5932
14125
5933
5934
5935
5936
14129
5937
14130
14134
14135
5943
14139
14140
14141
5949
14142
14143
14144
14145
14146
14147
5955
14149
14150
14151
14152
5961
14154
14155
14156
14157
5967
14165
5973
5979
14173
5985
14181
5991
14189
5997
6003
14197
6009
14205
6015
14213
6021
6027
14221
6033
14229
6039
6040
6041
6042
6043
6044
14237
6045
14245
6053
14246
14247
14248
14249
14250
14251
14252
14253
6061
14254
14255
14256
14257
14258
14259
14260
14261
6069
14262
14263
14264
14265
14266
14267
14268
14269
6077
14270
14271
14272
14273
14274
14275
14276
14277
6085
14278
14279
14280
14281
14282
14283
14284
14285
6093
14286
14287
14288
14289
14290
14291
14292
14293
6101
14294
14295
14296
14297
14298
14299
14300
14301
6109
14302
14303
14304
14305
14306
6117
14310
14311
14315
14316
6125
14320
14321
14325
6133
14326
14330
14331
6141
14335
14336
14340
14341
6149
6150
6151
6152
14345
6153
14346
6154
6155
6157
14350
6158
14351
6159
6160
6162
14355
6163
14356
6164
6165
14360
14361
14365
6173
14366
14367
14368
14369
14370
14371
14372
14373
6181
14375
14376
14377
14378
14380
14381
6189
14382
14383
14384
14385
14386
14387
14388
14389
6197
14390
14391
14392
14393
14394
14395
14396
14397
6205
14398
14399
14400
14401
14402
14403
14404
14405
6213
14406
14407
14408
14409
14410
14411
14412
14413
6221
14414
14415
14416
14417
14418
14419
14420
14421
6229
14422
14423
14424
14425
14426
14427
14428
14429
6237
14430
14431
14432
14433
14434
14435
14436
14437
6245
14438
14439
14440
14441
14442
14443
14444
14445
6253
14446
6254
14447
6255
14448
6256
14449
6257
14450
6258
14451
6259
14452
6260
14453
6261
14454
6262
14455
6263
14456
6264
14457
6265
14458
6266
14459
6267
14460
6268
14461
6269
14462
6270
14463
6271
14464
6272
14465
6273
14466
14467
14468
14469
14470
14471
6279
14472
14473
14474
14475
14476
14477
6285
14478
14479
14480
14481
14482
14483
6291
14484
14485
14486
14487
14488
14489
6297
14490
14491
14492
14493
14494
14495
6303
14496
14497
14499
14500
14501
6309
14502
14504
14505
14506
14507
6315
14508
14509
14510
14511
14512
14513
6321
14514
14515
14516
14517
14518
14519
6327
14520
14521
14522
14523
14524
14525
6333
14526
14527
14528
14529
14530
14531
6339
14532
14533
14534
14535
14536
14537
6345
14538
14539
14540
14541
14542
14543
6351
14544
14545
14546
14547
14548
14549
6357
14550
14551
14552
14553
14554
14555
6363
14556
14557
14558
14559
14560
14561
6369
14562
14563
14564
14565
14566
14567
6375
14568
6376
14569
6377
14570
6378
14571
6379
14572
6380
14573
6381
14574
14575
14576
14577
14578
14579
14580
14581
6389
14582
14583
14584
14585
14586
14587
14588
14589
6397
14590
14591
14592
14593
14594
14595
14596
14597
6405
14598
14599
14600
14601
14602
14603
14604
14605
6413
14606
14607
14608
14609
14610
14611
14612
14613
6421
14614
14615
14616
14617
14618
14619
14620
14621
6429
14623
14624
14625
14626
14628
14629
6437
14630
14631
14632
14633
14634
14635
14636
14637
6445
14638
14639
14640
14641
14642
14643
14644
14645
6453
14646
14647
14648
14649
14650
14651
14652
14653
6461
14654
14655
14656
14657
14658
14659
14660
14661
6469
14662
14663
14664
14665
14666
14667
14668
14669
6477
14670
14671
14672
14673
14674
14675
14676
14677
6485
14678
6486
14679
6487
14680
6488
14681
6489
14682
6490
14683
6491
14684
14685
6493
14686
6494
14687
6495
14688
6496
14689
14690
6498
14691
6499
14692
6500
14693
6501
14694
14695
14696
14697
14698
14699
14700
14701
6509
14702
14703
14704
14705
14706
14707
14708
14709
6517
14710
14711
14712
14713
14714
14715
14716
14717
6525
14718
14719
14720
14721
14722
14723
14724
14725
6533
14726
14727
14728
14729
14730
14731
14732
14733
6541
14734
14735
14736
14737
14738
14739
14740
14741
6549
14742
14743
14744
14745
14747
14748
6557
14750
14751
14752
14753
14754
14755
14756
6565
14758
14759
14760
14761
14762
14763
14764
14765
6573
14766
14767
14768
14769
14770
14771
14772
14773
6581
14774
14775
14776
14777
14778
14779
14780
14781
6589
14782
6590
14783
6591
14784
6592
14785
6593
14786
6594
14787
6595
14788
6596
14789
6597
14790
6598
14791
6599
14792
6600
14793
6601
14794
6602
14795
6603
14796
6604
14797
6605
14798
6606
14799
6607
14800
6608
14801
6609
14802
14803
14804
14805
14806
14807
6615
14808
14809
14810
14811
14812
14813
6621
14814
14815
14816
14817
14818
14819
6627
14820
14821
14822
14823
14824
14825
6633
14826
14827
14828
14829
14830
14831
6639
14832
14833
14834
14835
14836
14837
6645
14838
14839
14840
14841
14842
14843
6651
14844
14845
14846
14847
14848
14849
6657
14850
14851
14852
14853
14854
14855
6663
14856
14857
14858
14859
14860
14861
6669
14862
14863
14864
14865
14866
14867
6675
14868
14869
14870
14871
14872
14873
6681
14874
14875
14877
14878
6687
14880
14881
14882
14883
14884
14885
6693
14886
14888
14889
14890
14891
6699
14892
14893
14894
14895
14896
14897
6705
14898
14899
14900
14901
14902
14903
6711
14904
6712
14905
6713
14906
6714
14907
6715
14908
6716
14909
6717
14910
14911
14912
14913
14914
14915
14916
14917
6725
14918
14919
14920
14921
14922
14923
14924
14925
6733
14926
14927
14928
14929
14930
14931
14932
14933
6741
14934
14935
14936
14937
14938
14939
14940
14941
6749
14942
14943
14944
14945
14946
14947
14948
14949
6757
14950
14951
14952
14953
14954
14955
14956
14957
6765
14958
14959
14960
14961
14962
14963
14964
14965
6773
14966
14967
14968
14969
14970
14971
14972
14973
6781
14974
14975
14976
14977
14978
14979
14980
14981
6789
14982
14983
14984
14985
14986
14987
14988
14989
6797
14990
14991
14992
14993
14994
14995
14996
14997
6805
14998
14999
15000
15001
15002
15003
15004
15005
6813
15007
15008
15010
15011
15012
15013
6821
15014
6822
15015
6823
15016
6824
6825
15018
6826
15019
6827
15020
15021
6829
15022
6830
15023
6831
15024
6832
15025
15026
6834
15027
6835
15028
6836
15029
6837
15030
15031
15032
15033
15034
15035
15036
15037
6845
15038
15039
15040
15041
15042
15043
15044
15045
6853
15046
15047
15048
15049
15050
15051
15052
15053
6861
15054
15055
15056
15057
15058
15059
15060
15061
6869
15062
15063
15064
15065
15066
15067
15068
15069
6877
15070
15071
15072
15073
15074
15075
15076
15077
6885
15078
15079
15080
15081
15082
15083
15084
15085
6893
15086
15087
15088
15089
15090
15091
15092
15093
6901
15094
15095
15096
15097
15098
15099
15100
15101
6909
15102
15103
15104
15105
15106
15107
15108
15109
6917
15110
15111
15112
15113
15114
15115
15116
15117
6925
15118
6926
15119
6927
15120
6928
15121
6929
15122
6930
15123
6931
15124
6932
15125
6933
15126
6934
15127
6935
15128
6936
15129
6937
15130
6938
15131
6939
15132
6940
15133
6941
15134
6942
15135
6943
6944
15137
6945
15138
15139
15140
15141
15142
15143
6951
6957
15155
6963
15156
15157
15158
15159
15160
15161
6969
15164
15165
15166
15167
6975
15168
15169
15170
15173
6981
15174
15175
15176
15177
15178
15179
6987
15182
15183
15184
15185
6993
15186
15187
15188
15191
6999
15192
15193
15194
15195
15196
15197
7005
15200
15201
15202
15203
7011
15204
15205
15206
15209
7017
15210
15211
15212
15213
15214
15215
7023
15218
15219
15220
15221
7029
15222
15223
15224
15227
7035
15228
15229
15230
15231
15232
15233
7041
15236
15237
15238
15239
7047
15240
7048
15241
7049
15242
7050
7051
7052
15245
7053
15246
15247
15248
15249
15250
15251
7061
15254
15255
15256
15257
15258
15259
15260
7069
15263
15264
15265
15266
15267
15268
15269
7077
15272
15273
15274
15275
15276
15277
7085
15278
15281
15282
15283
15284
15285
7093
15286
15287
15290
15291
15292
15293
7101
15294
15295
15296
15299
15300
15301
7109
15302
15303
15304
15305
15308
15309
7117
15310
15311
15312
15313
15314
15317
7125
15318
15319
15320
15321
15322
15323
7133
15326
15327
15328
15329
15330
15331
15332
7141
15335
15336
15337
15338
15339
15340
15341
7149
15344
15345
15346
15347
15348
15349
7157
15350
7158
7159
7160
15353
7161
15354
7162
15355
7163
15356
15357
7165
15358
7166
15359
7167
7168
15362
7170
15363
7171
15364
7172
15365
7173
15366
15367
15368
15371
15372
15373
7181
15374
15375
15376
15377
15380
15381
7189
15382
15383
15384
15385
15386
15389
7197
15390
15391
15392
15393
15394
15395
7205
15398
15399
15400
15401
15402
15403
15404
7213
15407
15408
15409
15410
15411
15412
15413
7221
15416
15417
15418
15419
15420
15421
7229
15422
15425
15426
15427
15428
15429
7237
15430
15431
15434
15435
15436
15437
7245
15438
15439
15440
15443
15444
15445
7253
15446
15447
15448
15449
15452
15453
7261
15454
7262
15455
7263
15456
7264
15457
7265
15458
7266
7267
7268
15461
7269
15462
7270
15463
7271
15464
7272
15465
7273
15466
7274
15467
7275
7276
7277
15470
7278
15471
7279
15472
7280
15473
7281
15474
15475
15476
15479
7287
15480
15481
15482
15483
15484
15485
7293
15488
15489
15490
15491
7299
15492
15493
15494
15497
7305
15498
15499
15500
15501
15502
15503
7311
15506
15507
15508
15509
7317
15510
15511
15512
15515
7323
15516
15517
15518
15519
15520
15521
7329
15524
15525
15526
15527
7335
15528
15529
15530
15533
7341
15534
15535
15536
15537
15538
15539
7347
15542
15543
15544
15545
7353
15546
15547
15548
15551
7359
15552
15553
15554
15555
15556
15557
7365
15560
15561
15562
15563
7371
15564
15565
15566
15569
7377
15570
15571
15572
15573
15574
15575
7383
7384
7385
15578
7386
15579
7387
15580
7388
15581
7389
15582
15583
15584
15587
15588
15589
7397
15590
15591
15592
15593
15596
15597
7405
15598
15599
15600
15601
15602
15605
7413
15606
15607
15608
15609
15610
15611
7421
15614
15615
15616
15617
15618
15619
15620
7429
15623
15624
15625
15626
15627
15628
15629
7437
15632
15633
15634
15635
15636
15637
7445
15638
15641
15642
15643
15644
15645
7453
15646
15647
15650
15651
15652
15653
7461
15654
15655
15656
15659
15660
15661
7469
15662
15663
15664
15665
15668
15669
7477
15670
15671
15672
15673
15674
15677
7485
15678
15679
15680
15681
15682
15683
7493
7494
7495
7496
7497
7498
7499
7501
7502
7503
7504
7506
7507
7508
7509
7517
7525
7533
7541
7549
7557
7565
7573
7581
7589
7597
7598
7599
7600
7601
7602
7603
7604
7605
7606
7607
7608
7609
7610
7611
7612
7613
7614
7615
7616
7617
7623
7629
7635
7641
7647
7653
7659
7665
7671
7677
7683
7689
7695
7701
7707
7713
7719
7720
7721
7722
7723
7724
7725
7733
7741
7749
7757
7765
7773
7781
7789
7797
7805
7813
7821
7829
7830
7831
7832
7833
7834
7835
7837
7838
7839
7840
7842
7843
7844
7845
7853
7861
7869
7877
7885
7893
7901
7909
7917
7925
7933
7934
7935
7936
7937
7938
7939
7940
7941
7942
7943
7944
7945
7946
7947
7948
7949
7950
7951
7952
7953
7959
7965
7971
7977
7983
7989
7995
8001
8007
8013
8019
8025
8031
8037
8043
8049
8055
8056
8057
8058
8059
8060
8061
8069
8077
8085
8093
8101
8109
8117
8125
8133
8141
8149
8157
8165
8166
8167
8168
8169
8170
8171
8173
8174
8175
8176
8178
8179
8180
8181
8189
)


// ************************************************************************* //
