/*--------------------------------*- C++ -*----------------------------------*\
| =========                 |                                                 |
| \\      /  F ield         | OpenFOAM: The Open Source CFD Toolbox           |
|  \\    /   O peration     | Version:  2606                                  |
|   \\  /    A nd           | Website:  www.openfoam.com                      |
|    \\/     M anipulation  |                                                 |
\*---------------------------------------------------------------------------*/
FoamFile
{
    version     2.0;
    format      ascii;
    arch        "LSB;label=32;scalar=64";
    class       cellSet;
    location    "constant/Dell_PowerEdge_R470_1U_1/polyMesh/sets";
    object      CPU_and_memory_zone_3;
}
// * * * * * * * * * * * * * * * * * * * * * * * * * * * * * * * * * * * * * //


2380
(
8291
8292
8293
8294
8297
8298
8299
8300
8303
8304
8305
8306
8309
8310
8311
8312
8315
8316
12413
8317
12414
8318
12415
12416
8321
8322
12419
8323
12420
8324
12421
12422
8327
8328
12425
8329
12426
8330
12427
12428
8333
8334
12431
8335
12432
8336
12433
12434
8339
8340
12437
8341
12438
8342
12439
12440
8345
8346
12443
8347
12444
8348
12445
12446
8351
8352
12449
8353
12450
8354
12451
4259
12452
4260
4261
8357
4262
8358
12455
8359
12456
8360
12457
4265
12458
4266
4267
8363
4268
8364
12461
8365
12462
8366
12463
4271
12464
4272
4273
8369
4274
8370
12467
8371
12468
8372
12469
4277
12470
4278
4279
8375
4280
8376
12473
8377
12474
8378
12475
4283
12476
4284
4285
8381
4286
8382
12479
8383
12480
8384
12481
4289
12482
4290
4291
8387
4292
8388
12485
8389
12486
8390
12487
4295
12488
4296
4297
4298
12491
12492
12493
4301
12494
4302
4303
4304
12497
12498
12499
4307
12500
4308
4309
4310
12503
12504
12505
4313
12506
4314
4315
4316
12509
12510
12511
4319
12512
4320
4321
4322
4325
4326
4327
4328
4331
4332
4333
4334
4337
4338
4339
4340
4343
4344
4345
4346
4349
4350
4351
4352
4355
4356
4357
4358
12707
12708
12709
12710
12713
12714
12715
12716
12719
12720
12721
12722
8627
8628
12725
8629
12726
8630
12727
12728
8633
8634
12731
8635
12732
8636
12733
12734
8639
8640
12737
8641
12738
8642
12739
12740
8645
8646
12743
8647
12744
8648
12745
12746
8651
8652
12749
8653
12750
8654
12751
12752
8657
8658
12755
8659
12756
8660
12757
12758
8663
8664
12761
8665
12762
8666
12763
12764
8669
8670
12767
8671
12768
8672
12769
12770
8675
8676
12773
8677
12774
8678
12775
12776
8681
8682
12779
8683
12780
8684
12781
12782
8687
8688
12785
8689
12786
8690
12787
4595
12788
4596
4597
8693
4598
8694
12791
8695
12792
8696
12793
4601
12794
4602
4603
8699
4604
8700
12797
8701
12798
8702
12799
4607
12800
4608
4609
8705
4610
8706
12803
8707
12804
8708
12805
4613
12806
4614
4615
8711
4616
8712
8713
8714
4619
4620
4621
8717
4622
8718
8719
8720
4625
4626
4627
8723
4628
8724
8725
8726
4631
4632
4633
4634
4637
4638
4639
4640
4643
4644
4645
4646
4649
4650
4651
4652
4655
4656
4657
4658
4661
4662
4663
4664
4667
4668
4669
4670
4673
4674
4675
4676
4679
4680
4681
4682
4685
4686
4687
4688
4691
4692
4693
4694
13001
13002
13003
13004
13007
13008
13009
13010
13013
13014
13015
13016
13019
13020
13021
13022
13025
13026
13027
13028
13031
13032
13033
13034
13037
13038
13039
13040
13043
13044
13045
13046
13049
13050
13051
13052
13055
13056
13057
13058
8963
8964
13061
8965
13062
8966
13063
13064
8969
8970
13067
8971
13068
8972
13069
13070
8975
8976
13073
8977
13074
8978
13075
13076
8981
8982
13079
8983
13080
8984
13081
13082
8987
8988
13085
8989
13086
8990
13087
13088
8993
8994
13091
8995
13092
8996
13093
13094
8999
9000
13097
9001
13098
9002
13099
13100
9005
9006
9007
9008
9011
9012
9013
9014
9017
9018
9019
9020
9023
9024
9025
9026
4931
4932
4933
9029
4934
9030
9031
9032
4937
4938
4939
9035
4940
9036
9037
9038
4943
4944
4945
9041
4946
9042
9043
9044
4949
4950
4951
9047
4952
9048
9049
9050
4955
4956
4957
9053
4958
9054
9055
9056
4961
4962
4963
9059
4964
9060
9061
9062
4967
4968
4969
4970
4973
4974
4975
4976
4979
4980
4981
4982
4985
4986
4987
4988
4991
4992
4993
4994
4997
4998
4999
5000
5003
5004
5005
5006
5009
5010
5011
5012
5015
5016
5017
5018
5021
5022
5023
5024
5027
5028
5029
5030
13295
13296
13297
13298
13301
13302
13303
13304
13307
13308
13309
13310
13313
13314
13315
13316
13319
13320
13321
13322
13325
13326
13327
13328
13331
13332
13333
13334
13337
13338
13339
13340
13343
13344
13345
13346
13349
13350
13351
13352
13355
13356
13357
13358
13361
13362
13363
13364
13367
13368
13369
13370
13373
13374
13375
13376
13379
13380
13381
13382
13385
13386
13387
13388
13391
13392
13393
13394
9299
9300
9301
9302
9305
9306
9307
9308
9311
9312
9313
9314
9317
9318
9319
9320
9323
9324
9325
9326
9329
9330
9331
9332
9335
9336
9337
9338
9341
9342
9343
9344
9347
9348
9349
9350
9353
9354
9355
9356
9359
9360
9361
9362
5267
5268
5269
9365
5270
9366
9367
9368
5273
5274
5275
9371
5276
9372
9373
9374
5279
5280
5281
9377
5282
9378
9379
9380
5285
5286
5287
9383
5288
9384
9385
9386
5291
5292
5293
9389
5294
9390
9391
9392
5297
5298
5299
9395
5300
9396
9397
9398
5303
5304
5305
5306
5309
5310
5311
5312
5315
5316
5317
5318
5321
5322
5323
5324
5327
5328
5329
5330
5333
5334
5335
5336
5339
5340
5341
5342
5345
5346
5347
5348
5351
5352
5353
5354
5357
5358
5359
5360
5363
5364
5365
5366
9635
9636
9637
9638
9641
9642
9643
9644
9647
9648
9649
9650
9653
9654
9655
9656
9659
9660
9661
9662
9665
9666
9667
9668
9671
9672
9673
9674
9677
9678
9679
9680
9683
9684
9685
9686
9689
9690
9691
9692
9695
9696
9697
9698
5603
5604
5605
9701
5606
9702
9703
9704
5609
5610
5611
9707
5612
9708
9709
9710
5615
5616
5617
9713
5618
9714
9715
9716
5621
5622
5623
9719
5624
9720
9721
9722
5627
5628
5629
9725
5630
9726
9727
9728
5633
5634
5635
9731
5636
9732
9733
9734
5639
5640
5641
5642
5645
5646
5647
5648
5651
5652
5653
5654
5657
5658
5659
5660
5663
5664
5665
5666
5669
5670
5671
5672
5675
5676
5677
5678
5681
5682
5683
5684
5687
5688
5689
5690
5693
5694
5695
5696
5699
5700
5701
5702
9971
9972
9973
9974
9977
9978
9979
9980
9983
9984
9985
9986
9989
9990
9991
9992
9995
9996
9997
9998
10001
10002
10003
10004
10007
10008
10009
10010
10013
10014
10015
10016
10019
10020
10021
10022
10025
10026
10027
10028
10031
10032
10033
10034
5939
5940
5941
10037
5942
10038
10039
10040
5945
5946
5947
10043
5948
10044
10045
10046
5951
5952
5953
10049
5954
10050
10051
10052
5957
5958
5959
10055
5960
10056
10057
10058
5963
5964
5965
10061
5966
10062
10063
10064
5969
5970
5971
10067
5972
10068
10069
10070
5975
5976
5977
5978
5981
5982
5983
5984
5987
5988
5989
5990
5993
5994
5995
5996
5999
6000
6001
6002
6005
6006
6007
6008
6011
6012
6013
6014
6017
6018
6019
6020
6023
6024
6025
6026
6029
6030
6031
6032
6035
6036
6037
6038
10307
10308
10309
10310
10313
10314
10315
10316
10319
10320
10321
10322
10325
10326
10327
10328
10331
10332
10333
10334
10337
10338
10339
10340
10343
10344
10345
10346
10349
10350
10351
10352
10355
10356
10357
10358
10361
10362
10363
10364
10367
10368
10369
10370
6275
6276
10373
6277
10374
6278
10375
10376
6281
6282
10379
6283
10380
6284
10381
10382
6287
6288
10385
6289
10386
6290
10387
10388
6293
6294
10391
6295
10392
6296
10393
10394
6299
6300
10397
6301
10398
6302
10399
10400
6305
6306
10403
6307
10404
6308
10405
10406
6311
6312
6313
6314
6317
6318
6319
6320
6323
6324
6325
6326
6329
6330
6331
6332
6335
6336
6337
6338
2243
2244
2245
6341
2246
6342
6343
6344
2249
2250
2251
6347
2252
6348
6349
6350
2255
2256
2257
6353
2258
6354
6355
6356
2261
2262
2263
6359
2264
6360
6361
6362
2267
2268
2269
6365
2270
6366
6367
6368
2273
2274
2275
6371
2276
6372
6373
6374
2279
2280
2281
2282
2285
2286
2287
2288
2291
2292
2293
2294
2297
2298
2299
2300
2303
2304
2305
2306
2309
2310
2311
2312
2315
2316
2317
2318
2321
2322
2323
2324
2327
2328
2329
2330
2333
2334
2335
2336
2339
2340
2341
2342
10643
10644
10645
10646
10649
10650
10651
10652
10655
10656
10657
10658
10661
10662
10663
10664
10667
10668
10669
10670
10673
10674
10675
10676
10679
10680
10681
10682
10685
10686
10687
10688
10691
10692
10693
10694
10697
10698
10699
10700
10703
10704
10705
10706
6611
6612
10709
6613
10710
6614
10711
10712
6617
6618
10715
6619
10716
6620
10717
10718
6623
6624
10721
6625
10722
6626
10723
10724
6629
6630
10727
6631
10728
6632
10729
10730
6635
6636
10733
6637
10734
6638
10735
10736
6641
6642
10739
6643
10740
6644
10741
10742
6647
6648
6649
6650
6653
6654
6655
6656
6659
6660
6661
6662
6665
6666
6667
6668
6671
6672
6673
6674
2579
2580
2581
6677
2582
6678
6679
6680
2585
2586
2587
6683
2588
6684
6685
6686
2591
2592
2593
6689
2594
6690
6691
6692
2597
2598
2599
6695
2600
6696
6697
6698
2603
2604
2605
6701
2606
6702
6703
6704
2609
2610
2611
6707
2612
6708
6709
6710
2615
2616
2617
2618
2621
2622
2623
2624
2627
2628
2629
2630
2633
2634
2635
2636
2639
2640
2641
2642
2645
2646
2647
2648
2651
2652
2653
2654
2657
2658
2659
2660
2663
2664
2665
2666
2669
2670
2671
2672
2675
2676
2677
2678
10979
10980
10981
10982
10985
10986
10987
10988
10991
10992
10993
10994
10997
10998
10999
11000
11003
11004
11005
11006
11009
11010
11011
11012
11015
11016
11017
11018
11021
11022
11023
11024
11027
11028
11029
11030
11033
11034
11035
11036
11039
11040
11041
11042
6947
6948
11045
6949
11046
6950
11047
11048
6953
6954
11051
6955
11052
6956
11053
11054
6959
6960
11057
6961
11058
6962
11059
11060
6965
6966
11063
6967
11064
6968
11065
11066
6971
6972
11069
6973
11070
6974
11071
11072
6977
6978
11075
6979
11076
6980
11077
11078
6983
6984
6985
6986
6989
6990
6991
6992
6995
6996
6997
6998
7001
7002
7003
7004
7007
7008
7009
7010
2915
2916
2917
7013
2918
7014
7015
7016
2921
2922
2923
7019
2924
7020
7021
7022
2927
2928
2929
7025
2930
7026
7027
7028
2933
2934
2935
7031
2936
7032
7033
7034
2939
2940
2941
7037
2942
7038
7039
7040
2945
2946
2947
7043
2948
7044
7045
7046
2951
2952
2953
2954
2957
2958
2959
2960
2963
2964
2965
2966
2969
2970
2971
2972
2975
2976
2977
2978
2981
2982
2983
2984
2987
2988
2989
2990
2993
2994
2995
2996
2999
3000
3001
3002
3005
3006
3007
3008
3011
3012
3013
3014
11237
11238
11239
11240
11243
11244
11245
11246
11249
11250
11251
11252
11255
11256
11257
11258
11261
11262
11263
11264
11267
11268
11269
11270
11273
11274
11275
11276
11279
11280
11281
11282
11285
11286
11287
11288
11291
11292
11293
11294
11297
11298
11299
11300
11303
11304
11305
11306
11309
11310
11311
11312
11315
11316
11317
11318
11321
11322
11323
11324
11327
11328
11329
11330
11333
11334
11335
11336
7283
7284
7285
7286
7289
7290
7291
7292
7295
7296
7297
7298
7301
7302
7303
7304
7307
7308
7309
7310
7313
7314
7315
7316
7319
7320
7321
7322
7325
7326
7327
7328
7331
7332
7333
7334
7337
7338
7339
7340
7343
7344
7345
7346
3251
3252
3253
7349
3254
7350
7351
7352
3257
3258
3259
7355
3260
7356
7357
7358
3263
3264
3265
7361
3266
7362
7363
7364
3269
3270
3271
7367
3272
7368
7369
7370
3275
3276
3277
7373
3278
7374
7375
7376
3281
3282
3283
7379
3284
7380
7381
7382
3287
3288
3289
3290
3293
3294
3295
3296
3299
3300
3301
3302
3305
3306
3307
3308
3311
3312
3313
3314
3317
3318
3319
3320
3323
3324
3325
3326
3329
3330
3331
3332
3335
3336
3337
3338
11531
11532
11533
3341
11534
3342
3343
3344
11537
11538
11539
3347
11540
3348
3349
3350
11543
11544
11545
11546
11549
11550
11551
11552
11555
11556
11557
11558
11561
11562
11563
11564
11567
11568
11569
11570
11573
11574
11575
11576
11579
11580
11581
11582
11585
11586
11587
11588
11591
11592
11593
11594
11597
11598
11599
11600
11603
11604
11605
11606
11609
11610
11611
11612
11615
11616
11617
11618
11621
11622
11623
11624
11627
11628
11629
11630
7619
7620
7621
7622
7625
7626
7627
7628
7631
7632
7633
7634
7637
7638
7639
7640
7643
7644
7645
7646
7649
7650
7651
7652
7655
7656
7657
7658
7661
7662
7663
7664
7667
7668
7669
7670
7673
7674
7675
7676
7679
7680
7681
7682
3587
3588
3589
7685
3590
7686
7687
7688
3593
3594
3595
7691
3596
7692
7693
7694
3599
3600
3601
7697
3602
7698
7699
7700
3605
3606
3607
7703
3608
7704
7705
7706
3611
3612
3613
7709
3614
7710
7711
7712
3617
3618
3619
7715
3620
7716
7717
7718
3623
3624
3625
3626
3629
3630
3631
3632
11825
11826
11827
3635
11828
3636
3637
3638
11831
11832
11833
3641
11834
3642
3643
3644
11837
11838
11839
3647
11840
3648
3649
3650
11843
11844
11845
3653
11846
3654
3655
3656
11849
11850
11851
3659
11852
3660
3661
3662
11855
11856
11857
3665
11858
3666
3667
3668
11861
11862
11863
3671
11864
3672
3673
3674
11867
11868
11869
3677
11870
3678
3679
3680
11873
11874
11875
3683
11876
3684
3685
3686
11879
11880
11881
11882
11885
11886
11887
11888
11891
11892
11893
11894
11897
11898
11899
11900
11903
11904
11905
11906
11909
11910
11911
11912
11915
11916
11917
11918
11921
11922
11923
11924
7955
7956
7957
7958
7961
7962
7963
7964
7967
7968
7969
7970
7973
7974
7975
7976
7979
7980
7981
7982
7985
7986
7987
7988
7991
7992
7993
7994
7997
7998
7999
8000
8003
8004
8005
8006
8009
8010
8011
8012
8015
8016
8017
8018
3923
3924
3925
8021
3926
8022
12119
8023
12120
8024
12121
3929
12122
3930
3931
8027
3932
8028
12125
8029
12126
8030
12127
3935
12128
3936
3937
8033
3938
8034
12131
8035
12132
8036
12133
3941
12134
3942
3943
8039
3944
8040
12137
8041
12138
8042
12139
3947
12140
3948
3949
8045
3950
8046
12143
8047
12144
8048
12145
3953
12146
3954
3955
8051
3956
8052
12149
8053
12150
8054
12151
3959
12152
3960
3961
3962
12155
12156
12157
3965
12158
3966
3967
3968
12161
12162
12163
3971
12164
3972
3973
3974
12167
12168
12169
3977
12170
3978
3979
3980
12173
12174
12175
3983
12176
3984
3985
3986
12179
12180
12181
3989
12182
3990
3991
3992
12185
12186
12187
3995
12188
3996
3997
3998
12191
12192
12193
4001
12194
4002
4003
4004
12197
12198
12199
4007
12200
4008
4009
4010
12203
12204
12205
4013
12206
4014
4015
4016
12209
12210
12211
4019
12212
4020
4021
4022
12215
12216
12217
12218
)


// ************************************************************************* //
