/*--------------------------------*- C++ -*----------------------------------*\
| =========                 |                                                 |
| \\      /  F ield         | OpenFOAM: The Open Source CFD Toolbox           |
|  \\    /   O peration     | Version:  2606                                  |
|   \\  /    A nd           | Website:  www.openfoam.com                      |
|    \\/     M anipulation  |                                                 |
\*---------------------------------------------------------------------------*/
FoamFile
{
    version     2.0;
    format      ascii;
    arch        "LSB;label=32;scalar=64";
    class       cellSet;
    location    "constant/Dell_PowerEdge_R470_1U_1/polyMesh/sets";
    object      PCIe_and_system_board_rear_zone_5;
}
// * * * * * * * * * * * * * * * * * * * * * * * * * * * * * * * * * * * * * //


2262
(
4096
4097
4098
4099
4100
4103
4104
4105
4106
4107
4108
4111
4112
4113
4114
4115
4116
4119
4120
4121
4122
4123
4124
4127
4128
4129
4130
4131
4132
8399
8400
8401
8402
8403
8404
8407
8408
8409
8410
8411
8412
8415
8416
8417
8418
8419
8420
8423
8424
8425
8426
8427
8428
8431
8432
8433
8434
8435
8436
8439
8440
8441
8442
8443
8444
8447
8448
8449
8450
8451
8452
8455
8456
8457
8458
8459
8460
8463
4367
8464
4368
8465
4369
8466
4370
8467
4371
8468
4372
8471
4375
8472
4376
8473
4377
8474
4378
8475
4379
8476
4380
8479
4383
8480
4384
8481
4385
8482
4386
8483
4387
8484
4388
8487
4391
8488
4392
8489
4393
8490
4394
8491
4395
8492
4396
8495
4399
8496
4400
8497
4401
8498
4402
8499
4403
8500
4404
4407
4408
4409
4410
4411
4412
4415
4416
4417
4418
4419
4420
4423
4424
4425
4426
4427
4428
4431
4432
4433
4434
4435
4436
4439
4440
4441
4442
4443
4444
4447
4448
4449
4450
4451
4452
4455
4456
4457
4458
4459
4460
4463
4464
4465
4466
4467
4468
8735
8736
8737
8738
8739
8740
8743
8744
8745
8746
8747
8748
8751
8752
8753
8754
8755
8756
8759
8760
8761
8762
8763
8764
8767
8768
8769
8770
8771
8772
8775
8776
8777
8778
8779
8780
8783
8784
8785
8786
8787
8788
8791
8792
8793
8794
8795
8796
8799
4703
8800
4704
8801
4705
8802
4706
8803
4707
8804
4708
8807
4711
8808
4712
8809
4713
8810
4714
8811
4715
8812
4716
8815
4719
8816
4720
8817
4721
8818
4722
8819
4723
8820
4724
8823
4727
8824
4728
8825
4729
8826
4730
8827
4731
8828
4732
8831
4735
8832
4736
8833
4737
8834
4738
8835
4739
8836
4740
4743
4744
4745
4746
4747
4748
4751
4752
4753
4754
4755
4756
4759
4760
4761
4762
4763
4764
4767
4768
4769
4770
4771
4772
4775
4776
4777
4778
4779
4780
4783
4784
4785
4786
4787
4788
4791
4792
4793
4794
4795
4796
4799
4800
4801
4802
4803
4804
9071
9072
9073
9074
9075
9076
9079
9080
9081
9082
9083
9084
9087
9088
9089
9090
9091
9092
9095
9096
9097
9098
9099
9100
9103
9104
9105
9106
9107
9108
9111
9112
9113
9114
9115
9116
9119
9120
9121
9122
9123
9124
9127
9128
9129
9130
9131
9132
9135
5039
9136
5040
9137
5041
9138
5042
9139
5043
9140
5044
9143
5047
9144
5048
9145
5049
9146
5050
9147
5051
9148
5052
9151
5055
9152
5056
9153
5057
9154
5058
9155
5059
9156
5060
9159
5063
9160
5064
9161
5065
9162
5066
9163
5067
9164
5068
9167
5071
9168
5072
9169
5073
9170
5074
9171
5075
9172
5076
5079
5080
5081
5082
5083
5084
5087
5088
5089
5090
5091
5092
5095
5096
5097
5098
5099
5100
5103
5104
5105
5106
5107
5108
5111
5112
5113
5114
5115
5116
5119
5120
5121
5122
5123
5124
5127
5128
5129
5130
5131
5132
5135
5136
5137
5138
5139
5140
9407
9408
9409
9410
9411
9412
9415
9416
9417
9418
9419
9420
9423
9424
9425
9426
9427
9428
9431
9432
9433
9434
9435
9436
9439
9440
9441
9442
9443
9444
9447
9448
9449
9450
9451
9452
9455
9456
9457
9458
9459
9460
9463
9464
9465
9466
9467
9468
9471
5375
9472
5376
9473
5377
9474
5378
9475
5379
9476
5380
9479
5383
9480
5384
9481
5385
9482
5386
9483
5387
9484
5388
9487
5391
9488
5392
9489
5393
9490
5394
9491
5395
9492
5396
9495
5399
9496
5400
9497
5401
9498
5402
9499
5403
9500
5404
9503
5407
9504
5408
9505
5409
9506
5410
9507
5411
9508
5412
5415
5416
5417
5418
5419
5420
5423
5424
5425
5426
5427
5428
5431
5432
5433
5434
5435
5436
5439
5440
5441
5442
5443
5444
5447
5448
5449
5450
5451
5452
5455
5456
5457
5458
5459
5460
5463
5464
5465
5466
5467
5468
5471
5472
5473
5474
5475
5476
1479
1480
1481
1482
1483
1484
1487
1488
1489
1490
1491
1492
1495
1496
1497
1498
1499
1500
1503
1504
1505
1506
1507
1508
1511
1512
1513
1514
1515
1516
1519
1520
1521
1522
1523
1524
1527
1528
1529
1530
1531
1532
1535
1536
1537
1538
1539
1540
1543
1544
1545
1546
1547
1548
9743
1551
9744
1552
9745
1553
9746
1554
9747
1555
9748
1556
9751
1559
9752
1560
9753
1561
9754
1562
9755
1563
9756
1564
9759
1567
9760
1568
9761
1569
9762
1570
9763
1571
9764
1572
9767
1575
9768
1576
9769
1577
9770
1578
9771
1579
9772
1580
9775
9776
9777
9778
9779
9780
9783
9784
9785
9786
9787
9788
9791
9792
9793
9794
9795
9796
9799
9800
9801
9802
9803
9804
9807
5711
9808
5712
9809
5713
9810
5714
9811
5715
9812
5716
9815
5719
9816
5720
9817
5721
9818
5722
9819
5723
9820
5724
9823
5727
9824
5728
9825
5729
9826
5730
9827
5731
9828
5732
9831
5735
9832
5736
9833
5737
9834
5738
9835
5739
9836
5740
9839
5743
9840
5744
9841
5745
9842
5746
9843
5747
9844
5748
5751
5752
5753
5754
5755
5756
5759
5760
5761
5762
5763
5764
5767
5768
5769
5770
5771
5772
5775
5776
5777
5778
5779
5780
5783
5784
5785
5786
5787
5788
5791
5792
5793
5794
5795
5796
5799
5800
5801
5802
5803
5804
5807
5808
5809
5810
5811
5812
1747
1748
1749
1750
1751
1752
1755
1756
1757
1758
1759
1760
1763
1764
1765
1766
1767
1768
1771
1772
1773
1774
1775
1776
1779
1780
1781
1782
1783
1784
1787
1788
1789
1790
1791
1792
1795
1796
1797
1798
1799
1800
1803
1804
1805
1806
1807
1808
1811
1812
1813
1814
1815
1816
1819
1820
1821
1822
1823
1824
1827
1828
1829
1830
1831
1832
1835
1836
1837
1838
1839
1840
1843
1844
1845
1846
1847
1848
10079
10080
10081
10082
10083
10084
10087
10088
10089
10090
10091
10092
10095
10096
10097
10098
10099
10100
10103
10104
10105
10106
10107
10108
10111
10112
10113
10114
10115
10116
10119
10120
10121
10122
10123
10124
10127
10128
10129
10130
10131
10132
10135
10136
10137
10138
10139
10140
10143
6047
10144
6048
10145
6049
10146
6050
10147
6051
10148
6052
10151
6055
10152
6056
10153
6057
10154
6058
10155
6059
10156
6060
10159
6063
10160
6064
10161
6065
10162
6066
10163
6067
10164
6068
10167
6071
10168
6072
10169
6073
10170
6074
10171
6075
10172
6076
10175
6079
10176
6080
10177
6081
10178
6082
10179
6083
10180
6084
6087
6088
6089
6090
6091
6092
6095
6096
6097
6098
6099
6100
6103
6104
6105
6106
6107
6108
2015
6111
2016
6112
2017
6113
2018
6114
2019
6115
2020
6116
2023
6119
2024
6120
2025
6121
2026
6122
2027
6123
2028
6124
2031
6127
2032
6128
2033
6129
2034
6130
2035
6131
2036
6132
2039
6135
2040
6136
2041
6137
2042
6138
2043
6139
2044
6140
2047
6143
2048
6144
2049
6145
2050
6146
2051
6147
2052
6148
2055
2056
2057
2058
2059
2060
2063
2064
2065
2066
2067
2068
2071
2072
2073
2074
2075
2076
2079
2080
2081
2082
2083
2084
2087
2088
2089
2090
2091
2092
2095
2096
2097
2098
2099
2100
2103
2104
2105
2106
2107
2108
2111
2112
2113
2114
2115
2116
10415
10416
10417
10418
10419
10420
10423
10424
10425
10426
10427
10428
10431
10432
10433
10434
10435
10436
10439
10440
10441
10442
10443
10444
10447
10448
10449
10450
10451
10452
10455
10456
10457
10458
10459
10460
10463
10464
10465
10466
10467
10468
10471
10472
10473
10474
10475
10476
10479
6383
10480
6384
10481
6385
10482
6386
10483
6387
10484
6388
10487
6391
10488
6392
10489
6393
10490
6394
10491
6395
10492
6396
10495
6399
10496
6400
10497
6401
10498
6402
10499
6403
10500
6404
10503
6407
10504
6408
10505
6409
10506
6410
10507
6411
10508
6412
10511
6415
10512
6416
10513
6417
10514
6418
10515
6419
10516
6420
6423
6424
6425
6426
6427
6428
6431
6432
6433
6434
6435
6436
6439
6440
6441
6442
6443
6444
2351
6447
2352
6448
2353
6449
2354
6450
2355
6451
2356
6452
2359
6455
2360
6456
2361
6457
2362
6458
2363
6459
2364
6460
2367
6463
2368
6464
2369
6465
2370
6466
2371
6467
2372
6468
2375
6471
2376
6472
2377
6473
2378
6474
2379
6475
2380
6476
2383
6479
2384
6480
2385
6481
2386
6482
2387
6483
2388
6484
2391
2392
2393
2394
2395
2396
2399
2400
2401
2402
2403
2404
2407
2408
2409
2410
2411
2412
2415
2416
2417
2418
2419
2420
2423
2424
2425
2426
2427
2428
2431
2432
2433
2434
2435
2436
2439
2440
2441
2442
2443
2444
2447
2448
2449
2450
2451
2452
10751
10752
10753
10754
10755
10756
10759
10760
10761
10762
10763
10764
10767
10768
10769
10770
10771
10772
10775
10776
10777
10778
10779
10780
10783
10784
10785
10786
10787
10788
10791
10792
10793
10794
10795
10796
10799
10800
10801
10802
10803
10804
10807
10808
10809
10810
10811
10812
10815
6719
10816
6720
10817
6721
10818
6722
10819
6723
10820
6724
10823
6727
10824
6728
10825
6729
10826
6730
10827
6731
10828
6732
10831
6735
10832
6736
10833
6737
10834
6738
10835
6739
10836
6740
10839
6743
10840
6744
10841
6745
10842
6746
10843
6747
10844
6748
10847
6751
10848
6752
10849
6753
10850
6754
10851
6755
10852
6756
6759
6760
6761
6762
6763
6764
6767
6768
6769
6770
6771
6772
6775
6776
6777
6778
6779
6780
2687
6783
2688
6784
2689
6785
2690
6786
2691
6787
2692
6788
2695
6791
2696
6792
2697
6793
2698
6794
2699
6795
2700
6796
2703
6799
2704
6800
2705
6801
2706
6802
2707
6803
2708
6804
2711
6807
2712
6808
2713
6809
2714
6810
2715
6811
2716
6812
2719
6815
2720
6816
2721
6817
2722
6818
2723
6819
2724
6820
2727
2728
2729
2730
2731
2732
2735
2736
2737
2738
2739
2740
2743
2744
2745
2746
2747
2748
2751
2752
2753
2754
2755
2756
2759
2760
2761
2762
2763
2764
2767
2768
2769
2770
2771
2772
2775
2776
2777
2778
2779
2780
2783
2784
2785
2786
2787
2788
7055
7056
7057
7058
7059
7060
7063
7064
7065
7066
7067
7068
7071
7072
7073
7074
7075
7076
7079
7080
7081
7082
7083
7084
7087
7088
7089
7090
7091
7092
7095
7096
7097
7098
7099
7100
7103
7104
7105
7106
7107
7108
7111
7112
7113
7114
7115
7116
3023
7119
3024
7120
3025
7121
3026
7122
3027
7123
3028
7124
3031
7127
3032
7128
3033
7129
3034
7130
3035
7131
3036
7132
3039
7135
3040
7136
3041
7137
3042
7138
3043
7139
3044
7140
3047
7143
3048
7144
3049
7145
3050
7146
3051
7147
3052
7148
3055
7151
3056
7152
3057
7153
3058
7154
3059
7155
3060
7156
3063
3064
3065
3066
3067
3068
3071
3072
3073
3074
3075
3076
3079
3080
3081
3082
3083
3084
3087
3088
3089
3090
3091
3092
3095
3096
3097
3098
3099
3100
3103
3104
3105
3106
3107
3108
3111
3112
3113
3114
3115
3116
3119
3120
3121
3122
3123
3124
7391
7392
7393
7394
7395
7396
7399
7400
7401
7402
7403
7404
7407
7408
7409
7410
7411
7412
7415
7416
7417
7418
7419
7420
7423
7424
7425
7426
7427
7428
7431
7432
7433
7434
7435
7436
7439
7440
7441
7442
7443
7444
7447
7448
7449
7450
7451
7452
3359
7455
3360
7456
3361
7457
3362
7458
3363
7459
3364
7460
3367
7463
3368
7464
3369
7465
3370
7466
3371
7467
3372
7468
3375
7471
3376
7472
3377
7473
3378
7474
3379
7475
3380
7476
3383
7479
3384
7480
3385
7481
3386
7482
3387
7483
3388
7484
3391
7487
3392
7488
3393
7489
3394
7490
3395
7491
3396
7492
3399
3400
3401
3402
3403
3404
3407
3408
3409
3410
3411
3412
3415
3416
3417
3418
3419
3420
3423
3424
3425
3426
3427
3428
3431
3432
3433
3434
3435
3436
3439
3440
3441
3442
3443
3444
3447
3448
3449
3450
3451
3452
3455
3456
3457
3458
3459
3460
7727
7728
7729
7730
7731
7732
7735
7736
7737
7738
7739
7740
7743
7744
7745
7746
7747
7748
7751
7752
7753
7754
7755
7756
7759
7760
7761
7762
7763
7764
7767
7768
7769
7770
7771
7772
7775
7776
7777
7778
7779
7780
7783
7784
7785
7786
7787
7788
3695
7791
3696
7792
3697
7793
3698
7794
3699
7795
3700
7796
3703
7799
3704
7800
3705
7801
3706
7802
3707
7803
3708
7804
3711
7807
3712
7808
3713
7809
3714
7810
3715
7811
3716
7812
3719
7815
3720
7816
3721
7817
3722
7818
3723
7819
3724
7820
3727
7823
3728
7824
3729
7825
3730
7826
3731
7827
3732
7828
3735
3736
3737
3738
3739
3740
3743
3744
3745
3746
3747
3748
3751
3752
3753
3754
3755
3756
3759
3760
3761
3762
3763
3764
3767
3768
3769
3770
3771
3772
3775
3776
3777
3778
3779
3780
3783
3784
3785
3786
3787
3788
3791
3792
3793
3794
3795
3796
8063
8064
8065
8066
8067
8068
8071
8072
8073
8074
8075
8076
8079
8080
8081
8082
8083
8084
8087
8088
8089
8090
8091
8092
8095
8096
8097
8098
8099
8100
8103
8104
8105
8106
8107
8108
8111
8112
8113
8114
8115
8116
8119
8120
8121
8122
8123
8124
4031
8127
4032
8128
4033
8129
4034
8130
4035
8131
4036
8132
4039
8135
4040
8136
4041
8137
4042
8138
4043
8139
4044
8140
4047
8143
4048
8144
4049
8145
4050
8146
4051
8147
4052
8148
4055
8151
4056
8152
4057
8153
4058
8154
4059
8155
4060
8156
4063
8159
4064
8160
4065
8161
4066
8162
4067
8163
4068
8164
4071
4072
4073
4074
4075
4076
4079
4080
4081
4082
4083
4084
4087
4088
4089
4090
4091
4092
4095
)


// ************************************************************************* //
