/*--------------------------------*- C++ -*----------------------------------*\
| =========                 |                                                 |
| \\      /  F ield         | OpenFOAM: The Open Source CFD Toolbox           |
|  \\    /   O peration     | Version:  2606                                  |
|   \\  /    A nd           | Website:  www.openfoam.com                      |
|    \\/     M anipulation  |                                                 |
\*---------------------------------------------------------------------------*/
FoamFile
{
    version     2.0;
    format      ascii;
    arch        "LSB;label=32;scalar=64";
    class       cellSet;
    location    "constant/Trenton_3U_BAM_2/polyMesh/sets";
    object      CPU_and_motherboard_7;
}
// * * * * * * * * * * * * * * * * * * * * * * * * * * * * * * * * * * * * * //


1632
(
4096
4097
2049
4098
2050
2051
2052
4101
4102
4103
2055
4104
2056
2057
2058
4107
4108
4109
2061
4110
2062
2063
2064
4113
4114
4115
2067
4116
2068
2069
2070
4119
4120
4121
2073
4122
2074
2075
2076
4125
4126
4127
2079
4128
2080
2081
2082
4131
4132
4133
2085
4134
2086
2087
2088
4137
4138
4139
2091
4140
2092
2093
2094
4143
4144
4145
4146
4149
4150
4151
4152
4155
4156
4157
4158
4161
4162
4163
4164
4167
4168
4169
4170
4173
4174
4175
4176
4179
4180
4181
4182
2169
2170
2171
2172
2175
2176
2177
2178
2181
2182
2183
2184
2187
2188
2189
2190
2193
2194
2195
2196
2199
2200
2201
2202
2205
2206
2207
2208
4257
4258
4259
2211
4260
2212
2213
2214
4263
4264
4265
2217
4266
2218
2219
2220
4269
4270
4271
2223
4272
2224
2225
2226
4275
4276
4277
2229
4278
2230
2231
2232
4281
4282
4283
2235
4284
2236
2237
2238
4287
4288
4289
2241
4290
2242
2243
2244
4293
4294
4295
2247
4296
2248
2249
2250
4299
4300
4301
2253
4302
2254
2255
2256
4305
4306
4307
2259
4308
2260
2261
2262
4311
4312
4313
2265
4314
2266
2267
2268
4317
4318
4319
4320
4323
4324
4325
4326
4329
4330
4331
4332
4335
4336
4337
4338
4341
4342
4343
4344
4347
4348
4349
4350
4353
4354
4355
4356
2343
2344
2345
2346
2349
2350
2351
2352
2355
2356
2357
2358
4407
4408
4409
2361
4410
2362
2363
2364
4413
4414
4415
2367
4416
2368
2369
2370
4419
4420
4421
2373
4422
2374
2375
2376
4425
4426
4427
2379
4428
2380
2381
2382
4431
4432
4433
2385
4434
2386
2387
2388
4437
4438
4439
2391
4440
2392
2393
2394
4443
4444
4445
2397
4446
2398
2399
2400
4449
4450
4451
2403
4452
2404
2405
2406
4455
4456
4457
2409
4458
2410
2411
2412
4461
4462
4463
2415
4464
2416
2417
2418
4467
4468
4469
2421
4470
2422
2423
2424
4473
4474
4475
2427
4476
2428
2429
2430
4479
4480
4481
2433
4482
2434
2435
2436
4485
4486
4487
2439
4488
2440
2441
2442
4491
4492
4493
4494
4497
4498
4499
4500
4503
4504
4505
4506
2517
2518
2519
2520
2523
2524
2525
2526
2529
2530
2531
2532
2535
2536
2537
2538
2541
2542
2543
2544
2547
2548
2549
2550
4599
4600
4601
2553
4602
2554
2555
2556
4605
4606
4607
2559
4608
2560
2561
2562
4611
4612
4613
2565
4614
2566
2567
2568
4617
4618
4619
2571
4620
2572
2573
2574
4623
4624
4625
2577
4626
2578
2579
2580
4629
4630
4631
2583
4632
2584
2585
2586
4635
4636
4637
2589
4638
2590
2591
2592
4641
4642
4643
2595
4644
2596
2597
2598
4647
4648
4649
2601
4650
2602
2603
2604
4653
4654
4655
2607
4656
2608
2609
2610
4659
4660
4661
2613
4662
2614
2615
2616
4665
4666
4667
4668
4671
4672
4673
4674
4677
4678
4679
4680
4683
4684
4685
4686
4689
4690
4691
4692
4695
4696
4697
4698
2691
2692
2693
2694
2697
2698
2699
2700
2703
2704
2705
2706
2709
2710
2711
2712
2715
2716
2717
2718
2721
2722
2723
2724
2727
2728
2729
2730
2733
2734
2735
2736
2739
2740
2741
2742
4791
4792
4793
2745
4794
2746
2747
2748
4797
4798
4799
2751
4800
2752
2753
2754
4803
4804
4805
2757
4806
2758
2759
2760
4809
4810
4811
2763
4812
2764
2765
2766
4815
4816
4817
2769
4818
2770
2771
2772
4821
4822
4823
2775
4824
2776
2777
2778
4827
4828
4829
2781
4830
2782
2783
2784
4833
4834
4835
2787
4836
2788
2789
2790
4839
4840
4841
4842
4845
4846
4847
4848
4851
4852
4853
4854
4857
4858
4859
4860
4863
4864
4865
4866
4869
4870
4871
4872
4875
4876
4877
4878
4881
4882
4883
4884
4887
4888
4889
4890
2865
2866
2867
2868
2871
2872
2873
2874
2877
2878
2879
2880
2883
2884
2885
2886
2889
2890
2891
2892
2895
2896
2897
2898
2901
2902
2903
2904
2907
2908
2909
2910
2913
2914
2915
2916
2919
2920
2921
2922
2925
2926
2927
2928
2931
2932
2933
2934
4983
4984
4985
2937
4986
2938
2939
2940
4989
4990
4991
2943
4992
2944
2945
2946
4995
4996
4997
2949
4998
2950
2951
2952
5001
5002
5003
2955
5004
2956
2957
2958
5007
5008
5009
2961
5010
2962
2963
2964
5013
5014
5015
5016
5019
5020
5021
5022
5025
5026
5027
5028
5031
5032
5033
5034
5037
5038
5039
5040
5043
5044
5045
5046
5049
5050
5051
5052
5055
5056
5057
5058
5061
5062
5063
5064
5067
5068
5069
5070
5073
5074
5075
5076
5079
5080
5081
5082
3039
3040
3041
3042
3045
3046
3047
3048
3051
3052
3053
3054
3057
3058
3059
3060
3063
3064
3065
3066
3069
3070
3071
3072
3075
3076
3077
3078
3081
3082
3083
3084
3087
3088
3089
3090
3093
3094
3095
3096
3099
3100
3101
3102
3105
3106
3107
3108
3111
3112
3113
3114
3117
3118
3119
3120
3123
3124
3125
3126
5175
5176
5177
3129
5178
3130
3131
3132
5181
5182
5183
3135
5184
3136
3137
3138
5187
5188
5189
5190
5193
5194
5195
5196
5199
5200
5201
5202
5205
5206
5207
5208
5211
5212
5213
5214
5217
5218
5219
5220
5223
5224
5225
5226
5229
5230
5231
5232
5235
5236
5237
5238
5241
5242
5243
5244
5247
5248
5249
5250
5253
5254
5255
5256
5259
5260
5261
3213
5262
3214
3215
3216
5265
5266
5267
3219
5268
3220
3221
3222
5271
5272
5273
3225
5274
3226
3227
3228
3231
3232
3233
3234
3237
3238
3239
3240
3243
3244
3245
3246
3249
3250
3251
3252
3255
3256
3257
3258
3261
3262
3263
3264
3267
3268
3269
3270
3273
3274
3275
3276
3279
3280
3281
3282
3285
3286
3287
3288
3291
3292
3293
3294
3297
3298
3299
3300
3303
3304
3305
3306
3309
3310
3311
3312
5367
5368
5369
5370
5373
5374
5375
5376
5379
5380
5381
5382
5385
5386
5387
5388
5391
5392
5393
5394
1299
1300
5397
1301
5398
1302
5399
5400
1305
1306
5403
1307
5404
1308
5405
5406
1311
1312
5409
1313
5410
1314
5411
5412
1317
1318
5415
1319
5416
1320
5417
5418
1323
1324
5421
1325
5422
1326
5423
5424
1329
1330
5427
1331
5428
1332
5429
5430
1335
1336
5433
1337
5434
1338
5435
3387
5436
3388
1341
3389
1342
3390
5439
1343
5440
1344
5441
3393
5442
3394
3395
1347
3396
1348
5445
1349
5446
1350
5447
3399
5448
3400
3401
1353
3402
1354
5451
1355
5452
1356
5453
3405
5454
3406
3407
1359
3408
1360
5457
1361
5458
1362
5459
3411
5460
3412
3413
1365
3414
1366
5463
1367
5464
1368
5465
3417
5466
3418
3419
1371
3420
1372
1373
1374
3423
3424
3425
1377
3426
1378
1379
1380
3429
3430
3431
1383
3432
1384
1385
1386
3435
3436
3437
1389
3438
1390
1391
1392
3441
3442
3443
1395
3444
1396
1397
1398
3447
3448
3449
3450
3453
3454
3455
3456
3459
3460
3461
3462
3465
3466
3467
3468
3471
3472
3473
3474
3477
3478
3479
3480
3483
3484
3485
3486
1473
1474
1475
1476
1479
1480
1481
1482
1485
1486
1487
1488
1491
1492
1493
1494
1497
1498
1499
1500
1503
1504
1505
1506
1509
1510
1511
1512
3561
3562
3563
1515
3564
1516
1517
1518
3567
3568
3569
1521
3570
1522
1523
1524
3573
3574
3575
1527
3576
1528
1529
1530
3579
3580
3581
1533
3582
1534
1535
1536
3585
3586
3587
1539
3588
1540
1541
1542
3591
3592
3593
1545
3594
1546
1547
1548
3597
3598
3599
1551
3600
1552
1553
1554
3603
3604
3605
1557
3606
1558
1559
1560
3609
3610
3611
1563
3612
1564
1565
1566
3615
3616
3617
1569
3618
1570
1571
1572
3621
3622
3623
3624
3627
3628
3629
3630
3633
3634
3635
3636
3639
3640
3641
3642
3645
3646
3647
3648
3651
3652
3653
3654
3657
3658
3659
3660
1647
1648
1649
1650
1653
1654
1655
1656
1659
1660
1661
1662
1665
1666
1667
1668
1671
1672
1673
1674
1677
1678
1679
1680
1683
1684
1685
1686
3735
3736
3737
1689
3738
1690
1691
1692
3741
3742
3743
1695
3744
1696
1697
1698
3747
3748
3749
1701
3750
1702
1703
1704
3753
3754
3755
1707
3756
1708
1709
1710
3759
3760
3761
1713
3762
1714
1715
1716
3765
3766
3767
1719
3768
1720
1721
1722
3771
3772
3773
1725
3774
1726
1727
1728
3777
3778
3779
1731
3780
1732
1733
1734
3783
3784
3785
1737
3786
1738
1739
1740
3789
3790
3791
1743
3792
1744
1745
1746
3795
3796
3797
3798
3801
3802
3803
3804
3807
3808
3809
3810
3813
3814
3815
3816
3819
3820
3821
3822
3825
3826
3827
3828
3831
3832
3833
3834
1821
1822
1823
1824
1827
1828
1829
1830
1833
1834
1835
1836
1839
1840
1841
1842
1845
1846
1847
1848
1851
1852
1853
1854
1857
1858
1859
1860
3909
3910
3911
1863
3912
1864
1865
1866
3915
3916
3917
1869
3918
1870
1871
1872
3921
3922
3923
1875
3924
1876
1877
1878
3927
3928
3929
1881
3930
1882
1883
1884
3933
3934
3935
1887
3936
1888
1889
1890
3939
3940
3941
1893
3942
1894
1895
1896
3945
3946
3947
1899
3948
1900
1901
1902
3951
3952
3953
1905
3954
1906
1907
1908
3957
3958
3959
1911
3960
1912
1913
1914
3963
3964
3965
1917
3966
1918
1919
1920
3969
3970
3971
3972
3975
3976
3977
3978
3981
3982
3983
3984
3987
3988
3989
3990
3993
3994
3995
3996
3999
4000
4001
4002
4005
4006
4007
4008
1995
1996
1997
1998
2001
2002
2003
2004
2007
2008
2009
2010
2013
2014
2015
2016
2019
2020
2021
2022
2025
2026
2027
2028
2031
2032
2033
2034
4083
4084
4085
2037
4086
2038
2039
2040
4089
4090
4091
2043
4092
2044
2045
2046
4095
)


// ************************************************************************* //
