/*--------------------------------*- C++ -*----------------------------------*\
| =========                 |                                                 |
| \\      /  F ield         | OpenFOAM: The Open Source CFD Toolbox           |
|  \\    /   O peration     | Version:  2606                                  |
|   \\  /    A nd           | Website:  www.openfoam.com                      |
|    \\/     M anipulation  |                                                 |
\*---------------------------------------------------------------------------*/
FoamFile
{
    version     2.0;
    format      ascii;
    arch        "LSB;label=32;scalar=64";
    class       cellSet;
    location    "constant/Trenton_3U_BAM_2/polyMesh/sets";
    object      Expansion_card_bank_8;
}
// * * * * * * * * * * * * * * * * * * * * * * * * * * * * * * * * * * * * * //


2280
(
8192
8193
8194
8195
8196
8197
8198
8201
8202
8203
8204
8205
8206
8207
8208
8211
8212
8213
8214
8215
8216
8217
8218
8221
8222
8223
8224
8225
8226
8227
8228
8317
8318
8319
8320
8321
8322
8323
8324
8327
8328
8329
8330
8331
8332
8333
8334
8337
8338
8339
8340
8341
8342
8343
8344
8347
8348
8349
8350
8351
8352
8353
8354
8357
8358
8359
8360
8361
8362
8363
8364
8367
8368
8369
8370
8371
8372
8373
8374
8377
8378
8379
8380
8381
8382
8383
8384
8387
8388
8389
8390
8391
8392
8393
8394
8397
8398
8399
8400
8401
8402
8403
8404
8407
8408
8409
8410
8411
8412
8413
8414
8417
8418
8419
8420
8421
8422
8423
8424
8427
8428
8429
8430
8431
8432
8433
8434
8437
8438
8439
8440
8441
8442
8443
8444
8447
8448
8449
8450
8451
8452
8453
8454
8457
8458
8459
8460
8461
8462
8463
8464
8467
8468
8469
8470
8471
8472
8473
8474
8477
8478
8479
8480
8481
8482
8483
8484
8487
8488
8489
8490
8491
8492
8493
8494
8497
8498
8499
8500
8501
8502
8503
8504
8593
8594
8595
8596
8597
8598
8599
8600
8603
8604
8605
8606
8607
8608
8609
8610
8613
8614
8615
8616
8617
8618
8619
8620
8623
8624
8625
8626
8627
8628
8629
8630
8633
8634
8635
8636
8637
8638
8639
8640
8643
8644
8645
8646
8647
8648
8649
8650
8653
8654
8655
8656
8657
8658
8659
8660
8663
8664
8665
8666
8667
8668
8669
8670
8673
8674
8675
8676
8677
8678
8679
8680
8683
8684
8685
8686
8687
8688
8689
8690
8693
8694
8695
8696
8697
8698
8699
8700
8703
8704
8705
8706
8707
8708
8709
8710
8713
8714
8715
8716
8717
8718
8719
8720
8723
8724
8725
8726
8727
8728
8729
8730
8733
8734
8735
8736
8737
8738
8739
8740
8743
8744
8745
8746
8747
8748
8749
8750
8753
8754
8755
8756
8757
8758
8759
8760
8763
8764
8765
8766
8767
8768
8769
8770
8773
8774
8775
8776
8777
8778
8779
8780
8869
8870
8871
8872
8873
8874
8875
8876
8879
8880
8881
8882
8883
8884
8885
8886
8889
8890
8891
8892
8893
8894
8895
8896
8899
8900
8901
8902
8903
8904
8905
8906
8909
8910
8911
8912
8913
8914
8915
8916
8919
8920
8921
8922
8923
8924
8925
8926
8929
8930
8931
8932
8933
8934
8935
8936
8939
8940
8941
8942
8943
8944
8945
8946
8949
8950
8951
8952
8953
8954
8955
8956
8959
8960
8961
8962
8963
8964
8965
8966
8969
8970
8971
8972
8973
8974
8975
8976
8979
8980
8981
8982
8983
8984
8985
8986
8989
8990
8991
8992
8993
8994
8995
8996
8999
9000
9001
9002
9003
9004
9005
9006
9009
9010
9011
9012
9013
9014
9015
9016
9019
9020
9021
9022
9023
9024
9025
9026
9029
9030
9031
9032
9033
9034
9035
9036
9039
9040
9041
9042
9043
9044
9045
9046
9049
9050
9051
9052
9053
9054
9055
9056
9145
9146
9147
9148
9149
9150
9151
9152
9155
9156
9157
9158
9159
9160
9161
9162
9165
9166
9167
9168
9169
9170
9171
9172
9175
9176
9177
9178
9179
9180
9181
9182
9185
9186
9187
9188
9189
9190
9191
9192
9195
9196
9197
9198
9199
9200
9201
9202
9205
9206
9207
9208
9209
9210
9211
9212
9215
9216
9217
9218
9219
9220
9221
9222
9225
9226
9227
9228
9229
9230
9231
9232
9235
9236
9237
9238
9239
9240
9241
9242
9245
9246
9247
9248
9249
9250
9251
9252
9255
9256
9257
9258
9259
9260
9261
9262
9265
9266
9267
9268
9269
9270
9271
9272
9275
9276
9277
9278
9279
9280
9281
9282
9285
9286
9287
9288
9289
9290
9291
9292
9295
9296
9297
9298
9299
9300
9301
9302
9305
9306
9307
9308
9309
9310
9311
9312
9315
9316
9317
9318
9319
9320
9321
9322
9325
9326
9327
9328
9329
9330
9331
9332
9421
9422
9423
9424
9425
9426
9427
9428
9431
9432
9433
9434
9435
9436
9437
9438
9441
9442
9443
9444
9445
9446
9447
9448
9451
9452
9453
9454
9455
9456
9457
9458
9461
9462
9463
9464
9465
9466
9467
9468
9471
9472
9473
9474
9475
9476
9477
9478
9481
9482
9483
9484
9485
9486
9487
9488
9491
9492
9493
9494
9495
9496
9497
9498
9501
9502
9503
9504
9505
9506
9507
9508
9511
9512
9513
9514
9515
9516
9517
9518
9521
9522
9523
9524
9525
9526
9527
9528
9531
9532
9533
9534
9535
9536
9537
9538
9541
9542
9543
9544
9545
9546
9547
9548
9551
9552
9553
9554
9555
9556
9557
9558
9561
9562
9563
9564
9565
9566
9567
9568
9571
9572
9573
9574
9575
9576
9577
9578
9581
9582
9583
9584
9585
9586
9587
9588
9591
9592
9593
9594
9595
9596
9597
9598
9601
9602
9603
9604
9605
9606
9607
9608
5557
5558
5559
5560
5561
5562
5563
5564
5567
5568
5569
5570
5571
5572
5573
5574
5577
5578
5579
5580
5581
5582
5583
5584
5587
5588
5589
5590
5591
5592
5593
5594
5597
5598
5599
5600
5601
5602
5603
5604
5607
5608
5609
5610
5611
5612
5613
5614
5617
5618
5619
5620
5621
5622
5623
5624
5627
5628
5629
5630
5631
5632
5633
5634
5637
5638
5639
5640
5641
5642
5643
5644
5647
5648
5649
5650
5651
5652
5653
5654
5657
5658
5659
5660
5661
5662
5663
5664
5667
5668
5669
5670
5671
5672
5673
5674
5677
5678
5679
5680
5681
5682
5683
5684
5687
5688
5689
5690
5691
5692
5693
5694
5697
5698
5699
5700
5701
5702
5703
5704
5707
5708
5709
5710
5711
5712
5713
5714
5717
5718
5719
5720
5721
5722
5723
5724
5727
5728
5729
5730
5731
5732
5733
5734
5737
5738
5739
5740
5741
5742
5743
5744
5833
5834
5835
5836
5837
5838
5839
5840
5843
5844
5845
5846
5847
5848
5849
5850
5853
5854
5855
5856
5857
5858
5859
5860
5863
5864
5865
5866
5867
5868
5869
5870
5873
5874
5875
5876
5877
5878
5879
5880
5883
5884
5885
5886
5887
5888
5889
5890
5893
5894
5895
5896
5897
5898
5899
5900
5903
5904
5905
5906
5907
5908
5909
5910
5913
5914
5915
5916
5917
5918
5919
5920
5923
5924
5925
5926
5927
5928
5929
5930
5933
5934
5935
5936
5937
5938
5939
5940
5943
5944
5945
5946
5947
5948
5949
5950
5953
5954
5955
5956
5957
5958
5959
5960
5963
5964
5965
5966
5967
5968
5969
5970
5973
5974
5975
5976
5977
5978
5979
5980
5983
5984
5985
5986
5987
5988
5989
5990
5993
5994
5995
5996
5997
5998
5999
6000
6003
6004
6005
6006
6007
6008
6009
6010
6013
6014
6015
6016
6017
6018
6019
6020
6109
6110
6111
6112
6113
6114
6115
6116
6119
6120
6121
6122
6123
6124
6125
6126
6129
6130
6131
6132
6133
6134
6135
6136
6139
6140
6141
6142
6143
6144
6145
6146
6149
6150
6151
6152
6153
6154
6155
6156
6159
6160
6161
6162
6163
6164
6165
6166
6169
6170
6171
6172
6173
6174
6175
6176
6179
6180
6181
6182
6183
6184
6185
6186
6189
6190
6191
6192
6193
6194
6195
6196
6199
6200
6201
6202
6203
6204
6205
6206
6209
6210
6211
6212
6213
6214
6215
6216
6219
6220
6221
6222
6223
6224
6225
6226
6229
6230
6231
6232
6233
6234
6235
6236
6239
6240
6241
6242
6243
6244
6245
6246
6249
6250
6251
6252
6253
6254
6255
6256
6259
6260
6261
6262
6263
6264
6265
6266
6269
6270
6271
6272
6273
6274
6275
6276
6279
6280
6281
6282
6283
6284
6285
6286
6289
6290
6291
6292
6293
6294
6295
6296
6385
6386
6387
6388
6389
6390
6391
6392
6395
6396
6397
6398
6399
6400
6401
6402
6405
6406
6407
6408
6409
6410
6411
6412
6415
6416
6417
6418
6419
6420
6421
6422
6425
6426
6427
6428
6429
6430
6431
6432
6435
6436
6437
6438
6439
6440
6441
6442
6445
6446
6447
6448
6449
6450
6451
6452
6455
6456
6457
6458
6459
6460
6461
6462
6465
6466
6467
6468
6469
6470
6471
6472
6475
6476
6477
6478
6479
6480
6481
6482
6485
6486
6487
6488
6489
6490
6491
6492
6495
6496
6497
6498
6499
6500
6501
6502
6505
6506
6507
6508
6509
6510
6511
6512
6515
6516
6517
6518
6519
6520
6521
6522
6525
6526
6527
6528
6529
6530
6531
6532
6535
6536
6537
6538
6539
6540
6541
6542
6545
6546
6547
6548
6549
6550
6551
6552
6555
6556
6557
6558
6559
6560
6561
6562
6565
6566
6567
6568
6569
6570
6571
6572
6661
6662
6663
6664
6665
6666
6667
6668
6671
6672
6673
6674
6675
6676
6677
6678
6681
6682
6683
6684
6685
6686
6687
6688
6691
6692
6693
6694
6695
6696
6697
6698
6701
6702
6703
6704
6705
6706
6707
6708
6711
6712
6713
6714
6715
6716
6717
6718
6721
6722
6723
6724
6725
6726
6727
6728
6731
6732
6733
6734
6735
6736
6737
6738
6741
6742
6743
6744
6745
6746
6747
6748
6751
6752
6753
6754
6755
6756
6757
6758
6761
6762
6763
6764
6765
6766
6767
6768
6771
6772
6773
6774
6775
6776
6777
6778
6781
6782
6783
6784
6785
6786
6787
6788
6791
6792
6793
6794
6795
6796
6797
6798
6801
6802
6803
6804
6805
6806
6807
6808
6811
6812
6813
6814
6815
6816
6817
6818
6821
6822
6823
6824
6825
6826
6827
6828
6831
6832
6833
6834
6835
6836
6837
6838
6841
6842
6843
6844
6845
6846
6847
6848
6937
6938
6939
6940
6941
6942
6943
6944
6947
6948
6949
6950
6951
6952
6953
6954
6957
6958
6959
6960
6961
6962
6963
6964
6967
6968
6969
6970
6971
6972
6973
6974
6977
6978
6979
6980
6981
6982
6983
6984
6987
6988
6989
6990
6991
6992
6993
6994
6997
6998
6999
7000
7001
7002
7003
7004
7007
7008
7009
7010
7011
7012
7013
7014
7017
7018
7019
7020
7021
7022
7023
7024
7027
7028
7029
7030
7031
7032
7033
7034
7037
7038
7039
7040
7041
7042
7043
7044
7047
7048
7049
7050
7051
7052
7053
7054
7057
7058
7059
7060
7061
7062
7063
7064
7067
7068
7069
7070
7071
7072
7073
7074
7077
7078
7079
7080
7081
7082
7083
7084
7087
7088
7089
7090
7091
7092
7093
7094
7097
7098
7099
7100
7101
7102
7103
7104
7107
7108
7109
7110
7111
7112
7113
7114
7117
7118
7119
7120
7121
7122
7123
7124
7213
7214
7215
7216
7217
7218
7219
7220
7223
7224
7225
7226
7227
7228
7229
7230
7233
7234
7235
7236
7237
7238
7239
7240
7243
7244
7245
7246
7247
7248
7249
7250
7253
7254
7255
7256
7257
7258
7259
7260
7263
7264
7265
7266
7267
7268
7269
7270
7273
7274
7275
7276
7277
7278
7279
7280
7283
7284
7285
7286
7287
7288
7289
7290
7293
7294
7295
7296
7297
7298
7299
7300
7303
7304
7305
7306
7307
7308
7309
7310
7313
7314
7315
7316
7317
7318
7319
7320
7323
7324
7325
7326
7327
7328
7329
7330
7333
7334
7335
7336
7337
7338
7339
7340
7343
7344
7345
7346
7347
7348
7349
7350
7353
7354
7355
7356
7357
7358
7359
7360
7363
7364
7365
7366
7367
7368
7369
7370
7373
7374
7375
7376
7377
7378
7379
7380
7383
7384
7385
7386
7387
7388
7389
7390
7393
7394
7395
7396
7397
7398
7399
7400
7489
7490
7491
7492
7493
7494
7495
7496
7499
7500
7501
7502
7503
7504
7505
7506
7509
7510
7511
7512
7513
7514
7515
7516
7519
7520
7521
7522
7523
7524
7525
7526
7529
7530
7531
7532
7533
7534
7535
7536
7539
7540
7541
7542
7543
7544
7545
7546
7549
7550
7551
7552
7553
7554
7555
7556
7559
7560
7561
7562
7563
7564
7565
7566
7569
7570
7571
7572
7573
7574
7575
7576
7579
7580
7581
7582
7583
7584
7585
7586
7589
7590
7591
7592
7593
7594
7595
7596
7599
7600
7601
7602
7603
7604
7605
7606
7609
7610
7611
7612
7613
7614
7615
7616
7619
7620
7621
7622
7623
7624
7625
7626
7629
7630
7631
7632
7633
7634
7635
7636
7639
7640
7641
7642
7643
7644
7645
7646
7649
7650
7651
7652
7653
7654
7655
7656
7659
7660
7661
7662
7663
7664
7665
7666
7669
7670
7671
7672
7673
7674
7675
7676
7765
7766
7767
7768
7769
7770
7771
7772
7775
7776
7777
7778
7779
7780
7781
7782
7785
7786
7787
7788
7789
7790
7791
7792
7795
7796
7797
7798
7799
7800
7801
7802
7805
7806
7807
7808
7809
7810
7811
7812
7815
7816
7817
7818
7819
7820
7821
7822
7825
7826
7827
7828
7829
7830
7831
7832
7835
7836
7837
7838
7839
7840
7841
7842
7845
7846
7847
7848
7849
7850
7851
7852
7855
7856
7857
7858
7859
7860
7861
7862
7865
7866
7867
7868
7869
7870
7871
7872
7875
7876
7877
7878
7879
7880
7881
7882
7885
7886
7887
7888
7889
7890
7891
7892
7895
7896
7897
7898
7899
7900
7901
7902
7905
7906
7907
7908
7909
7910
7911
7912
7915
7916
7917
7918
7919
7920
7921
7922
7925
7926
7927
7928
7929
7930
7931
7932
7935
7936
7937
7938
7939
7940
7941
7942
7945
7946
7947
7948
7949
7950
7951
7952
8041
8042
8043
8044
8045
8046
8047
8048
8051
8052
8053
8054
8055
8056
8057
8058
8061
8062
8063
8064
8065
8066
8067
8068
8071
8072
8073
8074
8075
8076
8077
8078
8081
8082
8083
8084
8085
8086
8087
8088
8091
8092
8093
8094
8095
8096
8097
8098
8101
8102
8103
8104
8105
8106
8107
8108
8111
8112
8113
8114
8115
8116
8117
8118
8121
8122
8123
8124
8125
8126
8127
8128
8131
8132
8133
8134
8135
8136
8137
8138
8141
8142
8143
8144
8145
8146
8147
8148
8151
8152
8153
8154
8155
8156
8157
8158
8161
8162
8163
8164
8165
8166
8167
8168
8171
8172
8173
8174
8175
8176
8177
8178
8181
8182
8183
8184
8185
8186
8187
8188
8191
)


// ************************************************************************* //
