/*--------------------------------*- C++ -*----------------------------------*\
| =========                 |                                                 |
| \\      /  F ield         | OpenFOAM: The Open Source CFD Toolbox           |
|  \\    /   O peration     | Version:  2606                                  |
|   \\  /    A nd           | Website:  www.openfoam.com                      |
|    \\/     M anipulation  |                                                 |
\*---------------------------------------------------------------------------*/
FoamFile
{
    version     2.0;
    format      ascii;
    arch        "LSB;label=32;scalar=64";
    class       cellSet;
    location    "constant/Trenton_3U_BAM_2/polyMesh/sets";
    object      multiZoneCells;
}
// * * * * * * * * * * * * * * * * * * * * * * * * * * * * * * * * * * * * * //


5274
(
8192
8193
8194
8195
8196
8197
8198
8201
8202
8203
8204
8205
8206
8207
8208
8211
8212
8213
8214
8215
8216
8217
8218
8221
8222
8223
8224
8225
8226
8227
8228
8233
8234
8235
8236
8237
8238
8241
8242
8243
8244
8245
8246
8249
8250
8251
8252
8253
8254
8257
8258
8259
8260
8261
8262
8265
8266
8267
8268
8269
8270
8273
8274
8275
8276
8277
8278
8281
8282
8283
8284
8285
8286
8317
8318
8319
8320
8321
8322
8323
8324
8327
8328
8329
8330
8331
8332
8333
8334
8337
8338
8339
8340
8341
8342
8343
8344
8347
8348
8349
8350
8351
8352
8353
8354
8357
8358
8359
8360
8361
8362
8363
8364
8367
8368
8369
8370
8371
8372
8373
8374
8377
8378
8379
8380
8381
8382
8383
8384
8387
8388
8389
8390
8391
8392
8393
8394
8397
8398
8399
8400
8401
8402
8403
8404
8407
8408
8409
8410
8411
8412
8413
8414
8417
8418
8419
8420
8421
8422
8423
8424
8427
8428
8429
8430
8431
8432
8433
8434
8437
8438
8439
8440
8441
8442
8443
8444
8447
8448
8449
8450
8451
8452
8453
8454
8457
8458
8459
8460
8461
8462
8463
8464
8467
8468
8469
8470
8471
8472
8473
8474
8477
8478
8479
8480
8481
8482
8483
8484
8487
8488
8489
8490
8491
8492
8493
8494
8497
8498
8499
8500
8501
8502
8503
8504
8509
8510
8511
8512
8513
8514
8517
8518
8519
8520
8521
8522
8525
8526
8527
8528
8529
8530
8533
8534
8535
8536
8537
8538
8541
8542
8543
8544
8545
8546
8549
8550
8551
8552
8553
8554
8557
8558
8559
8560
8561
8562
8593
8594
8595
8596
8597
8598
8599
8600
8603
8604
8605
8606
8607
8608
8609
8610
8613
8614
8615
8616
8617
8618
8619
8620
8623
8624
8625
8626
8627
8628
8629
8630
8633
8634
8635
8636
8637
8638
8639
8640
8643
8644
8645
8646
8647
8648
8649
8650
8653
8654
8655
8656
8657
8658
8659
8660
8663
8664
8665
8666
8667
8668
8669
8670
8673
8674
8675
8676
8677
8678
8679
8680
8683
8684
8685
8686
8687
8688
8689
8690
8693
8694
8695
8696
8697
8698
8699
8700
8703
8704
8705
8706
8707
8708
8709
8710
8713
8714
8715
8716
8717
8718
8719
8720
8723
8724
8725
8726
8727
8728
8729
8730
8733
8734
8735
8736
8737
8738
8739
8740
8743
8744
8745
8746
8747
8748
8749
8750
8753
8754
8755
8756
8757
8758
8759
8760
8763
8764
8765
8766
8767
8768
8769
8770
8773
8774
8775
8776
8777
8778
8779
8780
8785
8786
8787
8788
8789
8790
8793
8794
8795
8796
8797
8798
8801
8802
8803
8804
8805
8806
8809
8810
8811
8812
8813
8814
8817
8818
8819
8820
8821
8822
8825
8826
8827
8828
8829
8830
8833
8834
8835
8836
8837
8838
8869
8870
8871
8872
8873
8874
8875
8876
8879
8880
8881
8882
8883
8884
8885
8886
8889
8890
8891
8892
8893
8894
8895
8896
8899
8900
8901
8902
8903
8904
8905
8906
8909
8910
8911
8912
8913
8914
8915
8916
8919
8920
8921
8922
8923
8924
8925
8926
8929
8930
8931
8932
8933
8934
8935
8936
8939
8940
8941
8942
8943
8944
8945
8946
8949
8950
8951
8952
8953
8954
8955
8956
8959
8960
8961
8962
8963
8964
8965
8966
8969
8970
8971
8972
8973
8974
8975
8976
8979
8980
8981
8982
8983
8984
8985
8986
8989
8990
8991
8992
8993
8994
8995
8996
8999
9000
9001
9002
9003
9004
9005
9006
9009
9010
9011
9012
9013
9014
9015
9016
9019
9020
9021
9022
9023
9024
9025
9026
9029
9030
9031
9032
9033
9034
9035
9036
9039
9040
9041
9042
9043
9044
9045
9046
9049
9050
9051
9052
9053
9054
9055
9056
9061
9062
9063
9064
9065
9066
9069
9070
9071
9072
9073
9074
9077
9078
9079
9080
9081
9082
9085
9086
9087
9088
9089
9090
9093
9094
9095
9096
9097
9098
9101
9102
9103
9104
9105
9106
9109
9110
9111
9112
9113
9114
9145
9146
9147
9148
9149
9150
9151
9152
9155
9156
9157
9158
9159
9160
9161
9162
9165
9166
9167
9168
9169
9170
9171
9172
9175
9176
9177
9178
9179
9180
9181
9182
9185
9186
9187
9188
9189
9190
9191
9192
9195
9196
9197
9198
9199
9200
9201
9202
9205
9206
9207
9208
9209
9210
9211
1019
9212
1020
1021
1022
9215
9216
9217
1025
9218
1026
9219
1027
9220
1028
9221
9222
1031
1032
9225
1033
9226
1034
9227
9228
9229
1037
9230
1038
9231
1039
9232
1040
9235
1043
9236
1044
9237
1045
9238
1046
9239
9240
9241
1049
9242
1050
1051
1052
9245
9246
9247
9248
9249
9250
9251
9252
9255
9256
9257
9258
9259
9260
9261
9262
9265
9266
9267
9268
9269
9270
9271
9272
9275
9276
9277
9278
9279
9280
9281
9282
9285
9286
9287
9288
9289
9290
9291
9292
9295
9296
9297
9298
9299
9300
9301
9302
9305
9306
9307
9308
9309
9310
9311
9312
9315
9316
9317
1125
9318
1126
9319
1127
9320
1128
9321
9322
1131
1132
9325
1133
9326
1134
9327
9328
9329
1137
9330
1138
9331
1139
9332
1140
1143
1144
9337
1145
9338
1146
9339
9340
9341
1149
9342
1150
1151
1152
9345
9346
9347
1155
9348
1156
9349
1157
9350
1158
9353
9354
9355
9356
9357
9358
9361
9362
9363
9364
9365
9366
9369
9370
9371
9372
9373
9374
9377
9378
9379
9380
9381
9382
9385
9386
9387
9388
9389
9390
9421
9422
9423
1231
9424
1232
9425
1233
9426
1234
9427
9428
1237
1238
9431
1239
9432
1240
9433
9434
9435
1243
9436
1244
9437
1245
9438
1246
9441
1249
9442
1250
9443
1251
9444
1252
9445
9446
9447
1255
9448
1256
1257
1258
9451
9452
9453
1261
9454
1262
9455
1263
9456
1264
9457
9458
9461
9462
9463
9464
9465
9466
9467
9468
9471
9472
9473
9474
9475
9476
9477
9478
9481
9482
9483
9484
9485
9486
9487
9488
9491
1299
9492
1300
9493
1301
9494
1302
9495
9496
9497
1305
9498
1306
1307
1308
9501
9502
9503
1311
9504
1312
9505
1313
9506
1314
9507
9508
1317
1318
9511
1319
9512
1320
9513
9514
9515
1323
9516
1324
9517
1325
9518
1326
9521
1329
9522
1330
9523
1331
9524
1332
9525
9526
9527
1335
9528
1336
1337
1338
9531
9532
9533
1341
9534
1342
9535
1343
9536
1344
9537
9538
1347
1348
9541
1349
9542
1350
9543
9544
9545
1353
9546
1354
9547
1355
9548
1356
9551
1359
9552
1360
9553
1361
9554
1362
9555
9556
9557
1365
9558
1366
1367
1368
9561
9562
9563
1371
9564
1372
9565
1373
9566
1374
9567
9568
1377
1378
9571
1379
9572
1380
9573
9574
9575
1383
9576
1384
9577
1385
9578
1386
9581
1389
9582
1390
9583
1391
9584
1392
9585
9586
9587
1395
9588
1396
1397
1398
9591
9592
9593
9594
9595
9596
9597
1405
9598
1406
1407
1408
9601
9602
9603
1411
9604
1412
9605
1413
9606
1414
9607
9608
1417
1418
1419
1420
9613
9614
9615
1423
9616
1424
9617
1425
9618
1426
9621
1429
9622
1430
9623
1431
9624
1432
9625
9626
1435
1436
9629
1437
9630
1438
9631
9632
9633
9634
9637
9638
9639
9640
9641
9642
9645
9646
9647
9648
9649
9650
9653
9654
9655
9656
9657
9658
9661
9662
9663
9664
9665
1473
9666
1474
1475
1476
1479
1480
1481
1482
1485
1486
1487
1488
1491
1492
1493
1494
1497
1498
1499
1500
1503
1504
1505
1506
1509
1510
1511
1512
1515
1516
1517
1518
1521
1522
1523
1524
1527
1528
1529
1530
1533
1534
1535
1536
1539
1540
1541
1542
1545
1546
1547
1548
1551
1552
1553
1554
1557
1558
1559
1560
1563
1564
1565
1566
1569
1570
1571
1572
1579
1580
1581
1582
1585
1586
1587
1588
1591
1592
1593
1594
1597
1598
1599
1600
1603
1604
1605
1606
1609
1610
1611
1612
1647
1648
1649
1650
1653
1654
1655
1656
1659
1660
1661
1662
1665
1666
1667
1668
1671
1672
1673
1674
1677
1678
1679
1680
1683
1684
1685
1686
1689
1690
1691
1692
1695
1696
1697
1698
1701
1702
1703
1704
1707
1708
1709
1710
1713
1714
1715
1716
1719
1720
1721
1722
1725
1726
1727
1728
1731
1732
1733
1734
1737
1738
1739
1740
1743
1744
1745
1746
1753
1754
1755
1756
1759
1760
1761
1762
1765
1766
1767
1768
1771
1772
1773
1774
1777
1778
1779
1780
1783
1784
1785
1786
1821
1822
1823
1824
1827
1828
1829
1830
1833
1834
1835
1836
1839
1840
1841
1842
1845
1846
1847
1848
1851
1852
1853
1854
1857
1858
1859
1860
1863
1864
1865
1866
1869
1870
1871
1872
1875
1876
1877
1878
1881
1882
1883
1884
1887
1888
1889
1890
1893
1894
1895
1896
1899
1900
1901
1902
1905
1906
1907
1908
1911
1912
1913
1914
1917
1918
1919
1920
1927
1928
1929
1930
1933
1934
1935
1936
1939
1940
1941
1942
1945
1946
1947
1948
1951
1952
1953
1954
1957
1958
1959
1960
1995
1996
1997
1998
2001
2002
2003
2004
2007
2008
2009
2010
2013
2014
2015
2016
2019
2020
2021
2022
2025
2026
2027
2028
2031
2032
2033
2034
2037
2038
2039
2040
2043
2044
2045
2046
2049
2050
2051
2052
2055
2056
2057
2058
2061
2062
2063
2064
2067
2068
2069
2070
2073
2074
2075
2076
2079
2080
2081
2082
2085
2086
2087
2088
2091
2092
2093
2094
2101
2102
2103
2104
2107
2108
2109
2110
2113
2114
2115
2116
2119
2120
2121
2122
2125
2126
2127
2128
2131
2132
2133
2134
2169
2170
2171
2172
2175
2176
2177
2178
2181
2182
2183
2184
2187
2188
2189
2190
2193
2194
2195
2196
2199
2200
2201
2202
2205
2206
2207
2208
2211
2212
2213
2214
2217
2218
2219
2220
2223
2224
2225
2226
2229
2230
2231
2232
2235
2236
2237
2238
2241
2242
2243
2244
2247
2248
2249
2250
2253
2254
2255
2256
2259
2260
2261
2262
2265
2266
2267
2268
2275
2276
2277
2278
2281
2282
2283
2284
2287
2288
2289
2290
2293
2294
2295
2296
2299
2300
2301
2302
2305
2306
2307
2308
2343
2344
2345
2346
2349
2350
2351
2352
2355
2356
2357
2358
2361
2362
2363
2364
2367
2368
2369
2370
2373
2374
2375
2376
2379
2380
2381
2382
2385
2386
2387
2388
2391
2392
2393
2394
2397
2398
2399
2400
2403
2404
2405
2406
2409
2410
2411
2412
2415
2416
2417
2418
2421
2422
2423
2424
2427
2428
2429
2430
2433
2434
2435
2436
2439
2440
2441
2442
2449
2450
2451
2452
2455
2456
2457
2458
2461
2462
2463
2464
2467
2468
2469
2470
2473
2474
2475
2476
2479
2480
2481
2482
2517
2518
2519
2520
2523
2524
2525
2526
2529
2530
2531
2532
2535
2536
2537
2538
2541
2542
2543
2544
2547
2548
2549
2550
2553
2554
2555
2556
2559
2560
2561
2562
2565
2566
2567
2568
2571
2572
2573
2574
2577
2578
2579
2580
2583
2584
2585
2586
2589
2590
2591
2592
2595
2596
2597
2598
2601
2602
2603
2604
2607
2608
2609
2610
2613
2614
2615
2616
2623
2624
2625
2626
2629
2630
2631
2632
2635
2636
2637
2638
2641
2642
2643
2644
2647
2648
2649
2650
2653
2654
2655
2656
2691
2692
2693
2694
2697
2698
2699
2700
2703
2704
2705
2706
2709
2710
2711
2712
2715
2716
2717
2718
2721
2722
2723
2724
2727
2728
2729
2730
2733
2734
2735
2736
2739
2740
2741
2742
2745
2746
2747
2748
2751
2752
2753
2754
2757
2758
2759
2760
2763
2764
2765
2766
2769
2770
2771
2772
2775
2776
2777
2778
2781
2782
2783
2784
2787
2788
2789
2790
2797
2798
2799
2800
2803
2804
2805
2806
2809
2810
2811
2812
2815
2816
2817
2818
2821
2822
2823
2824
2827
2828
2829
2830
2865
2866
2867
2868
2871
2872
2873
2874
2877
2878
2879
2880
2883
2884
2885
2886
2889
2890
2891
2892
2895
2896
2897
2898
2901
2902
2903
2904
2907
2908
2909
2910
2913
2914
2915
2916
2919
2920
2921
2922
2925
2926
2927
2928
2931
2932
2933
2934
2937
2938
2939
2940
2943
2944
2945
2946
2949
2950
2951
2952
2955
2956
2957
2958
2961
2962
2963
2964
2971
2972
2973
2974
2977
2978
2979
2980
2983
2984
2985
2986
2989
2990
2991
2992
2995
2996
2997
2998
3001
3002
3003
3004
3039
3040
3041
3042
3045
3046
3047
3048
3051
3052
3053
3054
3057
3058
3059
3060
3063
3064
3065
3066
3069
3070
3071
3072
3075
3076
3077
3078
3081
3082
3083
3084
3087
3088
3089
3090
3093
3094
3095
3096
3099
3100
3101
3102
3105
3106
3107
3108
3111
3112
3113
3114
3117
3118
3119
3120
3123
3124
3125
3126
3129
3130
3131
3132
3135
3136
3137
3138
3145
3146
3147
3148
3151
3152
3153
3154
3157
3158
3159
3160
3163
3164
3165
3166
3169
3170
3171
3172
3175
3176
3177
3178
3213
3214
3215
3216
3219
3220
3221
3222
3225
3226
3227
3228
3231
3232
3233
3234
3237
3238
3239
3240
3243
3244
3245
3246
3249
3250
3251
3252
3255
3256
3257
3258
3261
3262
3263
3264
3267
3268
3269
3270
3273
3274
3275
3276
3279
3280
3281
3282
3285
3286
3287
3288
3291
3292
3293
3294
3297
3298
3299
3300
3303
3304
3305
3306
3309
3310
3311
3312
3319
3320
3321
3322
3325
3326
3327
3328
3331
3332
3333
3334
3337
3338
3339
3340
3343
3344
3345
3346
3349
3350
3351
3352
3387
3388
3389
3390
3393
3394
3395
3396
3399
3400
3401
3402
3405
3406
3407
3408
3411
3412
3413
3414
3417
3418
3419
3420
3423
3424
3425
3426
3429
3430
3431
3432
3435
3436
3437
3438
3441
3442
3443
3444
3447
3448
3449
3450
3453
3454
3455
3456
3459
3460
3461
3462
3465
3466
3467
3468
3471
3472
3473
3474
3477
3478
3479
3480
3483
3484
3485
3486
3493
3494
3495
3496
3499
3500
3501
3502
3505
3506
3507
3508
3511
3512
3513
3514
3517
3518
3519
3520
3523
3524
3525
3526
3561
3562
3563
3564
3567
3568
3569
3570
3573
3574
3575
3576
3579
3580
3581
3582
3585
3586
3587
3588
3591
3592
3593
3594
3597
3598
3599
3600
3603
3604
3605
3606
3609
3610
3611
3612
3615
3616
3617
3618
3621
3622
3623
3624
3627
3628
3629
3630
3633
3634
3635
3636
3639
3640
3641
3642
3645
3646
3647
3648
3651
3652
3653
3654
3657
3658
3659
3660
3667
3668
3669
3670
3673
3674
3675
3676
3679
3680
3681
3682
3685
3686
3687
3688
3691
3692
3693
3694
3697
3698
3699
3700
3735
3736
3737
3738
3741
3742
3743
3744
3747
3748
3749
3750
3753
3754
3755
3756
3759
3760
3761
3762
3765
3766
3767
3768
3771
3772
3773
3774
3777
3778
3779
3780
3783
3784
3785
3786
3789
3790
3791
3792
3795
3796
3797
3798
3801
3802
3803
3804
3807
3808
3809
3810
3813
3814
3815
3816
3819
3820
3821
3822
3825
3826
3827
3828
3831
3832
3833
3834
3841
3842
3843
3844
3847
3848
3849
3850
3853
3854
3855
3856
3859
3860
3861
3862
3865
3866
3867
3868
3871
3872
3873
3874
3909
3910
3911
3912
3915
3916
3917
3918
3921
3922
3923
3924
3927
3928
3929
3930
3933
3934
3935
3936
3939
3940
3941
3942
3945
3946
3947
3948
3951
3952
3953
3954
3957
3958
3959
3960
3963
3964
3965
3966
3969
3970
3971
3972
3975
3976
3977
3978
3981
3982
3983
3984
3987
3988
3989
3990
3993
3994
3995
3996
3999
4000
4001
4002
4005
4006
4007
4008
4015
4016
4017
4018
4021
4022
4023
4024
4027
4028
4029
4030
4033
4034
4035
4036
4039
4040
4041
4042
4045
4046
4047
4048
4083
4084
4085
4086
4089
4090
4091
4092
4095
4096
4097
4098
4101
4102
4103
4104
4107
4108
4109
4110
4113
4114
4115
4116
4119
4120
4121
4122
4125
4126
4127
4128
4131
4132
4133
4134
4137
4138
4139
4140
4143
4144
4145
4146
4149
4150
4151
4152
4155
4156
4157
4158
4161
4162
4163
4164
4167
4168
4169
4170
4173
4174
4175
4176
4179
4180
4181
4182
4189
4190
4191
4192
4195
4196
4197
4198
4201
4202
4203
4204
4207
4208
4209
4210
4213
4214
4215
4216
4219
4220
4221
4222
4257
4258
4259
4260
4263
4264
4265
4266
4269
4270
4271
4272
4275
4276
4277
4278
4281
4282
4283
4284
4287
4288
4289
4290
4293
4294
4295
4296
4299
4300
4301
4302
4305
4306
4307
4308
4311
4312
4313
4314
4317
4318
4319
4320
4323
4324
4325
4326
4329
4330
4331
4332
4335
4336
4337
4338
4341
4342
4343
4344
4347
4348
4349
4350
4353
4354
4355
4356
4407
4408
4409
4410
4413
4414
4415
4416
4419
4420
4421
4422
4425
4426
4427
4428
4431
4432
4433
4434
4437
4438
4439
4440
4443
4444
4445
4446
4449
4450
4451
4452
4455
4456
4457
4458
4461
4462
4463
4464
4467
4468
4469
4470
4473
4474
4475
4476
4479
4480
4481
4482
4485
4486
4487
4488
4491
4492
4493
4494
4497
4498
4499
4500
4503
4504
4505
4506
4513
4514
4515
4516
4517
4518
4521
4522
4523
4524
4525
4526
4529
4530
4531
4532
4533
4534
4537
4538
4539
4540
4541
4542
4545
4546
4547
4548
4549
4550
4553
4554
4555
4556
4557
4558
4561
4562
4563
4564
4565
4566
4599
4600
4601
4602
4605
4606
4607
4608
4611
4612
4613
4614
4617
4618
4619
4620
4623
4624
4625
4626
4629
4630
4631
4632
4635
4636
4637
4638
4641
4642
4643
4644
4647
4648
4649
4650
4653
4654
4655
4656
4659
4660
4661
4662
4665
4666
4667
4668
4671
4672
4673
4674
4677
4678
4679
4680
4683
4684
4685
4686
4689
4690
4691
4692
4695
4696
4697
4698
4705
4706
4707
4708
4709
4710
4713
4714
4715
4716
4717
4718
4721
4722
4723
4724
4725
4726
4729
4730
4731
4732
4733
4734
4737
4738
4739
4740
4741
4742
4745
4746
4747
4748
4749
4750
4753
4754
4755
4756
4757
4758
4791
4792
4793
4794
4797
4798
4799
4800
4803
4804
4805
4806
4809
4810
4811
4812
4815
4816
4817
4818
4821
4822
4823
4824
4827
4828
4829
4830
4833
4834
4835
4836
4839
4840
4841
4842
4845
4846
4847
4848
4851
4852
4853
4854
4857
4858
4859
4860
4863
4864
4865
4866
4869
4870
4871
4872
4875
4876
4877
4878
4881
4882
4883
4884
4887
4888
4889
4890
4897
4898
4899
4900
4901
4902
4905
4906
4907
4908
4909
4910
4913
4914
4915
4916
4917
4918
4921
4922
4923
4924
4925
4926
4929
4930
4931
4932
4933
4934
4937
4938
4939
4940
4941
4942
4945
4946
4947
4948
4949
4950
4983
4984
4985
4986
4989
4990
4991
4992
4995
4996
4997
4998
5001
5002
5003
5004
5007
5008
5009
5010
5013
5014
5015
5016
5019
5020
5021
5022
5025
5026
5027
5028
5031
5032
5033
5034
5037
5038
5039
5040
5043
5044
5045
5046
5049
5050
5051
5052
5055
5056
5057
5058
5061
5062
5063
5064
5067
5068
5069
5070
5073
5074
5075
5076
5079
5080
5081
5082
5089
5090
5091
5092
5093
5094
5097
5098
5099
5100
5101
5102
5105
5106
5107
5108
5109
5110
5113
5114
5115
5116
5117
5118
5121
5122
5123
5124
5125
5126
5129
5130
5131
5132
5133
5134
5137
5138
5139
5140
5141
5142
5175
5176
5177
5178
5181
5182
5183
5184
5187
5188
5189
5190
5193
5194
5195
5196
5199
5200
5201
5202
5205
5206
5207
5208
5211
5212
5213
5214
5217
5218
5219
5220
5223
5224
5225
5226
5229
5230
5231
5232
5235
5236
5237
5238
5241
5242
5243
5244
5247
5248
5249
5250
5253
5254
5255
5256
5259
5260
5261
5262
5265
5266
5267
5268
5271
5272
5273
5274
5281
5282
5283
5284
5285
5286
5289
5290
5291
5292
5293
5294
5297
5298
5299
5300
5301
5302
5305
5306
5307
5308
5309
5310
5313
5314
5315
5316
5317
5318
5321
5322
5323
5324
5325
5326
5329
5330
5331
5332
5333
5334
5367
5368
5369
5370
5373
5374
5375
5376
5379
5380
5381
5382
5385
5386
5387
5388
5391
5392
5393
5394
5397
5398
5399
5400
5403
5404
5405
5406
5409
5410
5411
5412
5415
5416
5417
5418
5421
5422
5423
5424
5427
5428
5429
5430
5433
5434
5435
5436
5439
5440
5441
5442
5445
5446
5447
5448
5451
5452
5453
5454
5457
5458
5459
5460
5463
5464
5465
5466
5473
5474
5475
5476
5477
5478
5481
5482
5483
5484
5485
5486
5489
5490
5491
5492
5493
5494
5497
5498
5499
5500
5501
5502
5505
5506
5507
5508
5509
5510
5513
5514
5515
5516
5517
5518
5521
5522
5523
5524
5525
5526
5557
5558
5559
5560
5561
5562
5563
5564
5567
5568
5569
5570
5571
5572
5573
5574
5577
5578
5579
5580
5581
5582
5583
5584
5587
5588
5589
5590
5591
5592
5593
5594
5597
5598
5599
5600
5601
5602
5603
5604
5607
5608
5609
5610
5611
5612
5613
5614
5617
5618
5619
5620
5621
5622
5623
5624
5627
5628
5629
5630
5631
5632
5633
5634
5637
5638
5639
5640
5641
5642
5643
5644
5647
5648
5649
5650
5651
5652
5653
5654
5657
5658
5659
5660
5661
5662
5663
5664
5667
5668
5669
5670
5671
5672
5673
5674
5677
5678
5679
5680
5681
5682
5683
5684
5687
5688
5689
5690
5691
5692
5693
5694
5697
5698
5699
5700
5701
5702
5703
5704
5707
5708
5709
5710
5711
5712
5713
5714
5717
5718
5719
5720
5721
5722
5723
5724
5727
5728
5729
5730
5731
5732
5733
5734
5737
5738
5739
5740
5741
5742
5743
5744
5749
5750
5751
5752
5753
5754
5757
5758
5759
5760
5761
5762
5765
5766
5767
5768
5769
5770
5773
5774
5775
5776
5777
5778
5781
5782
5783
5784
5785
5786
5789
5790
5791
5792
5793
5794
5797
5798
5799
5800
5801
5802
5833
5834
5835
5836
5837
5838
5839
5840
5843
5844
5845
5846
5847
5848
5849
5850
5853
5854
5855
5856
5857
5858
5859
5860
5863
5864
5865
5866
5867
5868
5869
5870
5873
5874
5875
5876
5877
5878
5879
5880
5883
5884
5885
5886
5887
5888
5889
5890
5893
5894
5895
5896
5897
5898
5899
5900
5903
5904
5905
5906
5907
5908
5909
5910
5913
5914
5915
5916
5917
5918
5919
5920
5923
5924
5925
5926
5927
5928
5929
5930
5933
5934
5935
5936
5937
5938
5939
5940
5943
5944
5945
5946
5947
5948
5949
5950
5953
5954
5955
5956
5957
5958
5959
5960
5963
5964
5965
5966
5967
5968
5969
5970
5973
5974
5975
5976
5977
5978
5979
5980
5983
5984
5985
5986
5987
5988
5989
5990
5993
5994
5995
5996
5997
5998
5999
6000
6003
6004
6005
6006
6007
6008
6009
6010
6013
6014
6015
6016
6017
6018
6019
6020
6025
6026
6027
6028
6029
6030
6033
6034
6035
6036
6037
6038
6041
6042
6043
6044
6045
6046
6049
6050
6051
6052
6053
6054
6057
6058
6059
6060
6061
6062
6065
6066
6067
6068
6069
6070
6073
6074
6075
6076
6077
6078
6109
6110
6111
6112
6113
6114
6115
6116
6119
6120
6121
6122
6123
6124
6125
6126
6129
6130
6131
6132
6133
6134
6135
6136
6139
6140
6141
6142
6143
6144
6145
6146
6149
6150
6151
6152
6153
6154
6155
6156
6159
6160
6161
6162
6163
6164
6165
6166
6169
6170
6171
6172
6173
6174
6175
6176
6179
6180
6181
6182
6183
6184
6185
6186
6189
6190
6191
6192
6193
6194
6195
6196
6199
6200
6201
6202
6203
6204
6205
6206
6209
6210
6211
6212
6213
6214
6215
6216
6219
6220
6221
6222
6223
6224
6225
6226
6229
6230
6231
6232
6233
6234
6235
6236
6239
6240
6241
6242
6243
6244
6245
6246
6249
6250
6251
6252
6253
6254
6255
6256
6259
6260
6261
6262
6263
6264
6265
6266
6269
6270
6271
6272
6273
6274
6275
6276
6279
6280
6281
6282
6283
6284
6285
6286
6289
6290
6291
6292
6293
6294
6295
6296
6301
6302
6303
6304
6305
6306
6309
6310
6311
6312
6313
6314
6317
6318
6319
6320
6321
6322
6325
6326
6327
6328
6329
6330
6333
6334
6335
6336
6337
6338
6341
6342
6343
6344
6345
6346
6349
6350
6351
6352
6353
6354
6385
6386
6387
6388
6389
6390
6391
6392
6395
6396
6397
6398
6399
6400
6401
6402
6405
6406
6407
6408
6409
6410
6411
6412
6415
6416
6417
6418
6419
6420
6421
6422
6425
6426
6427
6428
6429
6430
6431
6432
6435
6436
6437
6438
6439
6440
6441
6442
6445
6446
6447
6448
6449
6450
6451
6452
6455
6456
6457
6458
6459
6460
6461
6462
6465
6466
6467
6468
6469
6470
6471
6472
6475
6476
6477
6478
6479
6480
6481
6482
6485
6486
6487
6488
6489
6490
6491
6492
6495
6496
6497
6498
6499
6500
6501
6502
6505
6506
6507
6508
6509
6510
6511
6512
6515
6516
6517
6518
6519
6520
6521
6522
6525
6526
6527
6528
6529
6530
6531
6532
6535
6536
6537
6538
6539
6540
6541
6542
6545
6546
6547
6548
6549
6550
6551
6552
6555
6556
6557
6558
6559
6560
6561
6562
6565
6566
6567
6568
6569
6570
6571
6572
6577
6578
6579
6580
6581
6582
6585
6586
6587
6588
6589
6590
6593
6594
6595
6596
6597
6598
6601
6602
6603
6604
6605
6606
6609
6610
6611
6612
6613
6614
6617
6618
6619
6620
6621
6622
6625
6626
6627
6628
6629
6630
6661
6662
6663
6664
6665
6666
6667
6668
6671
6672
6673
6674
6675
6676
6677
6678
6681
6682
6683
6684
6685
6686
6687
6688
6691
6692
6693
6694
6695
6696
6697
6698
6701
6702
6703
6704
6705
6706
6707
6708
6711
6712
6713
6714
6715
6716
6717
6718
6721
6722
6723
6724
6725
6726
6727
6728
6731
6732
6733
6734
6735
6736
6737
6738
6741
6742
6743
6744
6745
6746
6747
6748
6751
6752
6753
6754
6755
6756
6757
6758
6761
6762
6763
6764
6765
6766
6767
6768
6771
6772
6773
6774
6775
6776
6777
6778
6781
6782
6783
6784
6785
6786
6787
6788
6791
6792
6793
6794
6795
6796
6797
6798
6801
6802
6803
6804
6805
6806
6807
6808
6811
6812
6813
6814
6815
6816
6817
6818
6821
6822
6823
6824
6825
6826
6827
6828
6831
6832
6833
6834
6835
6836
6837
6838
6841
6842
6843
6844
6845
6846
6847
6848
6853
6854
6855
6856
6857
6858
6861
6862
6863
6864
6865
6866
6869
6870
6871
6872
6873
6874
6877
6878
6879
6880
6881
6882
6885
6886
6887
6888
6889
6890
6893
6894
6895
6896
6897
6898
6901
6902
6903
6904
6905
6906
6937
6938
6939
6940
6941
6942
6943
6944
6947
6948
6949
6950
6951
6952
6953
6954
6957
6958
6959
6960
6961
6962
6963
6964
6967
6968
6969
6970
6971
6972
6973
6974
6977
6978
6979
6980
6981
6982
6983
6984
6987
6988
6989
6990
6991
6992
6993
6994
6997
6998
6999
7000
7001
7002
7003
7004
7007
7008
7009
7010
7011
7012
7013
7014
7017
7018
7019
7020
7021
7022
7023
7024
7027
7028
7029
7030
7031
7032
7033
7034
7037
7038
7039
7040
7041
7042
7043
7044
7047
7048
7049
7050
7051
7052
7053
7054
7057
7058
7059
7060
7061
7062
7063
7064
7067
7068
7069
7070
7071
7072
7073
7074
7077
7078
7079
7080
7081
7082
7083
7084
7087
7088
7089
7090
7091
7092
7093
7094
7097
7098
7099
7100
7101
7102
7103
7104
7107
7108
7109
7110
7111
7112
7113
7114
7117
7118
7119
7120
7121
7122
7123
7124
7129
7130
7131
7132
7133
7134
7137
7138
7139
7140
7141
7142
7145
7146
7147
7148
7149
7150
7153
7154
7155
7156
7157
7158
7161
7162
7163
7164
7165
7166
7169
7170
7171
7172
7173
7174
7177
7178
7179
7180
7181
7182
7213
7214
7215
7216
7217
7218
7219
7220
7223
7224
7225
7226
7227
7228
7229
7230
7233
7234
7235
7236
7237
7238
7239
7240
7243
7244
7245
7246
7247
7248
7249
7250
7253
7254
7255
7256
7257
7258
7259
7260
7263
7264
7265
7266
7267
7268
7269
7270
7273
7274
7275
7276
7277
7278
7279
7280
7283
7284
7285
7286
7287
7288
7289
7290
7293
7294
7295
7296
7297
7298
7299
7300
7303
7304
7305
7306
7307
7308
7309
7310
7313
7314
7315
7316
7317
7318
7319
7320
7323
7324
7325
7326
7327
7328
7329
7330
7333
7334
7335
7336
7337
7338
7339
7340
7343
7344
7345
7346
7347
7348
7349
7350
7353
7354
7355
7356
7357
7358
7359
7360
7363
7364
7365
7366
7367
7368
7369
7370
7373
7374
7375
7376
7377
7378
7379
7380
7383
7384
7385
7386
7387
7388
7389
7390
7393
7394
7395
7396
7397
7398
7399
7400
7405
7406
7407
7408
7409
7410
7413
7414
7415
7416
7417
7418
7421
7422
7423
7424
7425
7426
7429
7430
7431
7432
7433
7434
7437
7438
7439
7440
7441
7442
7445
7446
7447
7448
7449
7450
7453
7454
7455
7456
7457
7458
7489
7490
7491
7492
7493
7494
7495
7496
7499
7500
7501
7502
7503
7504
7505
7506
7509
7510
7511
7512
7513
7514
7515
7516
7519
7520
7521
7522
7523
7524
7525
7526
7529
7530
7531
7532
7533
7534
7535
7536
7539
7540
7541
7542
7543
7544
7545
7546
7549
7550
7551
7552
7553
7554
7555
7556
7559
7560
7561
7562
7563
7564
7565
7566
7569
7570
7571
7572
7573
7574
7575
7576
7579
7580
7581
7582
7583
7584
7585
7586
7589
7590
7591
7592
7593
7594
7595
7596
7599
7600
7601
7602
7603
7604
7605
7606
7609
7610
7611
7612
7613
7614
7615
7616
7619
7620
7621
7622
7623
7624
7625
7626
7629
7630
7631
7632
7633
7634
7635
7636
7639
7640
7641
7642
7643
7644
7645
7646
7649
7650
7651
7652
7653
7654
7655
7656
7659
7660
7661
7662
7663
7664
7665
7666
7669
7670
7671
7672
7673
7674
7675
7676
7681
7682
7683
7684
7685
7686
7689
7690
7691
7692
7693
7694
7697
7698
7699
7700
7701
7702
7705
7706
7707
7708
7709
7710
7713
7714
7715
7716
7717
7718
7721
7722
7723
7724
7725
7726
7729
7730
7731
7732
7733
7734
7765
7766
7767
7768
7769
7770
7771
7772
7775
7776
7777
7778
7779
7780
7781
7782
7785
7786
7787
7788
7789
7790
7791
7792
7795
7796
7797
7798
7799
7800
7801
7802
7805
7806
7807
7808
7809
7810
7811
7812
7815
7816
7817
7818
7819
7820
7821
7822
7825
7826
7827
7828
7829
7830
7831
7832
7835
7836
7837
7838
7839
7840
7841
7842
7845
7846
7847
7848
7849
7850
7851
7852
7855
7856
7857
7858
7859
7860
7861
7862
7865
7866
7867
7868
7869
7870
7871
7872
7875
7876
7877
7878
7879
7880
7881
7882
7885
7886
7887
7888
7889
7890
7891
7892
7895
7896
7897
7898
7899
7900
7901
7902
7905
7906
7907
7908
7909
7910
7911
7912
7915
7916
7917
7918
7919
7920
7921
7922
7925
7926
7927
7928
7929
7930
7931
7932
7935
7936
7937
7938
7939
7940
7941
7942
7945
7946
7947
7948
7949
7950
7951
7952
7957
7958
7959
7960
7961
7962
7965
7966
7967
7968
7969
7970
7973
7974
7975
7976
7977
7978
7981
7982
7983
7984
7985
7986
7989
7990
7991
7992
7993
7994
7997
7998
7999
8000
8001
8002
8005
8006
8007
8008
8009
8010
8041
8042
8043
8044
8045
8046
8047
8048
8051
8052
8053
8054
8055
8056
8057
8058
8061
8062
8063
8064
8065
8066
8067
8068
8071
8072
8073
8074
8075
8076
8077
8078
8081
8082
8083
8084
8085
8086
8087
8088
8091
8092
8093
8094
8095
8096
8097
8098
8101
8102
8103
8104
8105
8106
8107
8108
8111
8112
8113
8114
8115
8116
8117
8118
8121
8122
8123
8124
8125
8126
8127
8128
8131
8132
8133
8134
8135
8136
8137
8138
8141
8142
8143
8144
8145
8146
8147
8148
8151
8152
8153
8154
8155
8156
8157
8158
8161
8162
8163
8164
8165
8166
8167
8168
8171
8172
8173
8174
8175
8176
8177
8178
8181
8182
8183
8184
8185
8186
8187
8188
8191
)


// ************************************************************************* //
