/*--------------------------------*- C++ -*----------------------------------*\
| =========                 |                                                 |
| \\      /  F ield         | OpenFOAM: The Open Source CFD Toolbox           |
|  \\    /   O peration     | Version:  2606                                  |
|   \\  /    A nd           | Website:  www.openfoam.com                      |
|    \\/     M anipulation  |                                                 |
\*---------------------------------------------------------------------------*/
FoamFile
{
    version     2.0;
    format      ascii;
    arch        "LSB;label=32;scalar=64";
    class       cellSet;
    location    "constant/Trenton_3U_BAM_2/polyMesh/sets";
    object      Power_supply_10;
}
// * * * * * * * * * * * * * * * * * * * * * * * * * * * * * * * * * * * * * //


882
(
8233
8234
8235
8236
8237
8238
8241
8242
8243
8244
8245
8246
8249
8250
8251
8252
8253
8254
8257
8258
8259
8260
8261
8262
8265
8266
8267
8268
8269
8270
8273
8274
8275
8276
8277
8278
8281
8282
8283
8284
8285
8286
6301
6302
6303
6304
6305
6306
6309
6310
6311
6312
6313
6314
6317
6318
6319
6320
6321
6322
6325
6326
6327
6328
6329
6330
6333
6334
6335
6336
6337
6338
6341
6342
6343
6344
6345
6346
6349
6350
6351
6352
6353
6354
8509
8510
8511
8512
8513
8514
8517
8518
8519
8520
8521
8522
8525
8526
8527
8528
8529
8530
8533
8534
8535
8536
8537
8538
8541
8542
8543
8544
8545
8546
8549
8550
8551
8552
8553
8554
8557
8558
8559
8560
8561
8562
4513
4514
4515
4516
4517
4518
4521
4522
4523
4524
4525
4526
6577
4529
6578
4530
6579
4531
6580
4532
6581
4533
6582
4534
6585
4537
6586
4538
6587
4539
6588
4540
6589
4541
6590
4542
6593
4545
6594
4546
6595
4547
6596
4548
6597
4549
6598
4550
6601
4553
6602
4554
6603
4555
6604
4556
6605
4557
6606
4558
6609
4561
6610
4562
6611
4563
6612
4564
6613
4565
6614
4566
6617
6618
6619
6620
6621
6622
6625
6626
6627
6628
6629
6630
8785
8786
8787
8788
8789
8790
8793
8794
8795
8796
8797
8798
4705
8801
4706
8802
4707
8803
4708
8804
4709
8805
4710
8806
4713
8809
4714
8810
4715
8811
4716
8812
4717
8813
4718
8814
4721
8817
4722
8818
4723
8819
4724
8820
4725
8821
4726
8822
4729
8825
4730
8826
4731
8827
4732
8828
4733
8829
4734
8830
4737
8833
4738
8834
4739
8835
4740
8836
4741
8837
4742
8838
4745
4746
4747
4748
4749
4750
4753
4754
4755
4756
4757
4758
6853
6854
6855
6856
6857
6858
6861
6862
6863
6864
6865
6866
6869
6870
6871
6872
6873
6874
6877
6878
6879
6880
6881
6882
6885
6886
6887
6888
6889
6890
6893
6894
6895
6896
6897
6898
6901
6902
6903
6904
6905
6906
4897
4898
4899
4900
4901
4902
4905
4906
4907
4908
4909
4910
4913
4914
4915
4916
4917
4918
4921
4922
4923
4924
4925
4926
4929
4930
4931
4932
4933
4934
4937
4938
4939
4940
4941
4942
4945
4946
4947
4948
4949
4950
9061
9062
9063
9064
9065
9066
9069
9070
9071
9072
9073
9074
9077
9078
9079
9080
9081
9082
9085
9086
9087
9088
9089
9090
9093
9094
9095
9096
9097
9098
9101
9102
9103
9104
9105
9106
9109
9110
9111
9112
9113
9114
7129
7130
7131
7132
7133
7134
5089
7137
5090
7138
5091
7139
5092
7140
5093
7141
5094
7142
5097
7145
5098
7146
5099
7147
5100
7148
5101
7149
5102
7150
5105
7153
5106
7154
5107
7155
5108
7156
5109
7157
5110
7158
5113
7161
5114
7162
5115
7163
5116
7164
5117
7165
5118
7166
5121
7169
5122
7170
5123
7171
5124
7172
5125
7173
5126
7174
5129
7177
5130
7178
5131
7179
5132
7180
5133
7181
5134
7182
5137
5138
5139
5140
5141
5142
9337
9338
9339
9340
9341
9342
9345
9346
9347
9348
9349
9350
9353
9354
9355
9356
9357
9358
9361
9362
9363
9364
9365
9366
9369
9370
9371
9372
9373
9374
9377
5281
9378
5282
9379
5283
9380
5284
9381
5285
9382
5286
9385
5289
9386
5290
9387
5291
9388
5292
9389
5293
9390
5294
5297
5298
5299
5300
5301
5302
5305
5306
5307
5308
5309
5310
5313
5314
5315
5316
5317
5318
5321
5322
5323
5324
5325
5326
5329
5330
5331
5332
5333
5334
7405
7406
7407
7408
7409
7410
7413
7414
7415
7416
7417
7418
7421
7422
7423
7424
7425
7426
7429
7430
7431
7432
7433
7434
7437
7438
7439
7440
7441
7442
7445
7446
7447
7448
7449
7450
7453
7454
7455
7456
7457
7458
5473
5474
5475
5476
5477
5478
5481
5482
5483
5484
5485
5486
5489
5490
5491
5492
5493
5494
5497
5498
5499
5500
5501
5502
5505
5506
5507
5508
5509
5510
5513
5514
5515
5516
9613
5517
9614
5518
9615
9616
9617
5521
9618
5522
5523
5524
9621
5525
9622
5526
9623
9624
9625
9626
9629
9630
9631
9632
9633
9634
9637
9638
9639
9640
9641
9642
9645
9646
9647
9648
9649
9650
9653
9654
9655
9656
9657
9658
9661
9662
9663
9664
9665
9666
7681
7682
7683
7684
7685
7686
7689
7690
7691
7692
7693
7694
7697
7698
7699
7700
7701
7702
7705
7706
7707
7708
7709
7710
7713
7714
7715
7716
7717
7718
7721
7722
7723
7724
7725
7726
7729
7730
7731
7732
7733
7734
5749
5750
5751
5752
5753
5754
5757
5758
5759
5760
5761
5762
5765
5766
5767
5768
5769
5770
5773
5774
5775
5776
5777
5778
5781
5782
5783
5784
5785
5786
5789
5790
5791
5792
5793
5794
5797
5798
5799
5800
5801
5802
7957
7958
7959
7960
7961
7962
7965
7966
7967
7968
7969
7970
7973
7974
7975
7976
7977
7978
7981
7982
7983
7984
7985
7986
7989
7990
7991
7992
7993
7994
7997
7998
7999
8000
8001
8002
8005
8006
8007
8008
8009
8010
6025
6026
6027
6028
6029
6030
6033
6034
6035
6036
6037
6038
6041
6042
6043
6044
6045
6046
6049
6050
6051
6052
6053
6054
6057
6058
6059
6060
6061
6062
6065
6066
6067
6068
6069
6070
6073
6074
6075
6076
6077
6078
)


// ************************************************************************* //
