/*--------------------------------*- C++ -*----------------------------------*\
| =========                 |                                                 |
| \\      /  F ield         | OpenFOAM: The Open Source CFD Toolbox           |
|  \\    /   O peration     | Version:  2606                                  |
|   \\  /    A nd           | Website:  www.openfoam.com                      |
|    \\/     M anipulation  |                                                 |
\*---------------------------------------------------------------------------*/
FoamFile
{
    version     2.0;
    format      ascii;
    arch        "LSB;label=32;scalar=64";
    class       cellSet;
    location    "constant/Dell_PowerEdge_R470_1U_1/polyMesh/sets";
    object      CPU_and_memory_zone_3;
}
// * * * * * * * * * * * * * * * * * * * * * * * * * * * * * * * * * * * * * //


2380
(
8291
8292
8293
8294
8297
8298
8299
8300
8303
8304
8305
8306
8309
8310
8311
8312
8315
8316
8317
8318
8321
8322
8323
8324
8327
8328
8329
8330
8333
8334
8335
8336
8339
8340
8341
8342
8345
8346
8347
8348
8351
8352
8353
8354
8357
8358
8359
8360
8363
8364
8365
8366
8369
8370
8371
8372
8375
8376
8377
8378
8381
8382
8383
8384
8387
8388
8389
8390
8627
8628
8629
8630
8633
8634
8635
8636
8639
8640
8641
8642
8645
8646
8647
8648
8651
8652
8653
8654
8657
8658
8659
8660
8663
8664
8665
8666
8669
8670
8671
8672
8675
8676
8677
8678
8681
8682
8683
8684
8687
8688
8689
8690
8693
8694
8695
8696
8699
8700
8701
8702
8705
8706
8707
8708
8711
8712
8713
8714
8717
8718
8719
8720
8723
8724
8725
8726
8963
8964
8965
8966
8969
8970
8971
8972
8975
8976
8977
8978
8981
8982
8983
8984
8987
8988
8989
8990
8993
8994
8995
8996
8999
9000
9001
9002
9005
9006
9007
9008
9011
9012
9013
9014
9017
9018
9019
9020
9023
9024
9025
9026
9029
9030
9031
9032
9035
9036
9037
9038
9041
9042
9043
9044
9047
9048
9049
9050
9053
9054
9055
9056
9059
9060
9061
9062
9299
9300
9301
9302
9305
9306
9307
9308
9311
9312
9313
9314
9317
9318
9319
9320
9323
9324
9325
9326
9329
9330
9331
9332
9335
9336
9337
9338
9341
9342
9343
9344
9347
9348
9349
9350
9353
9354
9355
9356
9359
9360
9361
9362
9365
9366
9367
9368
9371
9372
9373
9374
9377
9378
9379
9380
9383
9384
9385
9386
9389
9390
9391
9392
9395
9396
9397
9398
9635
9636
9637
9638
9641
9642
9643
9644
9647
9648
9649
9650
9653
9654
9655
9656
9659
9660
9661
9662
9665
9666
9667
9668
9671
9672
9673
9674
9677
9678
9679
9680
9683
9684
9685
9686
9689
9690
9691
9692
9695
9696
9697
9698
9701
9702
9703
9704
9707
9708
9709
9710
9713
9714
9715
9716
9719
9720
9721
9722
9725
9726
9727
9728
9731
9732
9733
9734
9971
9972
9973
9974
9977
9978
9979
9980
9983
9984
9985
9986
9989
9990
9991
9992
9995
9996
9997
9998
10001
10002
10003
10004
10007
10008
10009
10010
10013
10014
10015
10016
10019
10020
10021
10022
10025
10026
10027
10028
10031
10032
10033
10034
10037
10038
10039
10040
10043
10044
10045
10046
10049
10050
10051
10052
10055
10056
10057
10058
10061
10062
10063
10064
10067
10068
10069
10070
10307
10308
10309
10310
10313
10314
10315
10316
10319
10320
10321
10322
10325
10326
10327
10328
10331
10332
10333
10334
10337
10338
10339
10340
10343
10344
10345
10346
10349
10350
10351
10352
10355
10356
10357
10358
10361
10362
10363
10364
10367
10368
10369
10370
10373
10374
10375
10376
10379
10380
10381
10382
10385
10386
10387
10388
10391
10392
10393
10394
10397
10398
10399
10400
10403
10404
10405
10406
2243
2244
2245
2246
2249
2250
2251
2252
2255
2256
2257
2258
2261
2262
2263
2264
2267
2268
2269
2270
2273
2274
2275
2276
2279
2280
2281
2282
2285
2286
2287
2288
2291
2292
2293
2294
2297
2298
2299
2300
2303
2304
2305
2306
2309
2310
2311
2312
2315
2316
2317
2318
2321
2322
2323
2324
2327
2328
2329
2330
2333
2334
2335
2336
2339
2340
2341
2342
10643
10644
10645
10646
10649
10650
10651
10652
10655
10656
10657
10658
10661
10662
10663
10664
10667
10668
10669
10670
10673
10674
10675
10676
10679
10680
10681
10682
10685
10686
10687
10688
10691
10692
10693
10694
10697
10698
10699
10700
10703
10704
10705
10706
10709
10710
10711
10712
10715
10716
10717
10718
10721
10722
10723
10724
10727
10728
10729
10730
10733
10734
10735
10736
10739
10740
10741
10742
2579
2580
2581
2582
2585
2586
2587
2588
2591
2592
2593
2594
2597
2598
2599
2600
2603
2604
2605
2606
2609
2610
2611
2612
2615
2616
2617
2618
2621
2622
2623
2624
2627
2628
2629
2630
2633
2634
2635
2636
2639
2640
2641
2642
2645
2646
2647
2648
2651
2652
2653
2654
2657
2658
2659
2660
2663
2664
2665
2666
2669
2670
2671
2672
2675
2676
2677
2678
10979
10980
10981
10982
10985
10986
10987
10988
10991
10992
10993
10994
10997
10998
10999
11000
11003
11004
11005
11006
11009
11010
11011
11012
11015
11016
11017
11018
11021
11022
11023
11024
11027
11028
11029
11030
11033
11034
11035
11036
11039
11040
11041
11042
11045
11046
11047
11048
11051
11052
11053
11054
11057
11058
11059
11060
11063
11064
11065
11066
11069
11070
11071
11072
11075
11076
11077
11078
2915
2916
2917
2918
2921
2922
2923
2924
2927
2928
2929
2930
2933
2934
2935
2936
2939
2940
2941
2942
2945
2946
2947
2948
2951
2952
2953
2954
2957
2958
2959
2960
2963
2964
2965
2966
2969
2970
2971
2972
2975
2976
2977
2978
2981
2982
2983
2984
2987
2988
2989
2990
2993
2994
2995
2996
2999
3000
3001
3002
3005
3006
3007
3008
3011
3012
3013
3014
11237
11238
11239
11240
11243
11244
11245
11246
11249
11250
11251
11252
11255
11256
11257
11258
11261
11262
11263
11264
11267
11268
11269
11270
11273
11274
11275
11276
11279
11280
11281
11282
11285
11286
11287
11288
11291
11292
11293
11294
11297
11298
11299
11300
11303
11304
11305
11306
11309
11310
11311
11312
11315
11316
11317
11318
11321
11322
11323
11324
11327
11328
11329
11330
11333
11334
11335
11336
3251
3252
3253
3254
3257
3258
3259
3260
3263
3264
3265
3266
3269
3270
3271
3272
3275
3276
3277
3278
3281
3282
3283
3284
3287
3288
3289
3290
3293
3294
3295
3296
3299
3300
3301
3302
3305
3306
3307
3308
3311
3312
3313
3314
3317
3318
3319
3320
3323
3324
3325
3326
3329
3330
3331
3332
3335
3336
3337
3338
11531
11532
11533
3341
11534
3342
3343
3344
11537
11538
11539
3347
11540
3348
3349
3350
11543
11544
11545
11546
11549
11550
11551
11552
11555
11556
11557
11558
11561
11562
11563
11564
11567
11568
11569
11570
11573
11574
11575
11576
11579
11580
11581
11582
11585
11586
11587
11588
11591
11592
11593
11594
11597
11598
11599
11600
11603
11604
11605
11606
11609
11610
11611
11612
11615
11616
11617
11618
11621
11622
11623
11624
11627
11628
11629
11630
3587
3588
3589
3590
3593
3594
3595
3596
3599
3600
3601
3602
3605
3606
3607
3608
3611
3612
3613
3614
3617
3618
3619
3620
3623
3624
3625
3626
3629
3630
3631
3632
11825
11826
11827
3635
11828
3636
3637
3638
11831
11832
11833
3641
11834
3642
3643
3644
11837
11838
11839
3647
11840
3648
3649
3650
11843
11844
11845
3653
11846
3654
3655
3656
11849
11850
11851
3659
11852
3660
3661
3662
11855
11856
11857
3665
11858
3666
3667
3668
11861
11862
11863
3671
11864
3672
3673
3674
11867
11868
11869
3677
11870
3678
3679
3680
11873
11874
11875
3683
11876
3684
3685
3686
11879
11880
11881
11882
11885
11886
11887
11888
11891
11892
11893
11894
11897
11898
11899
11900
11903
11904
11905
11906
11909
11910
11911
11912
11915
11916
11917
11918
11921
11922
11923
11924
3923
3924
3925
3926
12119
12120
12121
3929
12122
3930
3931
3932
12125
12126
12127
3935
12128
3936
3937
3938
12131
12132
12133
3941
12134
3942
3943
3944
12137
12138
12139
3947
12140
3948
3949
3950
12143
12144
12145
3953
12146
3954
3955
3956
12149
12150
12151
3959
12152
3960
3961
3962
12155
12156
12157
3965
12158
3966
3967
3968
12161
12162
12163
3971
12164
3972
3973
3974
12167
12168
12169
3977
12170
3978
3979
3980
12173
12174
12175
3983
12176
3984
3985
3986
12179
12180
12181
3989
12182
3990
3991
3992
12185
12186
12187
3995
12188
3996
3997
3998
12191
12192
12193
4001
12194
4002
4003
4004
12197
12198
12199
4007
12200
4008
4009
4010
12203
12204
12205
4013
12206
4014
4015
4016
12209
12210
12211
4019
12212
4020
4021
4022
12215
12216
12217
12218
12413
12414
12415
12416
12419
12420
12421
12422
12425
12426
12427
12428
12431
12432
12433
12434
12437
12438
12439
12440
12443
12444
12445
12446
12449
12450
12451
4259
12452
4260
4261
4262
12455
12456
12457
4265
12458
4266
4267
4268
12461
12462
12463
4271
12464
4272
4273
4274
12467
12468
12469
4277
12470
4278
4279
4280
12473
12474
12475
4283
12476
4284
4285
4286
12479
12480
12481
4289
12482
4290
4291
4292
12485
12486
12487
4295
12488
4296
4297
4298
12491
12492
12493
4301
12494
4302
4303
4304
12497
12498
12499
4307
12500
4308
4309
4310
12503
12504
12505
4313
12506
4314
4315
4316
12509
12510
12511
4319
12512
4320
4321
4322
4325
4326
4327
4328
4331
4332
4333
4334
4337
4338
4339
4340
4343
4344
4345
4346
4349
4350
4351
4352
4355
4356
4357
4358
12707
12708
12709
12710
12713
12714
12715
12716
12719
12720
12721
12722
12725
12726
12727
12728
12731
12732
12733
12734
12737
12738
12739
12740
12743
12744
12745
12746
12749
12750
12751
12752
12755
12756
12757
12758
12761
12762
12763
12764
12767
12768
12769
12770
12773
12774
12775
12776
12779
12780
12781
12782
12785
12786
12787
4595
12788
4596
4597
4598
12791
12792
12793
4601
12794
4602
4603
4604
12797
12798
12799
4607
12800
4608
4609
4610
12803
12804
12805
4613
12806
4614
4615
4616
4619
4620
4621
4622
4625
4626
4627
4628
4631
4632
4633
4634
4637
4638
4639
4640
4643
4644
4645
4646
4649
4650
4651
4652
4655
4656
4657
4658
4661
4662
4663
4664
4667
4668
4669
4670
4673
4674
4675
4676
4679
4680
4681
4682
4685
4686
4687
4688
4691
4692
4693
4694
13001
13002
13003
13004
13007
13008
13009
13010
13013
13014
13015
13016
13019
13020
13021
13022
13025
13026
13027
13028
13031
13032
13033
13034
13037
13038
13039
13040
13043
13044
13045
13046
13049
13050
13051
13052
13055
13056
13057
13058
13061
13062
13063
13064
13067
13068
13069
13070
13073
13074
13075
13076
13079
13080
13081
13082
13085
13086
13087
13088
13091
13092
13093
13094
13097
13098
13099
13100
4931
4932
4933
4934
4937
4938
4939
4940
4943
4944
4945
4946
4949
4950
4951
4952
4955
4956
4957
4958
4961
4962
4963
4964
4967
4968
4969
4970
4973
4974
4975
4976
4979
4980
4981
4982
4985
4986
4987
4988
4991
4992
4993
4994
4997
4998
4999
5000
5003
5004
5005
5006
5009
5010
5011
5012
5015
5016
5017
5018
5021
5022
5023
5024
5027
5028
5029
5030
13295
13296
13297
13298
13301
13302
13303
13304
13307
13308
13309
13310
13313
13314
13315
13316
13319
13320
13321
13322
13325
13326
13327
13328
13331
13332
13333
13334
13337
13338
13339
13340
13343
13344
13345
13346
13349
13350
13351
13352
13355
13356
13357
13358
13361
13362
13363
13364
13367
13368
13369
13370
13373
13374
13375
13376
13379
13380
13381
13382
13385
13386
13387
13388
13391
13392
13393
13394
5267
5268
5269
5270
5273
5274
5275
5276
5279
5280
5281
5282
5285
5286
5287
5288
5291
5292
5293
5294
5297
5298
5299
5300
5303
5304
5305
5306
5309
5310
5311
5312
5315
5316
5317
5318
5321
5322
5323
5324
5327
5328
5329
5330
5333
5334
5335
5336
5339
5340
5341
5342
5345
5346
5347
5348
5351
5352
5353
5354
5357
5358
5359
5360
5363
5364
5365
5366
5603
5604
5605
5606
5609
5610
5611
5612
5615
5616
5617
5618
5621
5622
5623
5624
5627
5628
5629
5630
5633
5634
5635
5636
5639
5640
5641
5642
5645
5646
5647
5648
5651
5652
5653
5654
5657
5658
5659
5660
5663
5664
5665
5666
5669
5670
5671
5672
5675
5676
5677
5678
5681
5682
5683
5684
5687
5688
5689
5690
5693
5694
5695
5696
5699
5700
5701
5702
5939
5940
5941
5942
5945
5946
5947
5948
5951
5952
5953
5954
5957
5958
5959
5960
5963
5964
5965
5966
5969
5970
5971
5972
5975
5976
5977
5978
5981
5982
5983
5984
5987
5988
5989
5990
5993
5994
5995
5996
5999
6000
6001
6002
6005
6006
6007
6008
6011
6012
6013
6014
6017
6018
6019
6020
6023
6024
6025
6026
6029
6030
6031
6032
6035
6036
6037
6038
6275
6276
6277
6278
6281
6282
6283
6284
6287
6288
6289
6290
6293
6294
6295
6296
6299
6300
6301
6302
6305
6306
6307
6308
6311
6312
6313
6314
6317
6318
6319
6320
6323
6324
6325
6326
6329
6330
6331
6332
6335
6336
6337
6338
6341
6342
6343
6344
6347
6348
6349
6350
6353
6354
6355
6356
6359
6360
6361
6362
6365
6366
6367
6368
6371
6372
6373
6374
6611
6612
6613
6614
6617
6618
6619
6620
6623
6624
6625
6626
6629
6630
6631
6632
6635
6636
6637
6638
6641
6642
6643
6644
6647
6648
6649
6650
6653
6654
6655
6656
6659
6660
6661
6662
6665
6666
6667
6668
6671
6672
6673
6674
6677
6678
6679
6680
6683
6684
6685
6686
6689
6690
6691
6692
6695
6696
6697
6698
6701
6702
6703
6704
6707
6708
6709
6710
6947
6948
6949
6950
6953
6954
6955
6956
6959
6960
6961
6962
6965
6966
6967
6968
6971
6972
6973
6974
6977
6978
6979
6980
6983
6984
6985
6986
6989
6990
6991
6992
6995
6996
6997
6998
7001
7002
7003
7004
7007
7008
7009
7010
7013
7014
7015
7016
7019
7020
7021
7022
7025
7026
7027
7028
7031
7032
7033
7034
7037
7038
7039
7040
7043
7044
7045
7046
7283
7284
7285
7286
7289
7290
7291
7292
7295
7296
7297
7298
7301
7302
7303
7304
7307
7308
7309
7310
7313
7314
7315
7316
7319
7320
7321
7322
7325
7326
7327
7328
7331
7332
7333
7334
7337
7338
7339
7340
7343
7344
7345
7346
7349
7350
7351
7352
7355
7356
7357
7358
7361
7362
7363
7364
7367
7368
7369
7370
7373
7374
7375
7376
7379
7380
7381
7382
7619
7620
7621
7622
7625
7626
7627
7628
7631
7632
7633
7634
7637
7638
7639
7640
7643
7644
7645
7646
7649
7650
7651
7652
7655
7656
7657
7658
7661
7662
7663
7664
7667
7668
7669
7670
7673
7674
7675
7676
7679
7680
7681
7682
7685
7686
7687
7688
7691
7692
7693
7694
7697
7698
7699
7700
7703
7704
7705
7706
7709
7710
7711
7712
7715
7716
7717
7718
7955
7956
7957
7958
7961
7962
7963
7964
7967
7968
7969
7970
7973
7974
7975
7976
7979
7980
7981
7982
7985
7986
7987
7988
7991
7992
7993
7994
7997
7998
7999
8000
8003
8004
8005
8006
8009
8010
8011
8012
8015
8016
8017
8018
8021
8022
8023
8024
8027
8028
8029
8030
8033
8034
8035
8036
8039
8040
8041
8042
8045
8046
8047
8048
8051
8052
8053
8054
)


// ************************************************************************* //
