/*--------------------------------*- C++ -*----------------------------------*\
| =========                 |                                                 |
| \\      /  F ield         | OpenFOAM: The Open Source CFD Toolbox           |
|  \\    /   O peration     | Version:  2606                                  |
|   \\  /    A nd           | Website:  www.openfoam.com                      |
|    \\/     M anipulation  |                                                 |
\*---------------------------------------------------------------------------*/
FoamFile
{
    version     2.0;
    format      ascii;
    arch        "LSB;label=32;scalar=64";
    class       cellSet;
    location    "constant/Dell_PowerEdge_R470_1U_1/polyMesh/sets";
    object      multiZoneCells;
}
// * * * * * * * * * * * * * * * * * * * * * * * * * * * * * * * * * * * * * //


7846
(
1331
1332
1333
1334
1335
1336
1339
1340
1341
1342
1343
1344
1347
1348
1349
1350
1351
1352
1355
1356
1357
1358
1359
1360
1363
1364
1365
1366
1367
1368
1371
1372
1373
1374
1375
1376
1379
1380
1381
1382
1383
1384
1387
1388
1389
1390
1391
1392
1395
1396
1397
1398
1399
1400
1403
1404
1405
1406
1407
1408
1411
1412
1413
1414
1415
1416
1479
1480
1481
1482
1483
1484
1487
1488
1489
1490
1491
1492
1495
1496
1497
1498
1499
1500
1503
1504
1505
1506
1507
1508
1511
1512
1513
1514
1515
1516
1519
1520
1521
1522
1523
1524
1527
1528
1529
1530
1531
1532
1535
1536
1537
1538
1539
1540
1543
1544
1545
1546
1547
1548
1551
1552
1553
1554
1555
1556
1559
1560
1561
1562
1563
1564
1567
1568
1569
1570
1571
1572
1575
1576
1577
1578
1579
1580
1599
1600
1601
1602
1603
1604
1607
1608
1609
1610
1611
1612
1615
1616
1617
1618
1619
1620
1623
1624
1625
1626
1627
1628
1631
1632
1633
1634
1635
1636
1639
1640
1641
1642
1643
1644
1647
1648
1649
1650
1651
1652
1655
1656
1657
1658
1659
1660
1663
1664
1665
1666
1667
1668
1671
1672
1673
1674
1675
1676
1679
1680
1681
1682
1683
1684
1747
1748
1749
1750
1751
1752
1755
1756
1757
1758
1759
1760
1763
1764
1765
1766
1767
1768
1771
1772
1773
1774
1775
1776
1779
1780
1781
1782
1783
1784
1787
1788
1789
1790
1791
1792
1795
1796
1797
1798
1799
1800
1803
1804
1805
1806
1807
1808
1811
1812
1813
1814
1815
1816
1819
1820
1821
1822
1823
1824
1827
1828
1829
1830
1831
1832
1835
1836
1837
1838
1839
1840
1843
1844
1845
1846
1847
1848
1867
1868
1869
1870
1871
1872
1875
1876
1877
1878
1879
1880
1883
1884
1885
1886
1887
1888
1891
1892
1893
1894
1895
1896
1899
1900
1901
1902
1903
1904
1907
1908
1909
1910
1911
1912
1915
1916
1917
1918
1919
1920
1923
1924
1925
1926
1927
1928
1931
1932
1933
1934
1935
1936
1939
1940
1941
1942
1943
1944
1947
1948
1949
1950
1951
1952
2015
2016
2017
2018
2019
2020
2023
2024
2025
2026
2027
2028
2031
2032
2033
2034
2035
2036
2039
2040
2041
2042
2043
2044
2047
2048
2049
2050
2051
2052
2055
2056
2057
2058
2059
2060
2063
2064
2065
2066
2067
2068
2071
2072
2073
2074
2075
2076
2079
2080
2081
2082
2083
2084
2087
2088
2089
2090
2091
2092
2095
2096
2097
2098
2099
2100
2103
2104
2105
2106
2107
2108
2111
2112
2113
2114
2115
2116
2135
2136
2137
2138
2139
2140
2143
2144
2145
2146
2147
2148
2151
2152
2153
2154
2155
2156
2159
2160
2161
2162
2163
2164
2167
2168
2169
2170
2171
2172
2175
2176
2177
2178
2179
2180
2183
2184
2185
2186
2187
2188
2191
2192
2193
2194
2195
2196
2199
2200
2201
2202
2203
2204
2207
2208
2209
2210
2211
2212
2215
2216
2217
2218
2219
2220
2243
2244
2245
2246
2249
2250
2251
2252
2255
2256
2257
2258
2261
2262
2263
2264
2267
2268
2269
2270
2273
2274
2275
2276
2279
2280
2281
2282
2285
2286
2287
2288
2291
2292
2293
2294
2297
2298
2299
2300
2303
2304
2305
2306
2309
2310
2311
2312
2315
2316
2317
2318
2321
2322
2323
2324
2327
2328
2329
2330
2333
2334
2335
2336
2339
2340
2341
2342
2351
2352
2353
2354
2355
2356
2359
2360
2361
2362
2363
2364
2367
2368
2369
2370
2371
2372
2375
2376
2377
2378
2379
2380
2383
2384
2385
2386
2387
2388
2391
2392
2393
2394
2395
2396
2399
2400
2401
2402
2403
2404
2407
2408
2409
2410
2411
2412
2415
2416
2417
2418
2419
2420
2423
2424
2425
2426
2427
2428
2431
2432
2433
2434
2435
2436
2439
2440
2441
2442
2443
2444
2447
2448
2449
2450
2451
2452
2471
2472
2473
2474
2475
2476
2479
2480
2481
2482
2483
2484
2487
2488
2489
2490
2491
2492
2495
2496
2497
2498
2499
2500
2503
2504
2505
2506
2507
2508
2511
2512
2513
2514
2515
2516
2519
2520
2521
2522
2523
2524
2527
2528
2529
2530
2531
2532
2535
2536
2537
2538
2539
2540
2543
2544
2545
2546
2547
2548
2551
2552
2553
2554
2555
2556
2579
2580
2581
2582
2585
2586
2587
2588
2591
2592
2593
2594
2597
2598
2599
2600
2603
2604
2605
2606
2609
2610
2611
2612
2615
2616
2617
2618
2621
2622
2623
2624
2627
2628
2629
2630
2633
2634
2635
2636
2639
2640
2641
2642
2645
2646
2647
2648
2651
2652
2653
2654
2657
2658
2659
2660
2663
2664
2665
2666
2669
2670
2671
2672
2675
2676
2677
2678
2687
2688
2689
2690
2691
2692
2695
2696
2697
2698
2699
2700
2703
2704
2705
2706
2707
2708
2711
2712
2713
2714
2715
2716
2719
2720
2721
2722
2723
2724
2727
2728
2729
2730
2731
2732
2735
2736
2737
2738
2739
2740
2743
2744
2745
2746
2747
2748
2751
2752
2753
2754
2755
2756
2759
2760
2761
2762
2763
2764
2767
2768
2769
2770
2771
2772
2775
2776
2777
2778
2779
2780
2783
2784
2785
2786
2787
2788
2807
2808
2809
2810
2811
2812
2815
2816
2817
2818
2819
2820
2823
2824
2825
2826
2827
2828
2831
2832
2833
2834
2835
2836
2839
2840
2841
2842
2843
2844
2847
2848
2849
2850
2851
2852
2855
2856
2857
2858
2859
2860
2863
2864
2865
2866
2867
2868
2871
2872
2873
2874
2875
2876
2879
2880
2881
2882
2883
2884
2887
2888
2889
2890
2891
2892
2915
2916
2917
2918
2921
2922
2923
2924
2927
2928
2929
2930
2933
2934
2935
2936
2939
2940
2941
2942
2945
2946
2947
2948
2951
2952
2953
2954
2957
2958
2959
2960
2963
2964
2965
2966
2969
2970
2971
2972
2975
2976
2977
2978
2981
2982
2983
2984
2987
2988
2989
2990
2993
2994
2995
2996
2999
3000
3001
3002
3005
3006
3007
3008
3011
3012
3013
3014
3023
3024
3025
3026
3027
3028
3031
3032
3033
3034
3035
3036
3039
3040
3041
3042
3043
3044
3047
3048
3049
3050
3051
3052
3055
3056
3057
3058
3059
3060
3063
3064
3065
3066
3067
3068
3071
3072
3073
3074
3075
3076
3079
3080
3081
3082
3083
3084
3087
3088
3089
3090
3091
3092
3095
3096
3097
3098
3099
3100
3103
3104
3105
3106
3107
3108
3111
3112
3113
3114
3115
3116
3119
3120
3121
3122
3123
3124
3143
3144
3145
3146
3147
3148
3151
3152
3153
3154
3155
3156
3159
3160
3161
3162
3163
3164
3167
3168
3169
3170
3171
3172
3175
3176
3177
3178
3179
3180
3183
3184
3185
3186
3187
3188
3191
3192
3193
3194
3195
3196
3199
3200
3201
3202
3203
3204
3207
3208
3209
3210
3211
3212
3215
3216
3217
3218
3219
3220
3223
3224
3225
3226
3227
3228
3251
3252
3253
3254
3257
3258
3259
3260
3263
3264
3265
3266
3269
3270
3271
3272
3275
3276
3277
3278
3281
3282
3283
3284
3287
3288
3289
3290
3293
3294
3295
3296
3299
3300
3301
3302
3305
3306
3307
3308
3311
3312
3313
3314
3317
3318
3319
3320
3323
3324
3325
3326
3329
3330
3331
3332
3335
3336
3337
3338
3341
3342
3343
3344
3347
3348
3349
3350
3359
3360
3361
3362
3363
3364
3367
3368
3369
3370
3371
3372
3375
3376
3377
3378
3379
3380
3383
3384
3385
3386
3387
3388
3391
3392
3393
3394
3395
3396
3399
3400
3401
3402
3403
3404
3407
3408
3409
3410
3411
3412
3415
3416
3417
3418
3419
3420
3423
3424
3425
3426
3427
3428
3431
3432
3433
3434
3435
3436
3439
3440
3441
3442
3443
3444
3447
3448
3449
3450
3451
3452
3455
3456
3457
3458
3459
3460
3479
3480
3481
3482
3483
3484
3487
3488
3489
3490
3491
3492
3495
3496
3497
3498
3499
3500
3503
3504
3505
3506
3507
3508
3511
3512
3513
3514
3515
3516
3519
3520
3521
3522
3523
3524
3527
3528
3529
3530
3531
3532
3535
3536
3537
3538
3539
3540
3543
3544
3545
3546
3547
3548
3551
3552
3553
3554
3555
3556
3559
3560
3561
3562
3563
3564
3587
3588
3589
3590
3593
3594
3595
3596
3599
3600
3601
3602
3605
3606
3607
3608
3611
3612
3613
3614
3617
3618
3619
3620
3623
3624
3625
3626
3629
3630
3631
3632
3635
3636
3637
3638
3641
3642
3643
3644
3647
3648
3649
3650
3653
3654
3655
3656
3659
3660
3661
3662
3665
3666
3667
3668
3671
3672
3673
3674
3677
3678
3679
3680
3683
3684
3685
3686
3695
3696
3697
3698
3699
3700
3703
3704
3705
3706
3707
3708
3711
3712
3713
3714
3715
3716
3719
3720
3721
3722
3723
3724
3727
3728
3729
3730
3731
3732
3735
3736
3737
3738
3739
3740
3743
3744
3745
3746
3747
3748
3751
3752
3753
3754
3755
3756
3759
3760
3761
3762
3763
3764
3767
3768
3769
3770
3771
3772
3775
3776
3777
3778
3779
3780
3783
3784
3785
3786
3787
3788
3791
3792
3793
3794
3795
3796
3815
3816
3817
3818
3819
3820
3823
3824
3825
3826
3827
3828
3831
3832
3833
3834
3835
3836
3839
3840
3841
3842
3843
3844
3847
3848
3849
3850
3851
3852
3855
3856
3857
3858
3859
3860
3863
3864
3865
3866
3867
3868
3871
3872
3873
3874
3875
3876
3879
3880
3881
3882
3883
3884
3887
3888
3889
3890
3891
3892
3895
3896
3897
3898
3899
3900
3923
3924
3925
3926
3929
3930
3931
3932
3935
3936
3937
3938
3941
3942
3943
3944
3947
3948
3949
3950
3953
3954
3955
3956
3959
3960
3961
3962
3965
3966
3967
3968
3971
3972
3973
3974
3977
3978
3979
3980
3983
3984
3985
3986
3989
3990
3991
3992
3995
3996
3997
3998
4001
4002
4003
4004
4007
4008
4009
4010
4013
4014
4015
4016
4019
4020
4021
4022
4031
4032
4033
4034
4035
4036
4039
4040
4041
4042
4043
4044
4047
4048
4049
4050
4051
4052
4055
4056
4057
4058
4059
4060
4063
4064
4065
4066
4067
4068
4071
4072
4073
4074
4075
4076
4079
4080
4081
4082
4083
4084
4087
4088
4089
4090
4091
4092
4095
4096
4097
4098
4099
4100
4103
4104
4105
4106
4107
4108
4111
4112
4113
4114
4115
4116
4119
4120
4121
4122
4123
4124
4127
4128
4129
4130
4131
4132
4151
4152
4153
4154
4155
4156
4159
4160
4161
4162
4163
4164
4167
4168
4169
4170
4171
4172
4175
4176
4177
4178
4179
4180
4183
4184
4185
4186
4187
4188
4191
4192
4193
4194
4195
4196
4199
4200
4201
4202
4203
4204
4207
4208
4209
4210
4211
4212
4215
4216
4217
4218
4219
4220
4223
4224
4225
4226
4227
4228
4231
4232
4233
4234
4235
4236
4259
4260
4261
4262
4265
4266
4267
4268
4271
4272
4273
4274
4277
4278
4279
4280
4283
4284
4285
4286
4289
4290
4291
4292
4295
4296
4297
4298
4301
4302
4303
4304
4307
4308
4309
4310
4313
4314
4315
4316
4319
4320
4321
4322
4325
4326
4327
4328
4331
4332
4333
4334
4337
4338
4339
4340
4343
4344
4345
4346
4349
4350
4351
4352
4355
4356
4357
4358
4367
4368
4369
4370
4371
4372
4375
4376
4377
4378
4379
4380
4383
4384
4385
4386
4387
4388
4391
4392
4393
4394
4395
4396
4399
4400
4401
4402
4403
4404
4407
4408
4409
4410
4411
4412
4415
4416
4417
4418
4419
4420
4423
4424
4425
4426
4427
4428
4431
4432
4433
4434
4435
4436
4439
4440
4441
4442
4443
4444
4447
4448
4449
4450
4451
4452
4455
4456
4457
4458
4459
4460
4463
4464
4465
4466
4467
4468
4487
4488
4489
4490
4491
4492
4495
4496
4497
4498
4499
4500
4503
4504
4505
4506
4507
4508
4511
4512
4513
4514
4515
4516
4519
4520
4521
4522
4523
4524
4527
4528
4529
4530
4531
4532
4535
4536
4537
4538
4539
4540
4543
4544
4545
4546
4547
4548
4551
4552
4553
4554
4555
4556
4559
4560
4561
4562
4563
4564
4567
4568
4569
4570
4571
4572
4595
4596
4597
4598
4601
4602
4603
4604
4607
4608
4609
4610
4613
4614
4615
4616
4619
4620
4621
4622
4625
4626
4627
4628
4631
4632
4633
4634
4637
4638
4639
4640
4643
4644
4645
4646
4649
4650
4651
4652
4655
4656
4657
4658
4661
4662
4663
4664
4667
4668
4669
4670
4673
4674
4675
4676
4679
4680
4681
4682
4685
4686
4687
4688
4691
4692
4693
4694
4703
4704
4705
4706
4707
4708
4711
4712
4713
4714
4715
4716
4719
4720
4721
4722
4723
4724
4727
4728
4729
4730
4731
4732
4735
4736
4737
4738
4739
4740
4743
4744
4745
4746
4747
4748
4751
4752
4753
4754
4755
4756
4759
4760
4761
4762
4763
4764
4767
4768
4769
4770
4771
4772
4775
4776
4777
4778
4779
4780
4783
4784
4785
4786
4787
4788
4791
4792
4793
4794
4795
4796
4799
4800
4801
4802
4803
4804
4823
4824
4825
4826
4827
4828
4831
4832
4833
4834
4835
4836
4839
4840
4841
4842
4843
4844
4847
4848
4849
4850
4851
4852
4855
4856
4857
4858
4859
4860
4863
4864
4865
4866
4867
4868
4871
4872
4873
4874
4875
4876
4879
4880
4881
4882
4883
4884
4887
4888
4889
4890
4891
4892
4895
4896
4897
4898
4899
4900
4903
4904
4905
4906
4907
4908
4931
4932
4933
4934
4937
4938
4939
4940
4943
4944
4945
4946
4949
4950
4951
4952
4955
4956
4957
4958
4961
4962
4963
4964
4967
4968
4969
4970
4973
4974
4975
4976
4979
4980
4981
4982
4985
4986
4987
4988
4991
4992
4993
4994
4997
4998
4999
5000
5003
5004
5005
5006
5009
5010
5011
5012
5015
5016
5017
5018
5021
5022
5023
5024
5027
5028
5029
5030
5039
5040
5041
5042
5043
5044
5047
5048
5049
5050
5051
5052
5055
5056
5057
5058
5059
5060
5063
5064
5065
5066
5067
5068
5071
5072
5073
5074
5075
5076
5079
5080
5081
5082
5083
5084
5087
5088
5089
5090
5091
5092
5095
5096
5097
5098
5099
5100
5103
5104
5105
5106
5107
5108
5111
5112
5113
5114
5115
5116
5119
5120
5121
5122
5123
5124
5127
5128
5129
5130
5131
5132
5135
5136
5137
5138
5139
5140
5159
5160
5161
5162
5163
5164
5167
5168
5169
5170
5171
5172
5175
5176
5177
5178
5179
5180
5183
5184
5185
5186
5187
5188
5191
5192
5193
5194
5195
5196
5199
5200
5201
5202
5203
5204
5207
5208
5209
5210
5211
5212
5215
5216
5217
5218
5219
5220
5223
5224
5225
5226
5227
5228
5231
5232
5233
5234
5235
5236
5239
5240
5241
5242
5243
5244
5267
5268
5269
5270
5273
5274
5275
5276
5279
5280
5281
5282
5285
5286
5287
5288
5291
5292
5293
5294
5297
5298
5299
5300
5303
5304
5305
5306
5309
5310
5311
5312
5315
5316
5317
5318
5321
5322
5323
5324
5327
5328
5329
5330
5333
5334
5335
5336
5339
5340
5341
5342
5345
5346
5347
5348
5351
5352
5353
5354
5357
5358
5359
5360
5363
5364
5365
5366
5375
5376
5377
5378
5379
5380
5383
5384
5385
5386
5387
5388
5391
5392
5393
5394
5395
5396
5399
5400
5401
5402
5403
5404
5407
5408
5409
5410
5411
5412
5415
5416
5417
5418
5419
5420
5423
5424
5425
5426
5427
5428
5431
5432
5433
5434
5435
5436
5439
5440
5441
5442
5443
5444
5447
5448
5449
5450
5451
5452
5455
5456
5457
5458
5459
5460
5463
5464
5465
5466
5467
5468
5471
5472
5473
5474
5475
5476
5495
5496
5497
5498
5499
5500
5503
5504
5505
5506
5507
5508
5511
5512
5513
5514
5515
5516
5519
5520
5521
5522
5523
5524
5527
5528
5529
5530
5531
5532
5535
5536
5537
5538
5539
5540
5543
5544
5545
5546
5547
5548
5551
5552
5553
5554
5555
5556
5559
5560
5561
5562
5563
5564
5567
5568
5569
5570
5571
5572
5575
5576
5577
5578
5579
5580
5603
5604
5605
5606
5609
5610
5611
5612
5615
5616
5617
5618
5621
5622
5623
5624
5627
5628
5629
5630
5633
5634
5635
5636
5639
5640
5641
5642
5645
5646
5647
5648
5651
5652
5653
5654
5657
5658
5659
5660
5663
5664
5665
5666
5669
5670
5671
5672
5675
5676
5677
5678
5681
5682
5683
5684
5687
5688
5689
5690
5693
5694
5695
5696
5699
5700
5701
5702
5711
5712
5713
5714
5715
5716
5719
5720
5721
5722
5723
5724
5727
5728
5729
5730
5731
5732
5735
5736
5737
5738
5739
5740
5743
5744
5745
5746
5747
5748
5751
5752
5753
5754
5755
5756
5759
5760
5761
5762
5763
5764
5767
5768
5769
5770
5771
5772
5775
5776
5777
5778
5779
5780
5783
5784
5785
5786
5787
5788
5791
5792
5793
5794
5795
5796
5799
5800
5801
5802
5803
5804
5807
5808
5809
5810
5811
5812
5831
5832
5833
5834
5835
5836
5839
5840
5841
5842
5843
5844
5847
5848
5849
5850
5851
5852
5855
5856
5857
5858
5859
5860
5863
5864
5865
5866
5867
5868
5871
5872
5873
5874
5875
5876
5879
5880
5881
5882
5883
5884
5887
5888
5889
5890
5891
5892
5895
5896
5897
5898
5899
5900
5903
5904
5905
5906
5907
5908
5911
5912
5913
5914
5915
5916
5939
5940
5941
5942
5945
5946
5947
5948
5951
5952
5953
5954
5957
5958
5959
5960
5963
5964
5965
5966
5969
5970
5971
5972
5975
5976
5977
5978
5981
5982
5983
5984
5987
5988
5989
5990
5993
5994
5995
5996
5999
6000
6001
6002
6005
6006
6007
6008
6011
6012
6013
6014
6017
6018
6019
6020
6023
6024
6025
6026
6029
6030
6031
6032
6035
6036
6037
6038
6047
6048
6049
6050
6051
6052
6055
6056
6057
6058
6059
6060
6063
6064
6065
6066
6067
6068
6071
6072
6073
6074
6075
6076
6079
6080
6081
6082
6083
6084
6087
6088
6089
6090
6091
6092
6095
6096
6097
6098
6099
6100
6103
6104
6105
6106
6107
6108
6111
6112
6113
6114
6115
6116
6119
6120
6121
6122
6123
6124
6127
6128
6129
6130
6131
6132
6135
6136
6137
6138
6139
6140
6143
6144
6145
6146
6147
6148
6167
6168
6169
6170
6171
6172
6175
6176
6177
6178
6179
6180
6183
6184
6185
6186
6187
6188
6191
6192
6193
6194
6195
6196
6199
6200
6201
6202
6203
6204
6207
6208
6209
6210
6211
6212
6215
6216
6217
6218
6219
6220
6223
6224
6225
6226
6227
6228
6231
6232
6233
6234
6235
6236
6239
6240
6241
6242
6243
6244
6247
6248
6249
6250
6251
6252
6275
6276
6277
6278
6281
6282
6283
6284
6287
6288
6289
6290
6293
6294
6295
6296
6299
6300
6301
6302
6305
6306
6307
6308
6311
6312
6313
6314
6317
6318
6319
6320
6323
6324
6325
6326
6329
6330
6331
6332
6335
6336
6337
6338
6341
6342
6343
6344
6347
6348
6349
6350
6353
6354
6355
6356
6359
6360
6361
6362
6365
6366
6367
6368
6371
6372
6373
6374
6383
6384
6385
6386
6387
6388
6391
6392
6393
6394
6395
6396
6399
6400
6401
6402
6403
6404
6407
6408
6409
6410
6411
6412
6415
6416
6417
6418
6419
6420
6423
6424
6425
6426
6427
6428
6431
6432
6433
6434
6435
6436
6439
6440
6441
6442
6443
6444
6447
6448
6449
6450
6451
6452
6455
6456
6457
6458
6459
6460
6463
6464
6465
6466
6467
6468
6471
6472
6473
6474
6475
6476
6479
6480
6481
6482
6483
6484
6503
6504
6505
6506
6507
6508
6511
6512
6513
6514
6515
6516
6519
6520
6521
6522
6523
6524
6527
6528
6529
6530
6531
6532
6535
6536
6537
6538
6539
6540
6543
6544
6545
6546
6547
6548
6551
6552
6553
6554
6555
6556
6559
6560
6561
6562
6563
6564
6567
6568
6569
6570
6571
6572
6575
6576
6577
6578
6579
6580
6583
6584
6585
6586
6587
6588
6611
6612
6613
6614
6617
6618
6619
6620
6623
6624
6625
6626
6629
6630
6631
6632
6635
6636
6637
6638
6641
6642
6643
6644
6647
6648
6649
6650
6653
6654
6655
6656
6659
6660
6661
6662
6665
6666
6667
6668
6671
6672
6673
6674
6677
6678
6679
6680
6683
6684
6685
6686
6689
6690
6691
6692
6695
6696
6697
6698
6701
6702
6703
6704
6707
6708
6709
6710
6719
6720
6721
6722
6723
6724
6727
6728
6729
6730
6731
6732
6735
6736
6737
6738
6739
6740
6743
6744
6745
6746
6747
6748
6751
6752
6753
6754
6755
6756
6759
6760
6761
6762
6763
6764
6767
6768
6769
6770
6771
6772
6775
6776
6777
6778
6779
6780
6783
6784
6785
6786
6787
6788
6791
6792
6793
6794
6795
6796
6799
6800
6801
6802
6803
6804
6807
6808
6809
6810
6811
6812
6815
6816
6817
6818
6819
6820
6839
6840
6841
6842
6843
6844
6847
6848
6849
6850
6851
6852
6855
6856
6857
6858
6859
6860
6863
6864
6865
6866
6867
6868
6871
6872
6873
6874
6875
6876
6879
6880
6881
6882
6883
6884
6887
6888
6889
6890
6891
6892
6895
6896
6897
6898
6899
6900
6903
6904
6905
6906
6907
6908
6911
6912
6913
6914
6915
6916
6919
6920
6921
6922
6923
6924
6947
6948
6949
6950
6953
6954
6955
6956
6959
6960
6961
6962
6965
6966
6967
6968
6971
6972
6973
6974
6977
6978
6979
6980
6983
6984
6985
6986
6989
6990
6991
6992
6995
6996
6997
6998
7001
7002
7003
7004
7007
7008
7009
7010
7013
7014
7015
7016
7019
7020
7021
7022
7025
7026
7027
7028
7031
7032
7033
7034
7037
7038
7039
7040
7043
7044
7045
7046
7055
7056
7057
7058
7059
7060
7063
7064
7065
7066
7067
7068
7071
7072
7073
7074
7075
7076
7079
7080
7081
7082
7083
7084
7087
7088
7089
7090
7091
7092
7095
7096
7097
7098
7099
7100
7103
7104
7105
7106
7107
7108
7111
7112
7113
7114
7115
7116
7119
7120
7121
7122
7123
7124
7127
7128
7129
7130
7131
7132
7135
7136
7137
7138
7139
7140
7143
7144
7145
7146
7147
7148
7151
7152
7153
7154
7155
7156
7175
7176
7177
7178
7179
7180
7183
7184
7185
7186
7187
7188
7191
7192
7193
7194
7195
7196
7199
7200
7201
7202
7203
7204
7207
7208
7209
7210
7211
7212
7215
7216
7217
7218
7219
7220
7223
7224
7225
7226
7227
7228
7231
7232
7233
7234
7235
7236
7239
7240
7241
7242
7243
7244
7247
7248
7249
7250
7251
7252
7255
7256
7257
7258
7259
7260
7283
7284
7285
7286
7289
7290
7291
7292
7295
7296
7297
7298
7301
7302
7303
7304
7307
7308
7309
7310
7313
7314
7315
7316
7319
7320
7321
7322
7325
7326
7327
7328
7331
7332
7333
7334
7337
7338
7339
7340
7343
7344
7345
7346
7349
7350
7351
7352
7355
7356
7357
7358
7361
7362
7363
7364
7367
7368
7369
7370
7373
7374
7375
7376
7379
7380
7381
7382
7391
7392
7393
7394
7395
7396
7399
7400
7401
7402
7403
7404
7407
7408
7409
7410
7411
7412
7415
7416
7417
7418
7419
7420
7423
7424
7425
7426
7427
7428
7431
7432
7433
7434
7435
7436
7439
7440
7441
7442
7443
7444
7447
7448
7449
7450
7451
7452
7455
7456
7457
7458
7459
7460
7463
7464
7465
7466
7467
7468
7471
7472
7473
7474
7475
7476
7479
7480
7481
7482
7483
7484
7487
7488
7489
7490
7491
7492
7511
7512
7513
7514
7515
7516
7519
7520
7521
7522
7523
7524
7527
7528
7529
7530
7531
7532
7535
7536
7537
7538
7539
7540
7543
7544
7545
7546
7547
7548
7551
7552
7553
7554
7555
7556
7559
7560
7561
7562
7563
7564
7567
7568
7569
7570
7571
7572
7575
7576
7577
7578
7579
7580
7583
7584
7585
7586
7587
7588
7591
7592
7593
7594
7595
7596
7619
7620
7621
7622
7625
7626
7627
7628
7631
7632
7633
7634
7637
7638
7639
7640
7643
7644
7645
7646
7649
7650
7651
7652
7655
7656
7657
7658
7661
7662
7663
7664
7667
7668
7669
7670
7673
7674
7675
7676
7679
7680
7681
7682
7685
7686
7687
7688
7691
7692
7693
7694
7697
7698
7699
7700
7703
7704
7705
7706
7709
7710
7711
7712
7715
7716
7717
7718
7727
7728
7729
7730
7731
7732
7735
7736
7737
7738
7739
7740
7743
7744
7745
7746
7747
7748
7751
7752
7753
7754
7755
7756
7759
7760
7761
7762
7763
7764
7767
7768
7769
7770
7771
7772
7775
7776
7777
7778
7779
7780
7783
7784
7785
7786
7787
7788
7791
7792
7793
7794
7795
7796
7799
7800
7801
7802
7803
7804
7807
7808
7809
7810
7811
7812
7815
7816
7817
7818
7819
7820
7823
7824
7825
7826
7827
7828
7847
7848
7849
7850
7851
7852
7855
7856
7857
7858
7859
7860
7863
7864
7865
7866
7867
7868
7871
7872
7873
7874
7875
7876
7879
7880
7881
7882
7883
7884
7887
7888
7889
7890
7891
7892
7895
7896
7897
7898
7899
7900
7903
7904
7905
7906
7907
7908
7911
7912
7913
7914
7915
7916
7919
7920
7921
7922
7923
7924
7927
7928
7929
7930
7931
7932
7955
7956
7957
7958
7961
7962
7963
7964
7967
7968
7969
7970
7973
7974
7975
7976
7979
7980
7981
7982
7985
7986
7987
7988
7991
7992
7993
7994
7997
7998
7999
8000
8003
8004
8005
8006
8009
8010
8011
8012
8015
8016
8017
8018
8021
8022
8023
8024
8027
8028
8029
8030
8033
8034
8035
8036
8039
8040
8041
8042
8045
8046
8047
8048
8051
8052
8053
8054
8063
8064
8065
8066
8067
8068
8071
8072
8073
8074
8075
8076
8079
8080
8081
8082
8083
8084
8087
8088
8089
8090
8091
8092
8095
8096
8097
8098
8099
8100
8103
8104
8105
8106
8107
8108
8111
8112
8113
8114
8115
8116
8119
8120
8121
8122
8123
8124
8127
8128
8129
8130
8131
8132
8135
8136
8137
8138
8139
8140
8143
8144
8145
8146
8147
8148
8151
8152
8153
8154
8155
8156
8159
8160
8161
8162
8163
8164
8183
8184
8185
8186
8187
8188
8191
8192
8193
8194
8195
8196
8199
8200
8201
8202
8203
8204
8207
8208
8209
8210
8211
8212
8215
8216
8217
8218
8219
8220
8223
8224
8225
8226
8227
8228
8231
8232
8233
8234
8235
8236
8239
8240
8241
8242
8243
8244
8247
8248
8249
8250
8251
8252
8255
8256
8257
8258
8259
8260
8263
8264
8265
8266
8267
8268
8291
8292
8293
8294
8297
8298
8299
8300
8303
8304
8305
8306
8309
8310
8311
8312
8315
8316
8317
8318
8321
8322
8323
8324
8327
8328
8329
8330
8333
8334
8335
8336
8339
8340
8341
8342
8345
8346
8347
8348
8351
8352
8353
8354
8357
8358
8359
8360
8363
8364
8365
8366
8369
8370
8371
8372
8375
8376
8377
8378
8381
8382
8383
8384
8387
8388
8389
8390
8399
8400
8401
8402
8403
8404
8407
8408
8409
8410
8411
8412
8415
8416
8417
8418
8419
8420
8423
8424
8425
8426
8427
8428
8431
8432
8433
8434
8435
8436
8439
8440
8441
8442
8443
8444
8447
8448
8449
8450
8451
8452
8455
8456
8457
8458
8459
8460
8463
8464
8465
8466
8467
8468
8471
8472
8473
8474
8475
8476
8479
8480
8481
8482
8483
8484
8487
8488
8489
8490
8491
8492
8495
8496
8497
8498
8499
8500
8519
8520
8521
8522
8523
8524
8527
8528
8529
8530
8531
8532
8535
8536
8537
8538
8539
8540
8543
8544
8545
8546
8547
8548
8551
8552
8553
8554
8555
8556
8559
8560
8561
8562
8563
8564
8567
8568
8569
8570
8571
8572
8575
8576
8577
8578
8579
8580
8583
8584
8585
8586
8587
8588
8591
8592
8593
8594
8595
8596
8599
8600
8601
8602
8603
8604
8627
8628
8629
8630
8633
8634
8635
8636
8639
8640
8641
8642
8645
8646
8647
8648
8651
8652
8653
8654
8657
8658
8659
8660
8663
8664
8665
8666
8669
8670
8671
8672
8675
8676
8677
8678
8681
8682
8683
8684
8687
8688
8689
8690
8693
8694
8695
8696
8699
8700
8701
8702
8705
8706
8707
8708
8711
8712
8713
8714
8717
8718
8719
8720
8723
8724
8725
8726
8735
8736
8737
8738
8739
8740
8743
8744
8745
8746
8747
8748
8751
8752
8753
8754
8755
8756
8759
8760
8761
8762
8763
8764
8767
8768
8769
8770
8771
8772
8775
8776
8777
8778
8779
8780
8783
8784
8785
8786
8787
8788
8791
8792
8793
8794
8795
8796
8799
8800
8801
8802
8803
8804
8807
8808
8809
8810
8811
8812
8815
8816
8817
8818
8819
8820
8823
8824
8825
8826
8827
8828
8831
8832
8833
8834
8835
8836
8855
8856
8857
8858
8859
8860
8863
8864
8865
8866
8867
8868
8871
8872
8873
8874
8875
8876
8879
8880
8881
8882
8883
8884
8887
8888
8889
8890
8891
8892
8895
8896
8897
8898
8899
8900
8903
8904
8905
8906
8907
8908
8911
8912
8913
8914
8915
8916
8919
8920
8921
8922
8923
8924
8927
8928
8929
8930
8931
8932
8935
8936
8937
8938
8939
8940
8963
8964
8965
8966
8969
8970
8971
8972
8975
8976
8977
8978
8981
8982
8983
8984
8987
8988
8989
8990
8993
8994
8995
8996
8999
9000
9001
9002
9005
9006
9007
9008
9011
9012
9013
9014
9017
9018
9019
9020
9023
9024
9025
9026
9029
9030
9031
9032
9035
9036
9037
9038
9041
9042
9043
9044
9047
9048
9049
9050
9053
9054
9055
9056
9059
9060
9061
9062
9071
9072
9073
9074
9075
9076
9079
9080
9081
9082
9083
9084
9087
9088
9089
9090
9091
9092
9095
9096
9097
9098
9099
9100
9103
9104
9105
9106
9107
9108
9111
9112
9113
9114
9115
9116
9119
9120
9121
9122
9123
9124
9127
9128
9129
9130
9131
9132
9135
9136
9137
9138
9139
9140
9143
9144
9145
9146
9147
9148
9151
9152
9153
9154
9155
9156
9159
9160
9161
9162
9163
9164
9167
9168
9169
9170
9171
9172
9191
9192
9193
9194
9195
9196
9199
9200
9201
9202
9203
9204
9207
9208
9209
9210
9211
9212
9215
9216
9217
9218
9219
9220
9223
9224
9225
9226
9227
9228
9231
9232
9233
9234
9235
9236
9239
9240
9241
9242
9243
9244
9247
9248
9249
9250
9251
9252
9255
9256
9257
9258
9259
9260
9263
9264
9265
9266
9267
9268
9271
9272
9273
9274
9275
9276
9299
9300
9301
9302
9305
9306
9307
9308
9311
9312
9313
9314
9317
9318
9319
9320
9323
9324
9325
9326
9329
9330
9331
9332
9335
9336
9337
9338
9341
9342
9343
9344
9347
9348
9349
9350
9353
9354
9355
9356
9359
9360
9361
9362
9365
9366
9367
9368
9371
9372
9373
9374
9377
9378
9379
9380
9383
9384
9385
9386
9389
9390
9391
9392
9395
9396
9397
9398
9407
9408
9409
9410
9411
9412
9415
9416
9417
9418
9419
9420
9423
9424
9425
9426
9427
9428
9431
9432
9433
9434
9435
9436
9439
9440
9441
9442
9443
9444
9447
9448
9449
9450
9451
9452
9455
9456
9457
9458
9459
9460
9463
9464
9465
9466
9467
9468
9471
9472
9473
9474
9475
9476
9479
9480
9481
9482
9483
9484
9487
9488
9489
9490
9491
9492
9495
9496
9497
9498
9499
9500
9503
9504
9505
9506
9507
9508
9527
9528
9529
9530
9531
9532
9535
9536
9537
9538
9539
9540
9543
9544
9545
9546
9547
9548
9551
9552
9553
9554
9555
9556
9559
9560
9561
9562
9563
9564
9567
9568
9569
9570
9571
9572
9575
9576
9577
9578
9579
9580
9583
9584
9585
9586
9587
9588
9591
9592
9593
9594
9595
9596
9599
9600
9601
9602
9603
9604
9607
9608
9609
9610
9611
9612
9635
9636
9637
9638
9641
9642
9643
9644
9647
9648
9649
9650
9653
9654
9655
9656
9659
9660
9661
9662
9665
9666
9667
9668
9671
9672
9673
9674
9677
9678
9679
9680
9683
9684
9685
9686
9689
9690
9691
9692
9695
9696
9697
9698
9701
9702
9703
9704
9707
9708
9709
9710
9713
9714
9715
9716
9719
9720
9721
9722
9725
9726
9727
9728
9731
9732
9733
9734
9743
9744
9745
9746
9747
9748
9751
9752
9753
9754
9755
9756
9759
9760
9761
9762
9763
9764
9767
9768
9769
9770
9771
9772
9775
9776
9777
9778
9779
9780
9783
9784
9785
9786
9787
9788
9791
9792
9793
9794
9795
9796
9799
9800
9801
9802
9803
9804
9807
9808
9809
9810
9811
9812
9815
9816
9817
9818
9819
9820
9823
9824
9825
9826
9827
9828
9831
9832
9833
9834
9835
9836
9839
9840
9841
9842
9843
9844
9863
9864
9865
9866
9867
9868
9871
9872
9873
9874
9875
9876
9879
9880
9881
9882
9883
9884
9887
9888
9889
9890
9891
9892
9895
9896
9897
9898
9899
9900
9903
9904
9905
9906
9907
9908
9911
9912
9913
9914
9915
9916
9919
9920
9921
9922
9923
9924
9927
9928
9929
9930
9931
9932
9935
9936
9937
9938
9939
9940
9943
9944
9945
9946
9947
9948
9971
9972
9973
9974
9977
9978
9979
9980
9983
9984
9985
9986
9989
9990
9991
9992
9995
9996
9997
9998
10001
10002
10003
10004
10007
10008
10009
10010
10013
10014
10015
10016
10019
10020
10021
10022
10025
10026
10027
10028
10031
10032
10033
10034
10037
10038
10039
10040
10043
10044
10045
10046
10049
10050
10051
10052
10055
10056
10057
10058
10061
10062
10063
10064
10067
10068
10069
10070
10079
10080
10081
10082
10083
10084
10087
10088
10089
10090
10091
10092
10095
10096
10097
10098
10099
10100
10103
10104
10105
10106
10107
10108
10111
10112
10113
10114
10115
10116
10119
10120
10121
10122
10123
10124
10127
10128
10129
10130
10131
10132
10135
10136
10137
10138
10139
10140
10143
10144
10145
10146
10147
10148
10151
10152
10153
10154
10155
10156
10159
10160
10161
10162
10163
10164
10167
10168
10169
10170
10171
10172
10175
10176
10177
10178
10179
10180
10199
10200
10201
10202
10203
10204
10207
10208
10209
10210
10211
10212
10215
10216
10217
10218
10219
10220
10223
10224
10225
10226
10227
10228
10231
10232
10233
10234
10235
10236
10239
10240
10241
10242
10243
10244
10247
10248
10249
10250
10251
10252
10255
10256
10257
10258
10259
10260
10263
10264
10265
10266
10267
10268
10271
10272
10273
10274
10275
10276
10279
10280
10281
10282
10283
10284
10307
10308
10309
10310
10313
10314
10315
10316
10319
10320
10321
10322
10325
10326
10327
10328
10331
10332
10333
10334
10337
10338
10339
10340
10343
10344
10345
10346
10349
10350
10351
10352
10355
10356
10357
10358
10361
10362
10363
10364
10367
10368
10369
10370
10373
10374
10375
10376
10379
10380
10381
10382
10385
10386
10387
10388
10391
10392
10393
10394
10397
10398
10399
10400
10403
10404
10405
10406
10415
10416
10417
10418
10419
10420
10423
10424
10425
10426
10427
10428
10431
10432
10433
10434
10435
10436
10439
10440
10441
10442
10443
10444
10447
10448
10449
10450
10451
10452
10455
10456
10457
10458
10459
10460
10463
10464
10465
10466
10467
10468
10471
10472
10473
10474
10475
10476
10479
10480
10481
10482
10483
10484
10487
10488
10489
10490
10491
10492
10495
10496
10497
10498
10499
10500
10503
10504
10505
10506
10507
10508
10511
10512
10513
10514
10515
10516
10535
10536
10537
10538
10539
10540
10543
10544
10545
10546
10547
10548
10551
10552
10553
10554
10555
10556
10559
10560
10561
10562
10563
10564
10567
10568
10569
10570
10571
10572
10575
10576
10577
10578
10579
10580
10583
10584
10585
10586
10587
10588
10591
10592
10593
10594
10595
10596
10599
10600
10601
10602
10603
10604
10607
10608
10609
10610
10611
10612
10615
10616
10617
10618
10619
10620
10643
10644
10645
10646
10649
10650
10651
10652
10655
10656
10657
10658
10661
10662
10663
10664
10667
10668
10669
10670
10673
10674
10675
10676
10679
10680
10681
10682
10685
10686
10687
10688
10691
10692
10693
10694
10697
10698
10699
10700
10703
10704
10705
10706
10709
10710
10711
10712
10715
10716
10717
10718
10721
10722
10723
10724
10727
10728
10729
10730
10733
10734
10735
10736
10739
10740
10741
10742
10751
10752
10753
10754
10755
10756
10759
10760
10761
10762
10763
10764
10767
10768
10769
10770
10771
10772
10775
10776
10777
10778
10779
10780
10783
10784
10785
10786
10787
10788
10791
10792
10793
10794
10795
10796
10799
10800
10801
10802
10803
10804
10807
10808
10809
10810
10811
10812
10815
10816
10817
10818
10819
10820
10823
10824
10825
10826
10827
10828
10831
10832
10833
10834
10835
10836
10839
10840
10841
10842
10843
10844
10847
10848
10849
10850
10851
10852
10871
10872
10873
10874
10875
10876
10879
10880
10881
10882
10883
10884
10887
10888
10889
10890
10891
10892
10895
10896
10897
10898
10899
10900
10903
10904
10905
10906
10907
10908
10911
10912
10913
10914
10915
10916
10919
10920
10921
10922
10923
10924
10927
10928
10929
10930
10931
10932
10935
10936
10937
10938
10939
10940
10943
10944
10945
10946
10947
10948
10951
10952
10953
10954
10955
10956
10979
10980
10981
10982
10985
10986
10987
10988
10991
10992
10993
10994
10997
10998
10999
11000
11003
11004
11005
11006
11009
11010
11011
11012
11015
11016
11017
11018
11021
11022
11023
11024
11027
11028
11029
11030
11033
11034
11035
11036
11039
11040
11041
11042
11045
11046
11047
11048
11051
11052
11053
11054
11057
11058
11059
11060
11063
11064
11065
11066
11069
11070
11071
11072
11075
11076
11077
11078
11129
11130
11131
11132
11133
11134
11137
11138
11139
11140
11141
11142
11145
11146
11147
11148
11149
11150
11153
11154
11155
11156
11157
11158
11161
11162
11163
11164
11165
11166
11169
11170
11171
11172
11173
11174
11177
11178
11179
11180
11181
11182
11185
11186
11187
11188
11189
11190
11193
11194
11195
11196
11197
11198
11201
11202
11203
11204
11205
11206
11209
11210
11211
11212
11213
11214
11237
11238
11239
11240
11243
11244
11245
11246
11249
11250
11251
11252
11255
11256
11257
11258
11261
11262
11263
11264
11267
11268
11269
11270
11273
11274
11275
11276
11279
11280
11281
11282
11285
11286
11287
11288
11291
11292
11293
11294
11297
11298
11299
11300
11303
11304
11305
11306
11309
11310
11311
11312
11315
11316
11317
11318
11321
11322
11323
11324
11327
11328
11329
11330
11333
11334
11335
11336
11345
11346
11347
11350
11351
11352
11355
11356
11357
11360
11361
11362
11365
11366
11367
11370
11371
11372
11375
11376
11377
11380
11381
11382
11385
11386
11387
11390
11391
11392
11395
11396
11397
11400
11401
11402
11423
11424
11425
11426
11427
11428
11431
11432
11433
11434
11435
11436
11439
11440
11441
11442
11443
11444
11447
11448
11449
11450
11451
11452
11455
11456
11457
11458
11459
11460
11463
11464
11465
11466
11467
11468
11471
11472
11473
11474
11475
11476
11479
11480
11481
11482
11483
11484
11487
11488
11489
11490
11491
11492
11495
11496
11497
11498
11499
11500
11503
11504
11505
11506
11507
11508
11531
11532
11533
11534
11537
11538
11539
11540
11543
11544
11545
11546
11549
11550
11551
11552
11555
11556
11557
11558
11561
11562
11563
11564
11567
11568
11569
11570
11573
11574
11575
11576
11579
11580
11581
11582
11585
11586
11587
11588
11591
11592
11593
11594
11597
11598
11599
11600
11603
11604
11605
11606
11609
11610
11611
11612
11615
11616
11617
11618
11621
11622
11623
11624
11627
11628
11629
11630
11639
11640
11641
11644
11645
11646
11649
11650
11651
11654
11655
11656
11659
11660
11661
11664
11665
11666
11669
11670
11671
11674
11675
11676
11679
11680
11681
11684
11685
11686
11689
11690
11691
11694
11695
11696
11717
11718
11719
11720
11721
11722
11725
11726
11727
11728
11729
11730
11733
11734
11735
11736
11737
11738
11741
11742
11743
11744
11745
11746
11749
11750
11751
11752
11753
11754
11757
11758
11759
11760
11761
11762
11765
11766
11767
11768
11769
11770
11773
11774
11775
11776
11777
11778
11781
11782
11783
11784
11785
11786
11789
11790
11791
11792
11793
11794
11797
11798
11799
11800
11801
11802
11825
11826
11827
11828
11831
11832
11833
11834
11837
11838
11839
11840
11843
11844
11845
11846
11849
11850
11851
11852
11855
11856
11857
11858
11861
11862
11863
11864
11867
11868
11869
11870
11873
11874
11875
11876
11879
11880
11881
11882
11885
11886
11887
11888
11891
11892
11893
11894
11897
11898
11899
11900
11903
11904
11905
11906
11909
11910
11911
11912
11915
11916
11917
11918
11921
11922
11923
11924
11933
11934
11935
11938
11939
11940
11943
11944
11945
11948
11949
11950
11953
11954
11955
11958
11959
11960
11963
11964
11965
11968
11969
11970
11973
11974
11975
11978
11979
11980
11983
11984
11985
11988
11989
11990
12011
12012
12013
12014
12015
12016
12019
12020
12021
12022
12023
12024
12027
12028
12029
12030
12031
12032
12035
12036
12037
12038
12039
12040
12043
12044
12045
12046
12047
12048
12051
12052
12053
12054
12055
12056
12059
12060
12061
12062
12063
12064
12067
12068
12069
12070
12071
12072
12075
12076
12077
12078
12079
12080
12083
12084
12085
12086
12087
12088
12091
12092
12093
12094
12095
12096
12119
12120
12121
12122
12125
12126
12127
12128
12131
12132
12133
12134
12137
12138
12139
12140
12143
12144
12145
12146
12149
12150
12151
12152
12155
12156
12157
12158
12161
12162
12163
12164
12167
12168
12169
12170
12173
12174
12175
12176
12179
12180
12181
12182
12185
12186
12187
12188
12191
12192
12193
12194
12197
12198
12199
12200
12203
12204
12205
12206
12209
12210
12211
12212
12215
12216
12217
12218
12227
12228
12229
12232
12233
12234
12237
12238
12239
12242
12243
12244
12247
12248
12249
12252
12253
12254
12257
12258
12259
12262
12263
12264
12267
12268
12269
12272
12273
12274
12277
12278
12279
12282
12283
12284
12305
12306
12307
12308
12309
12310
12313
12314
12315
12316
12317
12318
12321
12322
12323
12324
12325
12326
12329
12330
12331
12332
12333
12334
12337
12338
12339
12340
12341
12342
12345
12346
12347
12348
12349
12350
12353
12354
12355
12356
12357
12358
12361
12362
12363
12364
12365
12366
12369
12370
12371
12372
12373
12374
12377
12378
12379
12380
12381
12382
12385
12386
12387
12388
12389
12390
12413
12414
12415
12416
12419
12420
12421
12422
12425
12426
12427
12428
12431
12432
12433
12434
12437
12438
12439
12440
12443
12444
12445
12446
12449
12450
12451
12452
12455
12456
12457
12458
12461
12462
12463
12464
12467
12468
12469
12470
12473
12474
12475
12476
12479
12480
12481
12482
12485
12486
12487
12488
12491
12492
12493
12494
12497
12498
12499
12500
12503
12504
12505
12506
12509
12510
12511
12512
12521
12522
12523
12526
12527
12528
12531
12532
12533
12536
12537
12538
12541
12542
12543
12546
12547
12548
12551
12552
12553
12556
12557
12558
12561
12562
12563
12566
12567
12568
12571
12572
12573
12576
12577
12578
12599
12600
12601
12602
12603
12604
12607
12608
12609
12610
12611
12612
12615
12616
12617
12618
12619
12620
12623
12624
12625
12626
12627
12628
12631
12632
12633
12634
12635
12636
12639
12640
12641
12642
12643
12644
12647
12648
12649
12650
12651
12652
12655
12656
12657
12658
12659
12660
12663
12664
12665
12666
12667
12668
12671
12672
12673
12674
12675
12676
12679
12680
12681
12682
12683
12684
12707
12708
12709
12710
12713
12714
12715
12716
12719
12720
12721
12722
12725
12726
12727
12728
12731
12732
12733
12734
12737
12738
12739
12740
12743
12744
12745
12746
12749
12750
12751
12752
12755
12756
12757
12758
12761
12762
12763
12764
12767
12768
12769
12770
12773
12774
12775
12776
12779
12780
12781
12782
12785
12786
12787
12788
12791
12792
12793
12794
12797
12798
12799
12800
12803
12804
12805
12806
12815
12816
12817
12820
12821
12822
12825
12826
12827
12830
12831
12832
12835
12836
12837
12840
12841
12842
12845
12846
12847
12850
12851
12852
12855
12856
12857
12860
12861
12862
12865
12866
12867
12870
12871
12872
12893
12894
12895
12896
12897
12898
12901
12902
12903
12904
12905
12906
12909
12910
12911
12912
12913
12914
12917
12918
12919
12920
12921
12922
12925
12926
12927
12928
12929
12930
12933
12934
12935
12936
12937
12938
12941
12942
12943
12944
12945
12946
12949
12950
12951
12952
12953
12954
12957
12958
12959
12960
12961
12962
12965
12966
12967
12968
12969
12970
12973
12974
12975
12976
12977
12978
13001
13002
13003
13004
13007
13008
13009
13010
13013
13014
13015
13016
13019
13020
13021
13022
13025
13026
13027
13028
13031
13032
13033
13034
13037
13038
13039
13040
13043
13044
13045
13046
13049
13050
13051
13052
13055
13056
13057
13058
13061
13062
13063
13064
13067
13068
13069
13070
13073
13074
13075
13076
13079
13080
13081
13082
13085
13086
13087
13088
13091
13092
13093
13094
13097
13098
13099
13100
13109
13110
13111
13114
13115
13116
13119
13120
13121
13124
13125
13126
13129
13130
13131
13134
13135
13136
13139
13140
13141
13144
13145
13146
13149
13150
13151
13154
13155
13156
13159
13160
13161
13164
13165
13166
13187
13188
13189
13190
13191
13192
13195
13196
13197
13198
13199
13200
13203
13204
13205
13206
13207
13208
13211
13212
13213
13214
13215
13216
13219
13220
13221
13222
13223
13224
13227
13228
13229
13230
13231
13232
13235
13236
13237
13238
13239
13240
13243
13244
13245
13246
13247
13248
13251
13252
13253
13254
13255
13256
13259
13260
13261
13262
13263
13264
13267
13268
13269
13270
13271
13272
13295
13296
13297
13298
13301
13302
13303
13304
13307
13308
13309
13310
13313
13314
13315
13316
13319
13320
13321
13322
13325
13326
13327
13328
13331
13332
13333
13334
13337
13338
13339
13340
13343
13344
13345
13346
13349
13350
13351
13352
13355
13356
13357
13358
13361
13362
13363
13364
13367
13368
13369
13370
13373
13374
13375
13376
13379
13380
13381
13382
13385
13386
13387
13388
13391
13392
13393
13394
13403
13404
13405
13408
13409
13410
13413
13414
13415
13418
13419
13420
13423
13424
13425
13428
13429
13430
13433
13434
13435
13438
13439
13440
13443
13444
13445
13448
13449
13450
13453
13454
13455
13458
13459
13460
13481
13482
13483
13484
13485
13486
13489
13490
13491
13492
13493
13494
13497
13498
13499
13500
13501
13502
13505
13506
13507
13508
13509
13510
13513
13514
13515
13516
13517
13518
13521
13522
13523
13524
13525
13526
13529
13530
13531
13532
13533
13534
13537
13538
13539
13540
13541
13542
13545
13546
13547
13548
13549
13550
13553
13554
13555
13556
13557
13558
13561
13562
13563
13564
13565
13566
13629
13630
13631
13634
13635
13636
13639
13640
13641
13644
13645
13646
13649
13650
13651
13654
13655
13656
13659
13660
13661
13664
13665
13666
13669
13670
13671
13674
13675
13676
13679
13680
13681
13684
13685
13686
13707
13708
13709
13710
13711
13712
13715
13716
13717
13718
13719
13720
13723
13724
13725
13726
13727
13728
13731
13732
13733
13734
13735
13736
13739
13740
13741
13742
13743
13744
13747
13748
13749
13750
13751
13752
13755
13756
13757
13758
13759
13760
13763
13764
13765
13766
13767
13768
13771
13772
13773
13774
13775
13776
13779
13780
13781
13782
13783
13784
13787
13788
13789
13790
13791
13792
13855
13856
13857
13860
13861
13862
13865
13866
13867
13870
13871
13872
13875
13876
13877
13880
13881
13882
13885
13886
13887
13890
13891
13892
13895
13896
13897
13900
13901
13902
13905
13906
13907
13910
13911
13912
13933
13934
13935
13936
13937
13938
13941
13942
13943
13944
13945
13946
13949
13950
13951
13952
13953
13954
13957
13958
13959
13960
13961
13962
13965
13966
13967
13968
13969
13970
13973
13974
13975
13976
13977
13978
13981
13982
13983
13984
13985
13986
13989
13990
13991
13992
13993
13994
13997
13998
13999
14000
14001
14002
14005
14006
14007
14008
14009
14010
14013
14014
14015
14016
14017
14018
14081
14082
14083
14086
14087
14088
14091
14092
14093
14096
14097
14098
14101
14102
14103
14106
14107
14108
14111
14112
14113
14116
14117
14118
14121
14122
14123
14126
14127
14128
14131
14132
14133
14136
14137
14138
14159
14160
14161
14162
14163
14164
14167
14168
14169
14170
14171
14172
14175
14176
14177
14178
14179
14180
14183
14184
14185
14186
14187
14188
14191
14192
14193
14194
14195
14196
14199
14200
14201
14202
14203
14204
14207
14208
14209
14210
14211
14212
14215
14216
14217
14218
14219
14220
14223
14224
14225
14226
14227
14228
14231
14232
14233
14234
14235
14236
14239
14240
14241
14242
14243
14244
14307
14308
14309
14312
14313
14314
14317
14318
14319
14322
14323
14324
14327
14328
14329
14332
14333
14334
14337
14338
14339
14342
14343
14344
14347
14348
14349
14352
14353
14354
14357
14358
14359
14362
14363
14364
)


// ************************************************************************* //
