/*--------------------------------*- C++ -*----------------------------------*\
| =========                 |                                                 |
| \\      /  F ield         | OpenFOAM: The Open Source CFD Toolbox           |
|  \\    /   O peration     | Version:  2606                                  |
|   \\  /    A nd           | Website:  www.openfoam.com                      |
|    \\/     M anipulation  |                                                 |
\*---------------------------------------------------------------------------*/
FoamFile
{
    version     2.0;
    format      ascii;
    arch        "LSB;label=32;scalar=64";
    class       cellSet;
    location    "constant/Dell_PowerEdge_R470_1U_1/polyMesh/sets";
    object      PCIe_and_system_board_rear_zone_5;
}
// * * * * * * * * * * * * * * * * * * * * * * * * * * * * * * * * * * * * * //


2262
(
8399
8400
8401
8402
8403
8404
8407
8408
8409
8410
8411
8412
8415
8416
8417
8418
8419
8420
8423
8424
8425
8426
8427
8428
8431
8432
8433
8434
8435
8436
8439
8440
8441
8442
8443
8444
8447
8448
8449
8450
8451
8452
8455
8456
8457
8458
8459
8460
8463
8464
8465
8466
8467
8468
8471
8472
8473
8474
8475
8476
8479
8480
8481
8482
8483
8484
8487
8488
8489
8490
8491
8492
8495
8496
8497
8498
8499
8500
8735
8736
8737
8738
8739
8740
8743
8744
8745
8746
8747
8748
8751
8752
8753
8754
8755
8756
8759
8760
8761
8762
8763
8764
8767
8768
8769
8770
8771
8772
8775
8776
8777
8778
8779
8780
8783
8784
8785
8786
8787
8788
8791
8792
8793
8794
8795
8796
8799
8800
8801
8802
8803
8804
8807
8808
8809
8810
8811
8812
8815
8816
8817
8818
8819
8820
8823
8824
8825
8826
8827
8828
8831
8832
8833
8834
8835
8836
9071
9072
9073
9074
9075
9076
9079
9080
9081
9082
9083
9084
9087
9088
9089
9090
9091
9092
9095
9096
9097
9098
9099
9100
9103
9104
9105
9106
9107
9108
9111
9112
9113
9114
9115
9116
9119
9120
9121
9122
9123
9124
9127
9128
9129
9130
9131
9132
9135
9136
9137
9138
9139
9140
9143
9144
9145
9146
9147
9148
9151
9152
9153
9154
9155
9156
9159
9160
9161
9162
9163
9164
9167
9168
9169
9170
9171
9172
9407
9408
9409
9410
9411
9412
9415
9416
9417
9418
9419
9420
9423
9424
9425
9426
9427
9428
9431
9432
9433
9434
9435
9436
9439
9440
9441
9442
9443
9444
9447
9448
9449
9450
9451
9452
9455
9456
9457
9458
9459
9460
9463
9464
9465
9466
9467
9468
9471
9472
9473
9474
9475
9476
9479
9480
9481
9482
9483
9484
9487
9488
9489
9490
9491
9492
9495
9496
9497
9498
9499
9500
9503
9504
9505
9506
9507
9508
1479
1480
1481
1482
1483
1484
1487
1488
1489
1490
1491
1492
1495
1496
1497
1498
1499
1500
1503
1504
1505
1506
1507
1508
1511
1512
1513
1514
1515
1516
1519
1520
1521
1522
1523
1524
1527
1528
1529
1530
1531
1532
1535
1536
1537
1538
1539
1540
1543
1544
1545
1546
1547
1548
9743
1551
9744
1552
9745
1553
9746
1554
9747
1555
9748
1556
9751
1559
9752
1560
9753
1561
9754
1562
9755
1563
9756
1564
9759
1567
9760
1568
9761
1569
9762
1570
9763
1571
9764
1572
9767
1575
9768
1576
9769
1577
9770
1578
9771
1579
9772
1580
9775
9776
9777
9778
9779
9780
9783
9784
9785
9786
9787
9788
9791
9792
9793
9794
9795
9796
9799
9800
9801
9802
9803
9804
9807
9808
9809
9810
9811
9812
9815
9816
9817
9818
9819
9820
9823
9824
9825
9826
9827
9828
9831
9832
9833
9834
9835
9836
9839
9840
9841
9842
9843
9844
1747
1748
1749
1750
1751
1752
1755
1756
1757
1758
1759
1760
1763
1764
1765
1766
1767
1768
1771
1772
1773
1774
1775
1776
1779
1780
1781
1782
1783
1784
1787
1788
1789
1790
1791
1792
1795
1796
1797
1798
1799
1800
1803
1804
1805
1806
1807
1808
1811
1812
1813
1814
1815
1816
1819
1820
1821
1822
1823
1824
1827
1828
1829
1830
1831
1832
1835
1836
1837
1838
1839
1840
1843
1844
1845
1846
1847
1848
10079
10080
10081
10082
10083
10084
10087
10088
10089
10090
10091
10092
10095
10096
10097
10098
10099
10100
10103
10104
10105
10106
10107
10108
10111
10112
10113
10114
10115
10116
10119
10120
10121
10122
10123
10124
10127
10128
10129
10130
10131
10132
10135
10136
10137
10138
10139
10140
10143
10144
10145
10146
10147
10148
10151
10152
10153
10154
10155
10156
10159
10160
10161
10162
10163
10164
10167
10168
10169
10170
10171
10172
10175
10176
10177
10178
10179
10180
2015
2016
2017
2018
2019
2020
2023
2024
2025
2026
2027
2028
2031
2032
2033
2034
2035
2036
2039
2040
2041
2042
2043
2044
2047
2048
2049
2050
2051
2052
2055
2056
2057
2058
2059
2060
2063
2064
2065
2066
2067
2068
2071
2072
2073
2074
2075
2076
2079
2080
2081
2082
2083
2084
2087
2088
2089
2090
2091
2092
2095
2096
2097
2098
2099
2100
2103
2104
2105
2106
2107
2108
2111
2112
2113
2114
2115
2116
10415
10416
10417
10418
10419
10420
10423
10424
10425
10426
10427
10428
10431
10432
10433
10434
10435
10436
10439
10440
10441
10442
10443
10444
10447
10448
10449
10450
10451
10452
10455
10456
10457
10458
10459
10460
10463
10464
10465
10466
10467
10468
10471
10472
10473
10474
10475
10476
10479
10480
10481
10482
10483
10484
10487
10488
10489
10490
10491
10492
10495
10496
10497
10498
10499
10500
10503
10504
10505
10506
10507
10508
10511
10512
10513
10514
10515
10516
2351
2352
2353
2354
2355
2356
2359
2360
2361
2362
2363
2364
2367
2368
2369
2370
2371
2372
2375
2376
2377
2378
2379
2380
2383
2384
2385
2386
2387
2388
2391
2392
2393
2394
2395
2396
2399
2400
2401
2402
2403
2404
2407
2408
2409
2410
2411
2412
2415
2416
2417
2418
2419
2420
2423
2424
2425
2426
2427
2428
2431
2432
2433
2434
2435
2436
2439
2440
2441
2442
2443
2444
2447
2448
2449
2450
2451
2452
10751
10752
10753
10754
10755
10756
10759
10760
10761
10762
10763
10764
10767
10768
10769
10770
10771
10772
10775
10776
10777
10778
10779
10780
10783
10784
10785
10786
10787
10788
10791
10792
10793
10794
10795
10796
10799
10800
10801
10802
10803
10804
10807
10808
10809
10810
10811
10812
10815
10816
10817
10818
10819
10820
10823
10824
10825
10826
10827
10828
10831
10832
10833
10834
10835
10836
10839
10840
10841
10842
10843
10844
10847
10848
10849
10850
10851
10852
2687
2688
2689
2690
2691
2692
2695
2696
2697
2698
2699
2700
2703
2704
2705
2706
2707
2708
2711
2712
2713
2714
2715
2716
2719
2720
2721
2722
2723
2724
2727
2728
2729
2730
2731
2732
2735
2736
2737
2738
2739
2740
2743
2744
2745
2746
2747
2748
2751
2752
2753
2754
2755
2756
2759
2760
2761
2762
2763
2764
2767
2768
2769
2770
2771
2772
2775
2776
2777
2778
2779
2780
2783
2784
2785
2786
2787
2788
3023
3024
3025
3026
3027
3028
3031
3032
3033
3034
3035
3036
3039
3040
3041
3042
3043
3044
3047
3048
3049
3050
3051
3052
3055
3056
3057
3058
3059
3060
3063
3064
3065
3066
3067
3068
3071
3072
3073
3074
3075
3076
3079
3080
3081
3082
3083
3084
3087
3088
3089
3090
3091
3092
3095
3096
3097
3098
3099
3100
3103
3104
3105
3106
3107
3108
3111
3112
3113
3114
3115
3116
3119
3120
3121
3122
3123
3124
3359
3360
3361
3362
3363
3364
3367
3368
3369
3370
3371
3372
3375
3376
3377
3378
3379
3380
3383
3384
3385
3386
3387
3388
3391
3392
3393
3394
3395
3396
3399
3400
3401
3402
3403
3404
3407
3408
3409
3410
3411
3412
3415
3416
3417
3418
3419
3420
3423
3424
3425
3426
3427
3428
3431
3432
3433
3434
3435
3436
3439
3440
3441
3442
3443
3444
3447
3448
3449
3450
3451
3452
3455
3456
3457
3458
3459
3460
3695
3696
3697
3698
3699
3700
3703
3704
3705
3706
3707
3708
3711
3712
3713
3714
3715
3716
3719
3720
3721
3722
3723
3724
3727
3728
3729
3730
3731
3732
3735
3736
3737
3738
3739
3740
3743
3744
3745
3746
3747
3748
3751
3752
3753
3754
3755
3756
3759
3760
3761
3762
3763
3764
3767
3768
3769
3770
3771
3772
3775
3776
3777
3778
3779
3780
3783
3784
3785
3786
3787
3788
3791
3792
3793
3794
3795
3796
4031
4032
4033
4034
4035
4036
4039
4040
4041
4042
4043
4044
4047
4048
4049
4050
4051
4052
4055
4056
4057
4058
4059
4060
4063
4064
4065
4066
4067
4068
4071
4072
4073
4074
4075
4076
4079
4080
4081
4082
4083
4084
4087
4088
4089
4090
4091
4092
4095
4096
4097
4098
4099
4100
4103
4104
4105
4106
4107
4108
4111
4112
4113
4114
4115
4116
4119
4120
4121
4122
4123
4124
4127
4128
4129
4130
4131
4132
4367
4368
4369
4370
4371
4372
4375
4376
4377
4378
4379
4380
4383
4384
4385
4386
4387
4388
4391
4392
4393
4394
4395
4396
4399
4400
4401
4402
4403
4404
4407
4408
4409
4410
4411
4412
4415
4416
4417
4418
4419
4420
4423
4424
4425
4426
4427
4428
4431
4432
4433
4434
4435
4436
4439
4440
4441
4442
4443
4444
4447
4448
4449
4450
4451
4452
4455
4456
4457
4458
4459
4460
4463
4464
4465
4466
4467
4468
4703
4704
4705
4706
4707
4708
4711
4712
4713
4714
4715
4716
4719
4720
4721
4722
4723
4724
4727
4728
4729
4730
4731
4732
4735
4736
4737
4738
4739
4740
4743
4744
4745
4746
4747
4748
4751
4752
4753
4754
4755
4756
4759
4760
4761
4762
4763
4764
4767
4768
4769
4770
4771
4772
4775
4776
4777
4778
4779
4780
4783
4784
4785
4786
4787
4788
4791
4792
4793
4794
4795
4796
4799
4800
4801
4802
4803
4804
5039
5040
5041
5042
5043
5044
5047
5048
5049
5050
5051
5052
5055
5056
5057
5058
5059
5060
5063
5064
5065
5066
5067
5068
5071
5072
5073
5074
5075
5076
5079
5080
5081
5082
5083
5084
5087
5088
5089
5090
5091
5092
5095
5096
5097
5098
5099
5100
5103
5104
5105
5106
5107
5108
5111
5112
5113
5114
5115
5116
5119
5120
5121
5122
5123
5124
5127
5128
5129
5130
5131
5132
5135
5136
5137
5138
5139
5140
5375
5376
5377
5378
5379
5380
5383
5384
5385
5386
5387
5388
5391
5392
5393
5394
5395
5396
5399
5400
5401
5402
5403
5404
5407
5408
5409
5410
5411
5412
5415
5416
5417
5418
5419
5420
5423
5424
5425
5426
5427
5428
5431
5432
5433
5434
5435
5436
5439
5440
5441
5442
5443
5444
5447
5448
5449
5450
5451
5452
5455
5456
5457
5458
5459
5460
5463
5464
5465
5466
5467
5468
5471
5472
5473
5474
5475
5476
5711
5712
5713
5714
5715
5716
5719
5720
5721
5722
5723
5724
5727
5728
5729
5730
5731
5732
5735
5736
5737
5738
5739
5740
5743
5744
5745
5746
5747
5748
5751
5752
5753
5754
5755
5756
5759
5760
5761
5762
5763
5764
5767
5768
5769
5770
5771
5772
5775
5776
5777
5778
5779
5780
5783
5784
5785
5786
5787
5788
5791
5792
5793
5794
5795
5796
5799
5800
5801
5802
5803
5804
5807
5808
5809
5810
5811
5812
6047
6048
6049
6050
6051
6052
6055
6056
6057
6058
6059
6060
6063
6064
6065
6066
6067
6068
6071
6072
6073
6074
6075
6076
6079
6080
6081
6082
6083
6084
6087
6088
6089
6090
6091
6092
6095
6096
6097
6098
6099
6100
6103
6104
6105
6106
6107
6108
6111
6112
6113
6114
6115
6116
6119
6120
6121
6122
6123
6124
6127
6128
6129
6130
6131
6132
6135
6136
6137
6138
6139
6140
6143
6144
6145
6146
6147
6148
6383
6384
6385
6386
6387
6388
6391
6392
6393
6394
6395
6396
6399
6400
6401
6402
6403
6404
6407
6408
6409
6410
6411
6412
6415
6416
6417
6418
6419
6420
6423
6424
6425
6426
6427
6428
6431
6432
6433
6434
6435
6436
6439
6440
6441
6442
6443
6444
6447
6448
6449
6450
6451
6452
6455
6456
6457
6458
6459
6460
6463
6464
6465
6466
6467
6468
6471
6472
6473
6474
6475
6476
6479
6480
6481
6482
6483
6484
6719
6720
6721
6722
6723
6724
6727
6728
6729
6730
6731
6732
6735
6736
6737
6738
6739
6740
6743
6744
6745
6746
6747
6748
6751
6752
6753
6754
6755
6756
6759
6760
6761
6762
6763
6764
6767
6768
6769
6770
6771
6772
6775
6776
6777
6778
6779
6780
6783
6784
6785
6786
6787
6788
6791
6792
6793
6794
6795
6796
6799
6800
6801
6802
6803
6804
6807
6808
6809
6810
6811
6812
6815
6816
6817
6818
6819
6820
7055
7056
7057
7058
7059
7060
7063
7064
7065
7066
7067
7068
7071
7072
7073
7074
7075
7076
7079
7080
7081
7082
7083
7084
7087
7088
7089
7090
7091
7092
7095
7096
7097
7098
7099
7100
7103
7104
7105
7106
7107
7108
7111
7112
7113
7114
7115
7116
7119
7120
7121
7122
7123
7124
7127
7128
7129
7130
7131
7132
7135
7136
7137
7138
7139
7140
7143
7144
7145
7146
7147
7148
7151
7152
7153
7154
7155
7156
7391
7392
7393
7394
7395
7396
7399
7400
7401
7402
7403
7404
7407
7408
7409
7410
7411
7412
7415
7416
7417
7418
7419
7420
7423
7424
7425
7426
7427
7428
7431
7432
7433
7434
7435
7436
7439
7440
7441
7442
7443
7444
7447
7448
7449
7450
7451
7452
7455
7456
7457
7458
7459
7460
7463
7464
7465
7466
7467
7468
7471
7472
7473
7474
7475
7476
7479
7480
7481
7482
7483
7484
7487
7488
7489
7490
7491
7492
7727
7728
7729
7730
7731
7732
7735
7736
7737
7738
7739
7740
7743
7744
7745
7746
7747
7748
7751
7752
7753
7754
7755
7756
7759
7760
7761
7762
7763
7764
7767
7768
7769
7770
7771
7772
7775
7776
7777
7778
7779
7780
7783
7784
7785
7786
7787
7788
7791
7792
7793
7794
7795
7796
7799
7800
7801
7802
7803
7804
7807
7808
7809
7810
7811
7812
7815
7816
7817
7818
7819
7820
7823
7824
7825
7826
7827
7828
8063
8064
8065
8066
8067
8068
8071
8072
8073
8074
8075
8076
8079
8080
8081
8082
8083
8084
8087
8088
8089
8090
8091
8092
8095
8096
8097
8098
8099
8100
8103
8104
8105
8106
8107
8108
8111
8112
8113
8114
8115
8116
8119
8120
8121
8122
8123
8124
8127
8128
8129
8130
8131
8132
8135
8136
8137
8138
8139
8140
8143
8144
8145
8146
8147
8148
8151
8152
8153
8154
8155
8156
8159
8160
8161
8162
8163
8164
)


// ************************************************************************* //
