/*--------------------------------*- C++ -*----------------------------------*\
| =========                 |                                                 |
| \\      /  F ield         | OpenFOAM: The Open Source CFD Toolbox           |
|  \\    /   O peration     | Version:  2606                                  |
|   \\  /    A nd           | Website:  www.openfoam.com                      |
|    \\/     M anipulation  |                                                 |
\*---------------------------------------------------------------------------*/
FoamFile
{
    version     2.0;
    format      ascii;
    arch        "LSB;label=32;scalar=64";
    class       cellSet;
    location    "constant/Dell_PowerEdge_R470_1U_1/polyMesh/sets";
    object      Power_supply_zone_6;
}
// * * * * * * * * * * * * * * * * * * * * * * * * * * * * * * * * * * * * * //


432
(
14337
14338
14339
14342
14343
14344
14347
14348
14349
14352
14353
14354
14357
14358
14359
14362
14363
14364
11345
11346
11347
11350
11351
11352
13403
11355
13404
11356
13405
11357
13408
11360
13409
11361
13410
11362
13413
11365
13414
11366
13415
11367
13418
11370
13419
11371
13420
11372
13423
11375
13424
11376
13425
11377
13428
11380
13429
11381
13430
11382
13433
11385
13434
11386
13435
11387
13438
11390
13439
11391
13440
11392
13443
11395
13444
11396
13445
11397
13448
11400
13449
11401
13450
11402
13453
13454
13455
13458
13459
13460
12521
12522
12523
12526
12527
12528
12531
12532
12533
12536
12537
12538
12541
12542
12543
12546
12547
12548
12551
12552
12553
12556
12557
12558
12561
12562
12563
12566
12567
12568
12571
12572
12573
12576
12577
12578
13629
13630
13631
13634
13635
13636
13639
13640
13641
13644
13645
13646
13649
13650
13651
13654
13655
13656
13659
13660
13661
13664
13665
13666
13669
13670
13671
13674
13675
13676
13679
13680
13681
13684
13685
13686
11639
11640
11641
11644
11645
11646
11649
11650
11651
11654
11655
11656
11659
11660
11661
11664
11665
11666
11669
11670
11671
11674
11675
11676
11679
11680
11681
11684
11685
11686
11689
11690
11691
11694
11695
11696
12815
12816
12817
12820
12821
12822
12825
12826
12827
12830
13855
12831
13856
12832
13857
12835
13860
12836
13861
12837
13862
12840
13865
12841
13866
12842
13867
12845
13870
12846
13871
12847
13872
12850
13875
12851
13876
12852
13877
12855
13880
12856
13881
12857
13882
12860
13885
12861
13886
12862
13887
12865
13890
12866
13891
12867
13892
12870
13895
12871
13896
12872
13897
13900
13901
13902
13905
13906
13907
13910
13911
13912
11933
11934
11935
11938
11939
11940
11943
11944
11945
11948
11949
11950
11953
11954
11955
11958
11959
11960
11963
11964
11965
11968
11969
11970
11973
11974
11975
11978
11979
11980
11983
11984
11985
11988
11989
11990
14081
14082
14083
14086
14087
14088
14091
14092
14093
14096
14097
14098
14101
14102
14103
14106
14107
14108
14111
14112
14113
14116
14117
14118
14121
14122
14123
14126
14127
14128
14131
14132
14133
13109
13110
13111
14136
14137
14138
13114
13115
13116
13119
13120
13121
13124
13125
13126
13129
13130
13131
13134
13135
13136
13139
13140
13141
13144
13145
13146
13149
13150
13151
13154
13155
13156
13159
13160
13161
13164
13165
13166
12227
12228
12229
12232
12233
12234
12237
12238
12239
12242
12243
12244
12247
12248
12249
12252
12253
12254
12257
12258
14307
12259
14308
14309
12262
12263
14312
12264
14313
14314
12267
12268
14317
12269
14318
14319
12272
12273
14322
12274
14323
14324
12277
12278
14327
12279
14328
14329
12282
12283
14332
12284
14333
14334
)


// ************************************************************************* //
