/*--------------------------------*- C++ -*----------------------------------*\
| =========                 |                                                 |
| \\      /  F ield         | OpenFOAM: The Open Source CFD Toolbox           |
|  \\    /   O peration     | Version:  2606                                  |
|   \\  /    A nd           | Website:  www.openfoam.com                      |
|    \\/     M anipulation  |                                                 |
\*---------------------------------------------------------------------------*/
FoamFile
{
    version     2.0;
    format      ascii;
    arch        "LSB;label=32;scalar=64";
    class       cellSet;
    location    "constant/Dell_PowerEdge_R470_1U_1/polyMesh/sets";
    object      Storage_and_front_backplane_4;
}
// * * * * * * * * * * * * * * * * * * * * * * * * * * * * * * * * * * * * * //


2772
(
8192
8193
8194
8195
8196
8199
8200
8201
8202
8203
8204
8207
8208
8209
8210
8211
8212
8215
8216
8217
8218
8219
8220
8223
8224
8225
8226
8227
8228
8231
8232
8233
8234
8235
8236
8239
8240
8241
8242
8243
8244
8247
8248
8249
8250
8251
8252
8255
8256
8257
8258
8259
8260
8263
8264
8265
8266
8267
8268
8519
8520
8521
8522
8523
8524
8527
8528
8529
8530
8531
8532
8535
8536
8537
8538
8539
8540
8543
8544
8545
8546
8547
8548
8551
8552
8553
8554
8555
8556
8559
8560
8561
8562
8563
8564
8567
8568
8569
8570
8571
8572
8575
8576
8577
8578
8579
8580
8583
8584
8585
8586
8587
8588
8591
8592
8593
8594
8595
8596
8599
8600
8601
8602
8603
8604
8855
8856
8857
8858
8859
8860
8863
8864
8865
8866
8867
8868
8871
8872
8873
8874
8875
8876
8879
8880
8881
8882
8883
8884
8887
8888
8889
8890
8891
8892
8895
8896
8897
8898
8899
8900
8903
8904
8905
8906
8907
8908
8911
8912
8913
8914
8915
8916
8919
8920
8921
8922
8923
8924
8927
8928
8929
8930
8931
8932
8935
8936
8937
8938
8939
8940
9191
9192
9193
9194
9195
9196
9199
9200
9201
9202
9203
9204
9207
9208
9209
9210
9211
9212
9215
9216
9217
9218
9219
9220
9223
9224
9225
9226
9227
9228
9231
9232
9233
9234
9235
9236
9239
9240
9241
9242
9243
9244
9247
9248
9249
9250
9251
9252
9255
9256
9257
9258
9259
9260
9263
9264
9265
9266
9267
9268
9271
9272
9273
9274
9275
9276
1331
1332
1333
1334
9527
1335
9528
1336
9529
9530
9531
1339
9532
1340
1341
1342
9535
1343
9536
1344
9537
9538
9539
1347
9540
1348
1349
1350
9543
1351
9544
1352
9545
9546
9547
1355
9548
1356
1357
1358
9551
1359
9552
1360
9553
9554
9555
1363
9556
1364
1365
1366
9559
1367
9560
1368
9561
9562
9563
1371
9564
1372
1373
1374
9567
1375
9568
1376
9569
9570
9571
1379
9572
1380
1381
1382
9575
1383
9576
1384
9577
9578
9579
1387
9580
1388
1389
1390
9583
1391
9584
1392
9585
9586
9587
1395
9588
1396
1397
1398
9591
1399
9592
1400
9593
9594
9595
1403
9596
1404
1405
1406
9599
1407
9600
1408
9601
9602
9603
1411
9604
1412
1413
1414
9607
1415
9608
1416
9609
9610
9611
9612
1599
1600
1601
1602
1603
1604
1607
1608
1609
1610
1611
1612
1615
1616
1617
1618
1619
1620
1623
1624
1625
1626
1627
1628
1631
1632
1633
1634
1635
1636
1639
1640
1641
1642
1643
1644
1647
1648
1649
1650
1651
1652
1655
1656
1657
1658
1659
1660
1663
1664
1665
1666
1667
1668
9863
1671
9864
1672
9865
1673
9866
1674
9867
1675
9868
1676
9871
1679
9872
1680
9873
1681
9874
1682
9875
1683
9876
1684
9879
9880
9881
9882
9883
9884
9887
9888
9889
9890
9891
9892
9895
9896
9897
9898
9899
9900
9903
9904
9905
9906
9907
9908
9911
9912
9913
9914
9915
9916
9919
9920
9921
9922
9923
9924
9927
9928
9929
9930
9931
9932
9935
9936
9937
9938
9939
9940
9943
9944
9945
9946
9947
9948
1867
1868
1869
1870
1871
1872
1875
1876
1877
1878
1879
1880
1883
1884
1885
1886
1887
1888
1891
1892
1893
1894
1895
1896
1899
1900
1901
1902
1903
1904
1907
1908
1909
1910
1911
1912
1915
1916
1917
1918
1919
1920
1923
1924
1925
1926
1927
1928
1931
1932
1933
1934
1935
1936
1939
1940
1941
1942
1943
1944
1947
1948
1949
1950
1951
1952
10199
10200
10201
10202
10203
10204
10207
10208
10209
10210
10211
10212
10215
10216
10217
10218
10219
10220
10223
10224
10225
10226
10227
10228
10231
10232
10233
10234
10235
10236
10239
10240
10241
10242
10243
10244
10247
10248
10249
10250
10251
10252
10255
10256
10257
10258
10259
10260
10263
10264
10265
10266
10267
10268
10271
10272
10273
10274
10275
10276
10279
10280
10281
10282
10283
10284
2135
2136
2137
2138
2139
2140
2143
2144
2145
2146
2147
2148
2151
2152
2153
2154
2155
2156
2159
2160
2161
2162
2163
2164
2167
2168
2169
2170
2171
2172
2175
2176
2177
2178
2179
2180
2183
2184
2185
2186
2187
2188
2191
2192
2193
2194
2195
2196
2199
2200
2201
2202
2203
2204
2207
2208
2209
2210
2211
2212
2215
2216
2217
2218
2219
2220
10535
10536
10537
10538
10539
10540
10543
10544
10545
10546
10547
10548
10551
10552
10553
10554
10555
10556
10559
10560
10561
10562
10563
10564
10567
10568
10569
10570
10571
10572
10575
10576
10577
10578
10579
10580
10583
10584
10585
10586
10587
10588
10591
10592
10593
10594
10595
10596
10599
10600
10601
10602
10603
10604
10607
10608
10609
10610
10611
10612
10615
10616
10617
10618
10619
10620
2471
2472
2473
2474
2475
2476
2479
2480
2481
2482
2483
2484
2487
2488
2489
2490
2491
2492
2495
2496
2497
2498
2499
2500
2503
2504
2505
2506
2507
2508
2511
2512
2513
2514
2515
2516
2519
2520
2521
2522
2523
2524
2527
2528
2529
2530
2531
2532
2535
2536
2537
2538
2539
2540
2543
2544
2545
2546
2547
2548
2551
2552
2553
2554
2555
2556
10871
10872
10873
10874
10875
10876
10879
10880
10881
10882
10883
10884
10887
10888
10889
10890
10891
10892
10895
10896
10897
10898
10899
10900
10903
10904
10905
10906
10907
10908
10911
10912
10913
10914
10915
10916
10919
10920
10921
10922
10923
10924
10927
10928
10929
10930
10931
10932
10935
10936
10937
10938
10939
10940
10943
10944
10945
10946
10947
10948
10951
10952
10953
10954
10955
10956
2807
2808
2809
2810
2811
2812
2815
2816
2817
2818
2819
2820
2823
2824
2825
2826
2827
2828
2831
2832
2833
2834
2835
2836
2839
2840
2841
2842
2843
2844
2847
2848
2849
2850
2851
2852
2855
2856
2857
2858
2859
2860
2863
2864
2865
2866
2867
2868
2871
2872
2873
2874
2875
2876
2879
2880
2881
2882
2883
2884
2887
2888
2889
2890
2891
2892
11129
11130
11131
11132
11133
11134
11137
11138
11139
11140
11141
11142
11145
11146
11147
11148
11149
11150
11153
11154
11155
11156
11157
11158
11161
11162
11163
11164
11165
11166
11169
11170
11171
11172
11173
11174
11177
11178
11179
11180
11181
11182
11185
11186
11187
11188
11189
11190
11193
11194
11195
11196
11197
11198
11201
11202
11203
11204
11205
11206
11209
11210
11211
11212
11213
11214
3143
3144
3145
3146
3147
3148
3151
3152
3153
3154
3155
3156
3159
3160
3161
3162
3163
3164
3167
3168
3169
3170
3171
3172
3175
3176
3177
3178
3179
3180
3183
3184
3185
3186
3187
3188
3191
3192
3193
3194
3195
3196
3199
3200
3201
3202
3203
3204
3207
3208
3209
3210
3211
3212
3215
3216
3217
3218
3219
3220
3223
3224
3225
3226
3227
3228
11423
11424
11425
11426
11427
11428
11431
11432
11433
11434
11435
11436
11439
11440
11441
11442
11443
11444
11447
11448
11449
11450
11451
11452
11455
11456
11457
11458
11459
11460
11463
11464
11465
11466
11467
11468
11471
11472
11473
11474
11475
11476
11479
11480
11481
11482
11483
11484
11487
11488
11489
11490
11491
11492
11495
11496
11497
11498
11499
11500
11503
11504
11505
11506
11507
11508
3479
3480
3481
3482
3483
3484
3487
3488
3489
3490
3491
3492
3495
3496
3497
3498
3499
3500
3503
3504
3505
3506
3507
3508
3511
3512
3513
3514
3515
3516
3519
3520
3521
3522
3523
3524
11717
11718
11719
3527
11720
3528
11721
3529
11722
3530
3531
3532
11725
11726
11727
3535
11728
3536
11729
3537
11730
3538
3539
3540
11733
11734
11735
3543
11736
3544
11737
3545
11738
3546
3547
3548
11741
11742
11743
3551
11744
3552
11745
3553
11746
3554
3555
3556
11749
11750
11751
3559
11752
3560
11753
3561
11754
3562
3563
3564
11757
11758
11759
11760
11761
11762
11765
11766
11767
11768
11769
11770
11773
11774
11775
11776
11777
11778
11781
11782
11783
11784
11785
11786
11789
11790
11791
11792
11793
11794
11797
11798
11799
11800
11801
11802
3815
3816
3817
3818
12011
3819
12012
3820
12013
12014
12015
3823
12016
3824
3825
3826
12019
3827
12020
3828
12021
12022
12023
3831
12024
3832
3833
3834
12027
3835
12028
3836
12029
12030
12031
3839
12032
3840
3841
3842
12035
3843
12036
3844
12037
12038
12039
3847
12040
3848
3849
3850
12043
3851
12044
3852
12045
12046
12047
3855
12048
3856
3857
3858
12051
3859
12052
3860
12053
12054
12055
3863
12056
3864
3865
3866
12059
3867
12060
3868
12061
12062
12063
3871
12064
3872
3873
3874
12067
3875
12068
3876
12069
12070
12071
3879
12072
3880
3881
3882
12075
3883
12076
3884
12077
12078
12079
3887
12080
3888
3889
3890
12083
3891
12084
3892
12085
12086
12087
3895
12088
3896
3897
3898
12091
3899
12092
3900
12093
12094
12095
12096
12305
12306
12307
12308
12309
12310
12313
12314
12315
12316
12317
12318
12321
12322
12323
12324
12325
12326
12329
12330
12331
12332
12333
12334
12337
12338
12339
12340
12341
12342
4151
4152
12345
4153
12346
4154
12347
4155
12348
4156
12349
12350
4159
4160
12353
4161
12354
4162
12355
4163
12356
4164
12357
12358
4167
4168
12361
4169
12362
4170
12363
4171
12364
4172
12365
12366
4175
4176
12369
4177
12370
4178
12371
4179
12372
4180
12373
12374
4183
4184
12377
4185
12378
4186
12379
4187
12380
4188
12381
12382
4191
4192
12385
4193
12386
4194
12387
4195
12388
4196
12389
12390
4199
4200
4201
4202
4203
4204
4207
4208
4209
4210
4211
4212
4215
4216
4217
4218
4219
4220
4223
4224
4225
4226
4227
4228
4231
4232
4233
4234
4235
4236
12599
12600
12601
12602
12603
12604
12607
12608
12609
12610
12611
12612
12615
12616
12617
12618
12619
12620
12623
12624
12625
12626
12627
12628
12631
12632
12633
12634
12635
12636
12639
12640
12641
12642
12643
12644
12647
12648
12649
12650
12651
12652
12655
12656
12657
12658
12659
12660
12663
12664
12665
12666
12667
12668
12671
12672
12673
12674
12675
12676
12679
4487
12680
4488
12681
4489
12682
4490
12683
4491
12684
4492
4495
4496
4497
4498
4499
4500
4503
4504
4505
4506
4507
4508
4511
4512
4513
4514
4515
4516
4519
4520
4521
4522
4523
4524
4527
4528
4529
4530
4531
4532
4535
4536
4537
4538
4539
4540
4543
4544
4545
4546
4547
4548
4551
4552
4553
4554
4555
4556
4559
4560
4561
4562
4563
4564
4567
4568
4569
4570
4571
4572
12893
12894
12895
12896
12897
12898
12901
12902
12903
12904
12905
12906
12909
12910
12911
12912
12913
12914
12917
12918
12919
12920
12921
12922
12925
12926
12927
12928
12929
12930
12933
12934
12935
12936
12937
12938
12941
12942
12943
12944
12945
12946
12949
12950
12951
12952
12953
12954
12957
12958
12959
12960
12961
12962
12965
12966
12967
12968
12969
12970
12973
12974
12975
12976
12977
12978
4823
4824
4825
4826
4827
4828
4831
4832
4833
4834
4835
4836
4839
4840
4841
4842
4843
4844
4847
4848
4849
4850
4851
4852
4855
4856
4857
4858
4859
4860
4863
4864
4865
4866
4867
4868
4871
4872
4873
4874
4875
4876
4879
4880
4881
4882
4883
4884
4887
4888
4889
4890
4891
4892
4895
4896
4897
4898
4899
4900
4903
4904
4905
4906
4907
4908
13187
13188
13189
13190
13191
13192
13195
13196
13197
13198
13199
13200
13203
13204
13205
13206
13207
13208
13211
13212
13213
13214
13215
13216
13219
13220
13221
13222
13223
13224
13227
13228
13229
13230
13231
13232
13235
13236
13237
13238
13239
13240
13243
13244
13245
13246
13247
13248
13251
13252
13253
13254
13255
13256
13259
13260
13261
13262
13263
13264
13267
13268
13269
13270
13271
13272
5159
5160
5161
5162
5163
5164
5167
5168
5169
5170
5171
5172
5175
5176
5177
5178
5179
5180
5183
5184
5185
5186
5187
5188
5191
5192
5193
5194
5195
5196
5199
5200
5201
5202
5203
5204
5207
5208
5209
5210
5211
5212
5215
5216
5217
5218
5219
5220
5223
5224
5225
5226
5227
5228
5231
5232
5233
5234
5235
5236
5239
5240
5241
5242
5243
5244
13481
13482
13483
13484
13485
13486
13489
13490
13491
13492
13493
13494
13497
13498
13499
13500
13501
13502
13505
13506
13507
13508
13509
13510
13513
13514
13515
13516
13517
13518
13521
13522
13523
13524
13525
13526
13529
13530
13531
13532
13533
13534
13537
13538
13539
13540
13541
13542
13545
13546
13547
13548
13549
13550
13553
13554
13555
13556
13557
13558
13561
13562
13563
13564
13565
13566
5495
5496
5497
5498
5499
5500
5503
5504
5505
5506
5507
5508
5511
5512
5513
5514
13707
5515
13708
5516
13709
13710
13711
5519
13712
5520
5521
5522
13715
5523
13716
5524
13717
13718
13719
5527
13720
5528
5529
5530
13723
5531
13724
5532
13725
13726
13727
5535
13728
5536
5537
5538
13731
5539
13732
5540
13733
13734
13735
5543
13736
5544
5545
5546
13739
5547
13740
5548
13741
13742
13743
5551
13744
5552
5553
5554
13747
5555
13748
5556
13749
13750
13751
5559
13752
5560
5561
5562
13755
5563
13756
5564
13757
13758
13759
5567
13760
5568
5569
5570
13763
5571
13764
5572
13765
13766
13767
5575
13768
5576
5577
5578
13771
5579
13772
5580
13773
13774
13775
13776
13779
13780
13781
13782
13783
13784
13787
13788
13789
13790
13791
13792
13933
13934
13935
13936
13937
13938
13941
13942
13943
13944
13945
13946
13949
13950
13951
13952
13953
13954
13957
13958
13959
13960
13961
13962
13965
13966
13967
13968
13969
13970
13973
13974
13975
13976
13977
13978
13981
13982
13983
13984
13985
13986
13989
13990
13991
13992
13993
13994
13997
13998
13999
14000
14001
14002
14005
14006
14007
14008
14009
14010
14013
14014
14015
14016
14017
14018
5831
5832
5833
5834
5835
5836
5839
5840
5841
5842
5843
5844
5847
5848
5849
5850
5851
5852
5855
5856
5857
5858
5859
5860
5863
5864
5865
5866
5867
5868
5871
5872
5873
5874
5875
5876
5879
5880
5881
5882
5883
5884
5887
5888
5889
5890
5891
5892
5895
5896
5897
5898
5899
5900
5903
5904
5905
5906
5907
5908
5911
5912
5913
5914
5915
5916
14159
14160
14161
14162
14163
14164
14167
14168
14169
14170
14171
14172
14175
14176
14177
14178
14179
14180
14183
14184
14185
14186
14187
14188
14191
14192
14193
14194
14195
14196
14199
14200
14201
14202
14203
14204
14207
14208
14209
14210
14211
14212
14215
14216
14217
14218
14219
14220
14223
14224
14225
14226
14227
14228
14231
14232
14233
14234
14235
14236
14239
14240
14241
14242
14243
14244
6167
6168
6169
6170
6171
6172
6175
6176
6177
6178
6179
6180
6183
6184
6185
6186
6187
6188
6191
6192
6193
6194
6195
6196
6199
6200
6201
6202
6203
6204
6207
6208
6209
6210
6211
6212
6215
6216
6217
6218
6219
6220
6223
6224
6225
6226
6227
6228
6231
6232
6233
6234
6235
6236
6239
6240
6241
6242
6243
6244
6247
6248
6249
6250
6251
6252
6503
6504
6505
6506
6507
6508
6511
6512
6513
6514
6515
6516
6519
6520
6521
6522
6523
6524
6527
6528
6529
6530
6531
6532
6535
6536
6537
6538
6539
6540
6543
6544
6545
6546
6547
6548
6551
6552
6553
6554
6555
6556
6559
6560
6561
6562
6563
6564
6567
6568
6569
6570
6571
6572
6575
6576
6577
6578
6579
6580
6583
6584
6585
6586
6587
6588
6839
6840
6841
6842
6843
6844
6847
6848
6849
6850
6851
6852
6855
6856
6857
6858
6859
6860
6863
6864
6865
6866
6867
6868
6871
6872
6873
6874
6875
6876
6879
6880
6881
6882
6883
6884
6887
6888
6889
6890
6891
6892
6895
6896
6897
6898
6899
6900
6903
6904
6905
6906
6907
6908
6911
6912
6913
6914
6915
6916
6919
6920
6921
6922
6923
6924
7175
7176
7177
7178
7179
7180
7183
7184
7185
7186
7187
7188
7191
7192
7193
7194
7195
7196
7199
7200
7201
7202
7203
7204
7207
7208
7209
7210
7211
7212
7215
7216
7217
7218
7219
7220
7223
7224
7225
7226
7227
7228
7231
7232
7233
7234
7235
7236
7239
7240
7241
7242
7243
7244
7247
7248
7249
7250
7251
7252
7255
7256
7257
7258
7259
7260
7511
7512
7513
7514
7515
7516
7519
7520
7521
7522
7523
7524
7527
7528
7529
7530
7531
7532
7535
7536
7537
7538
7539
7540
7543
7544
7545
7546
7547
7548
7551
7552
7553
7554
7555
7556
7559
7560
7561
7562
7563
7564
7567
7568
7569
7570
7571
7572
7575
7576
7577
7578
7579
7580
7583
7584
7585
7586
7587
7588
7591
7592
7593
7594
7595
7596
7847
7848
7849
7850
7851
7852
7855
7856
7857
7858
7859
7860
7863
7864
7865
7866
7867
7868
7871
7872
7873
7874
7875
7876
7879
7880
7881
7882
7883
7884
7887
7888
7889
7890
7891
7892
7895
7896
7897
7898
7899
7900
7903
7904
7905
7906
7907
7908
7911
7912
7913
7914
7915
7916
7919
7920
7921
7922
7923
7924
7927
7928
7929
7930
7931
7932
8183
8184
8185
8186
8187
8188
8191
)


// ************************************************************************* //
