/*--------------------------------*- C++ -*----------------------------------*\
| =========                 |                                                 |
| \\      /  F ield         | OpenFOAM: The Open Source CFD Toolbox           |
|  \\    /   O peration     | Version:  2606                                  |
|   \\  /    A nd           | Website:  www.openfoam.com                      |
|    \\/     M anipulation  |                                                 |
\*---------------------------------------------------------------------------*/
FoamFile
{
    version     2.0;
    format      ascii;
    arch        "LSB;label=32;scalar=64";
    class       cellSet;
    location    "constant/Eaton_SU3000RTXLCD2UTAA_UPS_0/polyMesh/sets";
    object      Battery_pack_0;
}
// * * * * * * * * * * * * * * * * * * * * * * * * * * * * * * * * * * * * * //


1785
(
4146
4147
4148
4149
4150
4153
4154
4155
4156
4157
4160
4161
4162
4163
4164
4167
4168
4169
4170
4171
4174
4175
4176
4177
4178
4181
4182
4183
4184
4185
4188
4189
4190
4191
4192
4195
4196
4197
4198
4199
4202
4203
4204
4205
4206
4209
4210
4211
4212
4213
4216
4217
4218
4219
4220
4223
4224
4225
4226
4227
4230
4231
4232
4233
4234
4237
4238
4239
4240
4241
4244
4245
4246
4247
4248
4251
4252
4253
4254
4255
4258
4259
4260
4261
4262
4265
4266
4267
4268
4269
4272
4273
4274
4275
4276
4279
4280
4281
4282
4283
4286
4287
4288
4289
4290
833
834
835
836
837
840
841
842
843
844
847
848
849
850
851
854
855
856
857
858
861
862
863
864
865
868
869
870
871
872
875
876
877
878
879
882
883
884
885
886
889
890
891
892
893
896
897
898
899
900
903
904
905
906
907
910
911
912
913
914
917
918
919
920
921
924
925
926
927
928
931
932
933
934
935
938
939
940
941
942
945
946
947
948
949
952
953
954
955
956
959
960
961
962
963
966
967
968
969
970
973
974
975
976
977
1037
1038
1039
1040
1041
1044
1045
1046
1047
1048
1051
1052
1053
1054
1055
1058
1059
1060
1061
1062
1065
1066
1067
1068
1069
1072
1073
1074
1075
1076
1079
1080
1081
1082
1083
1086
1087
1088
1089
1090
1093
1094
1095
1096
1097
1100
1101
1102
1103
1104
1107
1108
1109
1110
1111
1114
1115
1116
1117
1118
1121
1122
1123
1124
1125
1128
1129
1130
1131
1132
1135
1136
1137
1138
1139
1142
1143
1144
1145
1146
1149
1150
1151
1152
1153
1156
1157
1158
1159
1160
1163
1164
1165
1166
1167
1170
1171
1172
1173
1174
1177
1178
1179
1180
1181
1241
1242
1243
1244
1245
1248
1249
1250
1251
1252
1255
1256
1257
1258
1259
1262
1263
1264
1265
1266
1269
1270
1271
1272
1273
1276
1277
1278
1279
1280
1283
1284
1285
1286
1287
1290
1291
1292
1293
1294
1297
1298
1299
1300
1301
1304
1305
1306
1307
1308
1311
1312
1313
1314
1315
1318
1319
1320
1321
1322
1325
1326
1327
1328
1329
1332
1333
1334
1335
1336
1339
1340
1341
1342
1343
1346
1347
1348
1349
1350
1353
1354
1355
1356
1357
1360
1361
1362
1363
1364
1367
1368
1369
1370
1371
1374
1375
1376
1377
1378
1381
1382
1383
1384
1385
1445
1446
1447
1448
1449
1452
1453
1454
1455
1456
1459
1460
1461
1462
1463
1466
1467
1468
1469
1470
1473
1474
1475
1476
1477
1480
1481
1482
1483
1484
1487
1488
1489
1490
1491
1494
1495
1496
1497
1498
1501
1502
1503
1504
1505
1508
1509
1510
1511
1512
1515
1516
1517
1518
1519
1522
1523
1524
1525
1526
1529
1530
1531
1532
1533
1536
1537
1538
1539
1540
1543
1544
1545
1546
1547
1550
1551
1552
1553
1554
1557
1558
1559
1560
1561
1564
1565
1566
1567
1568
1571
1572
1573
1574
1575
1578
1579
1580
1581
1582
1585
1586
1587
1588
1589
1649
1650
1651
1652
1653
1656
1657
1658
1659
1660
1663
1664
1665
1666
1667
1670
1671
1672
1673
1674
1677
1678
1679
1680
1681
1684
1685
1686
1687
1688
1691
1692
1693
1694
1695
1698
1699
1700
1701
1702
1705
1706
1707
1708
1709
1712
1713
1714
1715
1716
1719
1720
1721
1722
1723
1726
1727
1728
1729
1730
1733
1734
1735
1736
1737
1740
1741
1742
1743
1744
1747
1748
1749
1750
1751
1754
1755
1756
1757
1758
1761
1762
1763
1764
1765
1768
1769
1770
1771
1772
1775
1776
1777
1778
1779
1782
1783
1784
1785
1786
1789
1790
1791
1792
1793
1853
1854
1855
1856
1857
1860
1861
1862
1863
1864
1867
1868
1869
1870
1871
1874
1875
1876
1877
1878
1881
1882
1883
1884
1885
1888
1889
1890
1891
1892
1895
1896
1897
1898
1899
1902
1903
1904
1905
1906
1909
1910
1911
1912
1913
1916
1917
1918
1919
1920
1923
1924
1925
1926
1927
1930
1931
1932
1933
1934
1937
1938
1939
1940
1941
1944
1945
1946
1947
1948
1951
1952
1953
1954
1955
1958
1959
1960
1961
1962
1965
1966
1967
1968
1969
1972
1973
1974
1975
1976
1979
1980
1981
1982
1983
1986
1987
1988
1989
1990
1993
1994
1995
1996
1997
2057
2058
2059
2060
2061
2064
2065
2066
2067
2068
2071
2072
2073
2074
2075
2078
2079
2080
2081
2082
2085
2086
2087
2088
2089
2092
2093
2094
2095
2096
2099
2100
2101
2102
2103
2106
2107
2108
2109
2110
2113
2114
2115
2116
2117
2120
2121
2122
2123
2124
2127
2128
2129
2130
2131
2134
2135
2136
2137
2138
2141
2142
2143
2144
2145
2148
2149
2150
2151
2152
2155
2156
2157
2158
2159
2162
2163
2164
2165
2166
2169
2170
2171
2172
2173
2176
2177
2178
2179
2180
2183
2184
2185
2186
2187
2190
2191
2192
2193
2194
2197
2198
2199
2200
2201
2261
2262
2263
2264
2265
2268
2269
2270
2271
2272
2275
2276
2277
2278
2279
2282
2283
2284
2285
2286
2289
2290
2291
2292
2293
2296
2297
2298
2299
2300
2303
2304
2305
2306
2307
2310
2311
2312
2313
2314
2317
2318
2319
2320
2321
2324
2325
2326
2327
2328
2331
2332
2333
2334
2335
2338
2339
2340
2341
2342
2345
2346
2347
2348
2349
2352
2353
2354
2355
2356
2359
2360
2361
2362
2363
2366
2367
2368
2369
2370
2373
2374
2375
2376
2377
2380
2381
2382
2383
2384
2387
2388
2389
2390
2391
2394
2395
2396
2397
2398
2401
2402
2403
2404
2405
2465
2466
2467
2468
2469
2472
2473
2474
2475
2476
2479
2480
2481
2482
2483
2486
2487
2488
2489
2490
2493
2494
2495
2496
2497
2500
2501
2502
2503
2504
2507
2508
2509
2510
2511
2514
2515
2516
2517
2518
2521
2522
2523
2524
2525
2528
2529
2530
2531
2532
2535
2536
2537
2538
2539
2542
2543
2544
2545
2546
2549
2550
2551
2552
2553
2556
2557
2558
2559
2560
2563
2564
2565
2566
2567
2570
2571
2572
2573
2574
2577
2578
2579
2580
2581
2584
2585
2586
2587
2588
2591
2592
2593
2594
2595
2598
2599
2600
2601
2602
2605
2606
2607
2608
2609
2669
2670
2671
2672
2673
2676
2677
2678
2679
2680
2683
2684
2685
2686
2687
2690
2691
2692
2693
2694
2697
2698
2699
2700
2701
2704
2705
2706
2707
2708
2711
2712
2713
2714
2715
2718
2719
2720
2721
2722
2725
2726
2727
2728
2729
2732
2733
2734
2735
2736
2739
2740
2741
2742
2743
2746
2747
2748
2749
2750
2753
2754
2755
2756
2757
2760
2761
2762
2763
2764
2767
2768
2769
2770
2771
2774
2775
2776
2777
2778
2781
2782
2783
2784
2785
2788
2789
2790
2791
2792
2795
2796
2797
2798
2799
2802
2803
2804
2805
2806
2809
2810
2811
2812
2813
2880
2881
2882
2883
2884
2887
2888
2889
2890
2891
2894
2895
2896
2897
2898
2901
2902
2903
2904
2905
2908
2909
2910
2911
2912
2915
2916
2917
2918
2919
2922
2923
2924
2925
2926
2929
2930
2931
2932
2933
2936
2937
2938
2939
2940
2943
2944
2945
2946
2947
2950
2951
2952
2953
2954
2957
2958
2959
2960
2961
2964
2965
2966
2967
2968
2971
2972
2973
2974
2975
2978
2979
2980
2981
2982
2985
2986
2987
2988
2989
2992
2993
2994
2995
2996
2999
3000
3001
3002
3003
3006
3007
3008
3009
3010
3013
3014
3015
3016
3017
3020
3021
3022
3023
3024
3091
3092
3093
3094
3095
3098
3099
3100
3101
3102
3105
3106
3107
3108
3109
3112
3113
3114
3115
3116
3119
3120
3121
3122
3123
3126
3127
3128
3129
3130
3133
3134
3135
3136
3137
3140
3141
3142
3143
3144
3147
3148
3149
3150
3151
3154
3155
3156
3157
3158
3161
3162
3163
3164
3165
3168
3169
3170
3171
3172
3175
3176
3177
3178
3179
3182
3183
3184
3185
3186
3189
3190
3191
3192
3193
3196
3197
3198
3199
3200
3203
3204
3205
3206
3207
3210
3211
3212
3213
3214
3217
3218
3219
3220
3221
3224
3225
3226
3227
3228
3231
3232
3233
3234
3235
3302
3303
3304
3305
3306
3309
3310
3311
3312
3313
3316
3317
3318
3319
3320
3323
3324
3325
3326
3327
3330
3331
3332
3333
3334
3337
3338
3339
3340
3341
3344
3345
3346
3347
3348
3351
3352
3353
3354
3355
3358
3359
3360
3361
3362
3365
3366
3367
3368
3369
3372
3373
3374
3375
3376
3379
3380
3381
3382
3383
3386
3387
3388
3389
3390
3393
3394
3395
3396
3397
3400
3401
3402
3403
3404
3407
3408
3409
3410
3411
3414
3415
3416
3417
3418
3421
3422
3423
3424
3425
3428
3429
3430
3431
3432
3435
3436
3437
3438
3439
3442
3443
3444
3445
3446
3513
3514
3515
3516
3517
3520
3521
3522
3523
3524
3527
3528
3529
3530
3531
3534
3535
3536
3537
3538
3541
3542
3543
3544
3545
3548
3549
3550
3551
3552
3555
3556
3557
3558
3559
3562
3563
3564
3565
3566
3569
3570
3571
3572
3573
3576
3577
3578
3579
3580
3583
3584
3585
3586
3587
3590
3591
3592
3593
3594
3597
3598
3599
3600
3601
3604
3605
3606
3607
3608
3611
3612
3613
3614
3615
3618
3619
3620
3621
3622
3625
3626
3627
3628
3629
3632
3633
3634
3635
3636
3639
3640
3641
3642
3643
3646
3647
3648
3649
3650
3653
3654
3655
3656
3657
3724
3725
3726
3727
3728
3731
3732
3733
3734
3735
3738
3739
3740
3741
3742
3745
3746
3747
3748
3749
3752
3753
3754
3755
3756
3759
3760
3761
3762
3763
3766
3767
3768
3769
3770
3773
3774
3775
3776
3777
3780
3781
3782
3783
3784
3787
3788
3789
3790
3791
3794
3795
3796
3797
3798
3801
3802
3803
3804
3805
3808
3809
3810
3811
3812
3815
3816
3817
3818
3819
3822
3823
3824
3825
3826
3829
3830
3831
3832
3833
3836
3837
3838
3839
3840
3843
3844
3845
3846
3847
3850
3851
3852
3853
3854
3857
3858
3859
3860
3861
3864
3865
3866
3867
3868
3935
3936
3937
3938
3939
3942
3943
3944
3945
3946
3949
3950
3951
3952
3953
3956
3957
3958
3959
3960
3963
3964
3965
3966
3967
3970
3971
3972
3973
3974
3977
3978
3979
3980
3981
3984
3985
3986
3987
3988
3991
3992
3993
3994
3995
3998
3999
4000
4001
4002
4005
4006
4007
4008
4009
4012
4013
4014
4015
4016
4019
4020
4021
4022
4023
4026
4027
4028
4029
4030
4033
4034
4035
4036
4037
4040
4041
4042
4043
4044
4047
4048
4049
4050
4051
4054
4055
4056
4057
4058
4061
4062
4063
4064
4065
4068
4069
4070
4071
4072
4075
4076
4077
4078
4079
)


// ************************************************************************* //
