/*--------------------------------*- C++ -*----------------------------------*\
| =========                 |                                                 |
| \\      /  F ield         | OpenFOAM: The Open Source CFD Toolbox           |
|  \\    /   O peration     | Version:  2606                                  |
|   \\  /    A nd           | Website:  www.openfoam.com                      |
|    \\/     M anipulation  |                                                 |
\*---------------------------------------------------------------------------*/
FoamFile
{
    version     2.0;
    format      ascii;
    arch        "LSB;label=32;scalar=64";
    class       cellSet;
    location    "constant/Eaton_SU3000RTXLCD2UTAA_UPS_0/polyMesh/sets";
    object      block_1;
}
// * * * * * * * * * * * * * * * * * * * * * * * * * * * * * * * * * * * * * //


512
(
7168
7169
6146
6147
7172
7173
6150
6151
7176
7177
6154
6155
7180
7181
5133
5134
6158
6159
7184
7185
5137
5138
6162
6163
7188
7189
5141
5142
6166
6167
7192
7193
5145
5146
6170
6171
7196
7197
5149
5150
6174
6175
7200
7201
5153
5154
6178
6179
7204
7205
5157
5158
6182
6183
7208
7209
5161
5162
6186
6187
7212
7213
5165
5166
6190
6191
7216
7217
5169
5170
6194
6195
7220
7221
5173
5174
6198
6199
5177
5178
6202
6203
5181
5182
6206
6207
5185
5186
5189
5190
5193
5194
6286
6287
6290
6291
6294
6295
6298
6299
6302
6303
5280
5281
6306
6307
5284
5285
6310
6311
5288
5289
6314
6315
5292
5293
6318
6319
5296
5297
6322
6323
5300
5301
6326
6327
5304
5305
6330
6331
5308
5309
6334
6335
5312
5313
6338
6339
5316
5317
6342
6343
5320
5321
6346
6347
5324
5325
5328
5329
5332
5333
5336
5337
5340
5341
6428
6429
6432
6433
6436
6437
6440
6441
6444
6445
6448
6449
5427
5428
6452
6453
5431
5432
6456
6457
5435
5436
6460
6461
5439
5440
6464
6465
5443
5444
6468
6469
5447
5448
6472
6473
5451
5452
6476
6477
5455
5456
6480
6481
5459
5460
6484
6485
5463
5464
6488
6489
5467
5468
5471
5472
5475
5476
5479
5480
5483
5484
5487
5488
6572
6573
6576
6577
6580
6581
6584
6585
6588
6589
6592
6593
6596
6597
5574
5575
6600
6601
5578
5579
6604
6605
5582
5583
6608
6609
5586
5587
6612
6613
5590
5591
6616
6617
5594
5595
6620
6621
5598
5599
6624
6625
5602
5603
6628
6629
5606
5607
6632
6633
5610
5611
5614
5615
5618
5619
5622
5623
5626
5627
5630
5631
5634
5635
6719
6720
6723
6724
6727
6728
6731
6732
6735
6736
6739
6740
6743
6744
5721
5722
6747
6748
5725
5726
6751
6752
5729
5730
6755
6756
5733
5734
6759
6760
5737
5738
6763
6764
5741
5742
6767
6768
5745
5746
6771
6772
5749
5750
6775
6776
5753
5754
6779
6780
5757
5758
5761
5762
5765
5766
5769
5770
5773
5774
5777
5778
5781
5782
6866
6867
6870
6871
6874
6875
6878
6879
6882
6883
6886
6887
5865
6890
5866
6891
5869
6894
5870
6895
5873
6898
5874
6899
5877
6902
5878
6903
5881
6906
5882
6907
5885
6910
5886
6911
5889
6914
5890
6915
5893
6918
5894
6919
5897
6922
5898
6923
5901
6926
5902
6927
5905
5906
5909
5910
5913
5914
5917
5918
5921
5922
5925
5926
7013
7014
7017
7018
7021
7022
7025
7026
4979
4980
7029
7030
6006
4983
6007
4984
7033
7034
6010
4987
6011
4988
7037
7038
6014
4991
6015
4992
7041
7042
6018
4995
6019
4996
7045
7046
6022
4999
6023
5000
7049
7050
6026
5003
6027
5004
7053
7054
6030
5007
6031
5008
7057
7058
6034
5011
6035
5012
7061
7062
6038
5015
6039
5016
7065
7066
6042
5019
6043
5020
7069
7070
6046
5023
6047
5024
7073
7074
6050
5027
6051
5028
6054
5031
6055
5032
6058
5035
6059
5036
6062
5039
6063
5040
6066
6067
7160
7161
7164
7165
)


// ************************************************************************* //
