/*--------------------------------*- C++ -*----------------------------------*\
| =========                 |                                                 |
| \\      /  F ield         | OpenFOAM: The Open Source CFD Toolbox           |
|  \\    /   O peration     | Version:  2606                                  |
|   \\  /    A nd           | Website:  www.openfoam.com                      |
|    \\/     M anipulation  |                                                 |
\*---------------------------------------------------------------------------*/
FoamFile
{
    version     2.0;
    format      ascii;
    arch        "LSB;label=32;scalar=64";
    class       cellSet;
    location    "constant/Eaton_SU3000RTXLCD2UTAA_UPS_0/polyMesh/sets";
    object      multiZoneCells;
}
// * * * * * * * * * * * * * * * * * * * * * * * * * * * * * * * * * * * * * //


2553
(
4146
4147
4148
4149
4150
4153
4154
4155
4156
4157
4160
4161
4162
4163
4164
4167
4168
4169
4170
4171
4174
4175
4176
4177
4178
4181
4182
4183
4184
4185
4188
4189
4190
4191
4192
4195
4196
4197
4198
4199
4202
4203
4204
4205
4206
4209
4210
4211
4212
4213
4216
4217
4218
4219
4220
4223
4224
4225
4226
4227
4230
4231
4232
4233
4234
4237
4238
4239
4240
4241
4244
4245
4246
4247
4248
4251
4252
4253
4254
4255
4258
4259
4260
4261
4262
4265
4266
4267
4268
4269
4272
4273
4274
4275
4276
4279
4280
4281
4282
4283
4286
4287
4288
4289
4290
833
834
835
836
837
840
841
842
843
844
847
848
849
850
851
854
855
856
857
858
861
862
863
864
865
868
869
870
871
872
875
876
877
878
879
882
4979
883
4980
884
885
886
4983
4984
889
890
4987
891
4988
892
893
4991
4992
896
897
898
4995
899
4996
900
4999
903
5000
904
905
906
5003
907
5004
910
5007
911
5008
912
913
914
5011
5012
917
918
5015
919
5016
920
921
5019
5020
924
925
926
5023
927
5024
928
5027
931
5028
932
933
934
5031
935
5032
938
5035
939
5036
940
941
942
5039
5040
945
946
5043
947
5044
948
949
5047
5048
952
953
954
5051
955
5052
956
5055
959
5056
960
961
962
5059
963
5060
966
5063
967
5064
968
969
970
5067
5068
973
974
5071
975
5072
976
977
5133
1037
5134
1038
1039
1040
5137
1041
5138
1044
5141
1045
5142
1046
1047
1048
5145
5146
1051
1052
5149
1053
5150
1054
1055
5153
5154
1058
1059
1060
5157
1061
5158
1062
5161
1065
5162
1066
1067
1068
5165
1069
5166
1072
5169
1073
5170
1074
1075
1076
5173
5174
1079
1080
5177
1081
5178
1082
1083
5181
5182
1086
1087
1088
5185
1089
5186
1090
5189
1093
5190
1094
1095
1096
5193
1097
5194
1100
5197
1101
5198
1102
1103
1104
5201
5202
1107
1108
5205
1109
5206
1110
1111
5209
5210
1114
1115
1116
5213
1117
5214
1118
5217
1121
5218
1122
1123
1124
5221
1125
5222
1128
5225
1129
5226
1130
1131
1132
1135
1136
1137
1138
1139
1142
1143
1144
1145
1146
1149
1150
1151
1152
1153
1156
1157
1158
1159
1160
1163
1164
1165
1166
1167
1170
1171
1172
1173
1174
1177
1178
1179
1180
1181
5280
5281
5284
5285
5288
5289
5292
5293
5296
5297
5300
5301
5304
5305
5308
5309
5312
5313
5316
5317
5320
5321
5324
5325
5328
5329
5332
5333
5336
5337
1241
1242
1243
5340
1244
5341
1245
5344
1248
5345
1249
1250
1251
5348
1252
5349
1255
5352
1256
5353
1257
1258
1259
5356
5357
1262
1263
5360
1264
5361
1265
1266
5364
5365
1269
1270
1271
5368
1272
5369
1273
5372
1276
5373
1277
1278
1279
1280
1283
1284
1285
1286
1287
1290
1291
1292
1293
1294
1297
1298
1299
1300
1301
1304
1305
1306
1307
1308
1311
1312
1313
1314
1315
1318
1319
1320
1321
1322
1325
1326
1327
1328
1329
5427
5428
1332
1333
1334
5431
1335
5432
1336
5435
1339
5436
1340
1341
1342
5439
1343
5440
1346
5443
1347
5444
1348
1349
1350
5447
5448
1353
1354
5451
1355
5452
1356
1357
5455
5456
1360
1361
1362
5459
1363
5460
1364
5463
1367
5464
1368
1369
1370
5467
1371
5468
1374
5471
1375
5472
1376
1377
1378
5475
5476
1381
1382
5479
1383
5480
1384
1385
5483
5484
5487
5488
5491
5492
5495
5496
5499
5500
5503
5504
5507
5508
5511
5512
5515
5516
5519
5520
1445
1446
1447
1448
1449
1452
1453
1454
1455
1456
1459
1460
1461
1462
1463
1466
1467
1468
1469
1470
1473
1474
1475
1476
1477
5574
5575
1480
1481
5578
1482
5579
1483
1484
5582
5583
1487
1488
1489
5586
1490
5587
1491
5590
1494
5591
1495
1496
1497
5594
1498
5595
1501
5598
1502
5599
1503
1504
1505
5602
5603
1508
1509
5606
1510
5607
1511
1512
5610
5611
1515
1516
1517
5614
1518
5615
1519
5618
1522
5619
1523
1524
1525
5622
1526
5623
1529
5626
1530
5627
1531
1532
1533
5630
5631
1536
1537
5634
1538
5635
1539
1540
5638
5639
1543
1544
1545
5642
1546
5643
1547
5646
1550
5647
1551
1552
1553
5650
1554
5651
1557
5654
1558
5655
1559
1560
1561
5658
5659
1564
1565
5662
1566
5663
1567
1568
5666
5667
1571
1572
1573
1574
1575
1578
1579
1580
1581
1582
1585
1586
1587
1588
1589
5721
5722
5725
5726
5729
5730
5733
5734
5737
5738
5741
5742
5745
1649
5746
1650
1651
1652
5749
1653
5750
1656
5753
1657
5754
1658
1659
1660
5757
5758
1663
1664
5761
1665
5762
1666
1667
5765
5766
1670
1671
1672
5769
1673
5770
1674
5773
1677
5774
1678
1679
1680
5777
1681
5778
1684
5781
1685
5782
1686
1687
1688
5785
5786
1691
1692
5789
1693
5790
1694
1695
5793
5794
1698
1699
1700
5797
1701
5798
1702
5801
1705
5802
1706
1707
1708
5805
1709
5806
1712
5809
1713
5810
1714
1715
1716
5813
5814
1719
1720
1721
1722
1723
1726
1727
1728
1729
1730
1733
1734
1735
1736
1737
1740
1741
1742
1743
1744
1747
1748
1749
1750
1751
1754
1755
1756
1757
1758
1761
1762
1763
1764
1765
1768
5865
1769
5866
1770
1771
1772
5869
5870
1775
1776
5873
1777
5874
1778
1779
5877
5878
1782
1783
1784
5881
1785
5882
1786
5885
1789
5886
1790
1791
1792
5889
1793
5890
5893
5894
5897
5898
5901
5902
5905
5906
5909
5910
5913
5914
5917
5918
5921
5922
5925
5926
5929
5930
5933
5934
5937
5938
5941
5942
5945
5946
5949
1853
5950
1854
1855
1856
5953
1857
5954
1860
5957
1861
5958
1862
1863
1864
1867
1868
1869
1870
1871
1874
1875
1876
1877
1878
1881
1882
1883
1884
1885
1888
1889
1890
1891
1892
1895
1896
1897
1898
1899
1902
1903
1904
1905
1906
1909
6006
1910
6007
1911
1912
1913
6010
6011
1916
1917
6014
1918
6015
1919
1920
6018
6019
1923
1924
1925
6022
1926
6023
1927
6026
1930
6027
1931
1932
1933
6030
1934
6031
1937
6034
1938
6035
1939
1940
1941
6038
6039
1944
1945
6042
1946
6043
1947
1948
6046
6047
1951
1952
1953
6050
1954
6051
1955
6054
1958
6055
1959
1960
1961
6058
1962
6059
1965
6062
1966
6063
1967
1968
1969
6066
6067
1972
1973
6070
1974
6071
1975
1976
6074
6075
1979
1980
1981
6078
1982
6079
1983
6082
1986
6083
1987
1988
1989
6086
1990
6087
1993
6090
1994
6091
1995
1996
1997
6094
6095
6098
6099
6146
6147
6150
6151
2057
6154
2058
6155
2059
2060
2061
6158
6159
2064
2065
6162
2066
6163
2067
2068
6166
6167
2071
2072
2073
6170
2074
6171
2075
6174
2078
6175
2079
2080
2081
6178
2082
6179
2085
6182
2086
6183
2087
2088
2089
6186
6187
2092
2093
6190
2094
6191
2095
2096
6194
6195
2099
2100
2101
6198
2102
6199
2103
6202
2106
6203
2107
2108
2109
6206
2110
6207
2113
6210
2114
6211
2115
2116
2117
6214
6215
2120
2121
6218
2122
6219
2123
2124
6222
6223
2127
2128
2129
6226
2130
6227
2131
6230
2134
6231
2135
2136
2137
6234
2138
6235
2141
6238
2142
6239
2143
2144
2145
2148
2149
2150
2151
2152
2155
2156
2157
2158
2159
2162
2163
2164
2165
2166
2169
2170
2171
2172
2173
2176
2177
2178
2179
2180
2183
2184
2185
2186
2187
6286
2190
6287
2191
2192
2193
6290
2194
6291
2197
6294
2198
6295
2199
2200
2201
6298
6299
6302
6303
6306
6307
6310
6311
6314
6315
6318
6319
6322
6323
6326
6327
6330
6331
6334
6335
6338
6339
6342
6343
6346
6347
6350
6351
6354
6355
2261
6358
2262
6359
2263
2264
2265
6362
6363
2268
2269
6366
2270
6367
2271
2272
6370
6371
2275
2276
2277
6374
2278
6375
2279
6378
2282
6379
2283
2284
2285
2286
2289
2290
2291
2292
2293
2296
2297
2298
2299
2300
2303
2304
2305
2306
2307
2310
2311
2312
2313
2314
2317
2318
2319
2320
2321
2324
2325
2326
2327
2328
2331
6428
2332
6429
2333
2334
2335
6432
6433
2338
2339
6436
2340
6437
2341
2342
6440
6441
2345
2346
2347
6444
2348
6445
2349
6448
2352
6449
2353
2354
2355
6452
2356
6453
2359
6456
2360
6457
2361
2362
2363
6460
6461
2366
2367
6464
2368
6465
2369
2370
6468
6469
2373
2374
2375
6472
2376
6473
2377
6476
2380
6477
2381
2382
2383
6480
2384
6481
2387
6484
2388
6485
2389
2390
2391
6488
6489
2394
2395
6492
2396
6493
2397
2398
6496
6497
2401
2402
2403
6500
2404
6501
2405
6504
6505
6508
6509
6512
6513
6516
6517
6520
6521
2465
2466
2467
2468
2469
2472
2473
2474
2475
6572
2476
6573
2479
6576
2480
6577
2481
2482
2483
6580
6581
2486
2487
6584
2488
6585
2489
2490
6588
6589
2493
2494
2495
6592
2496
6593
2497
6596
2500
6597
2501
2502
2503
6600
2504
6601
2507
6604
2508
6605
2509
2510
2511
6608
6609
2514
2515
6612
2516
6613
2517
2518
6616
6617
2521
2522
2523
6620
2524
6621
2525
6624
2528
6625
2529
2530
2531
6628
2532
6629
2535
6632
2536
6633
2537
2538
2539
6636
6637
2542
2543
6640
2544
6641
2545
2546
6644
6645
2549
2550
2551
6648
2552
6649
2553
6652
2556
6653
2557
2558
2559
6656
2560
6657
2563
6660
2564
6661
2565
2566
2567
6664
6665
2570
2571
2572
2573
2574
2577
2578
2579
2580
2581
2584
2585
2586
2587
2588
2591
2592
2593
2594
2595
2598
2599
2600
2601
2602
2605
2606
2607
2608
2609
6719
6720
6723
6724
6727
6728
6731
6732
6735
6736
6739
6740
6743
6744
6747
6748
6751
6752
6755
6756
6759
6760
6763
6764
2669
2670
6767
2671
6768
2672
2673
6771
6772
2676
2677
2678
6775
2679
6776
2680
6779
2683
6780
2684
2685
2686
6783
2687
6784
2690
6787
2691
6788
2692
2693
2694
6791
6792
2697
2698
6795
2699
6796
2700
2701
6799
6800
2704
2705
2706
6803
2707
6804
2708
6807
2711
6808
2712
2713
2714
6811
2715
6812
2718
2719
2720
2721
2722
2725
2726
2727
2728
2729
2732
2733
2734
2735
2736
2739
2740
2741
2742
2743
2746
2747
2748
2749
2750
2753
2754
2755
2756
2757
2760
2761
2762
2763
2764
2767
2768
2769
6866
2770
6867
2771
6870
2774
6871
2775
2776
2777
6874
2778
6875
2781
6878
2782
6879
2783
2784
2785
6882
6883
2788
2789
6886
2790
6887
2791
2792
6890
6891
2795
2796
2797
6894
2798
6895
2799
6898
2802
6899
2803
2804
2805
6902
2806
6903
2809
6906
2810
6907
2811
2812
2813
6910
6911
6914
6915
6918
6919
6922
6923
6926
6927
6930
6931
6934
6935
6938
6939
6942
6943
6946
6947
6950
6951
6954
6955
6958
6959
2880
2881
2882
2883
2884
2887
2888
2889
2890
2891
2894
2895
2896
2897
2898
2901
2902
2903
2904
2905
2908
2909
2910
2911
2912
2915
2916
7013
2917
7014
2918
2919
7017
7018
2922
2923
2924
7021
2925
7022
2926
7025
2929
7026
2930
2931
2932
7029
2933
7030
2936
7033
2937
7034
2938
2939
2940
7037
7038
2943
2944
7041
2945
7042
2946
2947
7045
7046
2950
2951
2952
7049
2953
7050
2954
7053
2957
7054
2958
2959
2960
7057
2961
7058
2964
7061
2965
7062
2966
2967
2968
7065
7066
2971
2972
7069
2973
7070
2974
2975
7073
7074
2978
2979
2980
7077
2981
7078
2982
7081
2985
7082
2986
2987
2988
7085
2989
7086
2992
7089
2993
7090
2994
2995
2996
7093
7094
2999
3000
7097
3001
7098
3002
3003
7101
7102
3006
3007
3008
7105
3009
7106
3010
3013
3014
3015
3016
3017
3020
3021
3022
3023
3024
7160
7161
7164
7165
7168
7169
7172
7173
7176
7177
7180
7181
7184
7185
3091
7188
3092
7189
3093
3094
3095
7192
7193
3098
3099
7196
3100
7197
3101
3102
7200
7201
3105
3106
3107
7204
3108
7205
3109
7208
3112
7209
3113
3114
3115
7212
3116
7213
3119
7216
3120
7217
3121
3122
3123
7220
7221
3126
3127
7224
3128
7225
3129
3130
7228
7229
3133
3134
3135
7232
3136
7233
3137
7236
3140
7237
3141
3142
3143
7240
3144
7241
3147
7244
3148
7245
3149
3150
3151
7248
7249
3154
3155
7252
3156
7253
3157
3158
3161
3162
3163
3164
3165
3168
3169
3170
3171
3172
3175
3176
3177
3178
3179
3182
3183
3184
3185
3186
3189
3190
3191
3192
3193
3196
3197
3198
3199
3200
3203
3204
3205
3206
3207
3210
3211
3212
3213
3214
3217
3218
3219
3220
3221
3224
3225
3226
3227
3228
3231
3232
3233
3234
3235
3302
3303
3304
3305
3306
3309
3310
3311
3312
3313
3316
3317
3318
3319
3320
3323
3324
3325
3326
3327
3330
3331
3332
3333
3334
3337
3338
3339
3340
3341
3344
3345
3346
3347
3348
3351
3352
3353
3354
3355
3358
3359
3360
3361
3362
3365
3366
3367
3368
3369
3372
3373
3374
3375
3376
3379
3380
3381
3382
3383
3386
3387
3388
3389
3390
3393
3394
3395
3396
3397
3400
3401
3402
3403
3404
3407
3408
3409
3410
3411
3414
3415
3416
3417
3418
3421
3422
3423
3424
3425
3428
3429
3430
3431
3432
3435
3436
3437
3438
3439
3442
3443
3444
3445
3446
3513
3514
3515
3516
3517
3520
3521
3522
3523
3524
3527
3528
3529
3530
3531
3534
3535
3536
3537
3538
3541
3542
3543
3544
3545
3548
3549
3550
3551
3552
3555
3556
3557
3558
3559
3562
3563
3564
3565
3566
3569
3570
3571
3572
3573
3576
3577
3578
3579
3580
3583
3584
3585
3586
3587
3590
3591
3592
3593
3594
3597
3598
3599
3600
3601
3604
3605
3606
3607
3608
3611
3612
3613
3614
3615
3618
3619
3620
3621
3622
3625
3626
3627
3628
3629
3632
3633
3634
3635
3636
3639
3640
3641
3642
3643
3646
3647
3648
3649
3650
3653
3654
3655
3656
3657
3724
3725
3726
3727
3728
3731
3732
3733
3734
3735
3738
3739
3740
3741
3742
3745
3746
3747
3748
3749
3752
3753
3754
3755
3756
3759
3760
3761
3762
3763
3766
3767
3768
3769
3770
3773
3774
3775
3776
3777
3780
3781
3782
3783
3784
3787
3788
3789
3790
3791
3794
3795
3796
3797
3798
3801
3802
3803
3804
3805
3808
3809
3810
3811
3812
3815
3816
3817
3818
3819
3822
3823
3824
3825
3826
3829
3830
3831
3832
3833
3836
3837
3838
3839
3840
3843
3844
3845
3846
3847
3850
3851
3852
3853
3854
3857
3858
3859
3860
3861
3864
3865
3866
3867
3868
3935
3936
3937
3938
3939
3942
3943
3944
3945
3946
3949
3950
3951
3952
3953
3956
3957
3958
3959
3960
3963
3964
3965
3966
3967
3970
3971
3972
3973
3974
3977
3978
3979
3980
3981
3984
3985
3986
3987
3988
3991
3992
3993
3994
3995
3998
3999
4000
4001
4002
4005
4006
4007
4008
4009
4012
4013
4014
4015
4016
4019
4020
4021
4022
4023
4026
4027
4028
4029
4030
4033
4034
4035
4036
4037
4040
4041
4042
4043
4044
4047
4048
4049
4050
4051
4054
4055
4056
4057
4058
4061
4062
4063
4064
4065
4068
4069
4070
4071
4072
4075
4076
4077
4078
4079
)


// ************************************************************************* //
