/*--------------------------------*- C++ -*----------------------------------*\
| =========                 |                                                 |
| \\      /  F ield         | OpenFOAM: The Open Source CFD Toolbox           |
|  \\    /   O peration     | Version:  2606                                  |
|   \\  /    A nd           | Website:  www.openfoam.com                      |
|    \\/     M anipulation  |                                                 |
\*---------------------------------------------------------------------------*/
FoamFile
{
    version     2.0;
    format      ascii;
    arch        "LSB;label=32;scalar=64";
    class       cellSet;
    location    "constant/Eaton_SU3000RTXLCD2UTAA_UPS_0/polyMesh/sets";
    object      region2;
}
// * * * * * * * * * * * * * * * * * * * * * * * * * * * * * * * * * * * * * //


768
(
7168
7169
6146
6147
7172
7173
6150
6151
7176
7177
6154
6155
7180
7181
5133
5134
6158
6159
7184
7185
5137
5138
6162
6163
7188
7189
5141
5142
6166
6167
7192
7193
5145
5146
6170
6171
7196
7197
5149
5150
6174
6175
7200
7201
5153
5154
6178
6179
7204
7205
5157
5158
6182
6183
7208
7209
5161
5162
6186
6187
7212
7213
5165
5166
6190
6191
7216
7217
5169
5170
6194
6195
7220
7221
5173
6198
5174
6199
7224
7225
5177
6202
5178
6203
7228
7229
5181
6206
5182
6207
7232
7233
5185
6210
5186
6211
7236
7237
5189
6214
5190
6215
7240
7241
5193
6218
5194
6219
7244
7245
5197
6222
5198
6223
7248
7249
5201
6226
5202
6227
7252
7253
5205
6230
5206
6231
5209
6234
5210
6235
5213
6238
5214
6239
5217
5218
5221
5222
5225
5226
6286
6287
6290
6291
6294
6295
6298
6299
6302
6303
5280
5281
6306
6307
5284
5285
6310
6311
5288
5289
6314
6315
5292
5293
6318
6319
5296
5297
6322
6323
5300
5301
6326
6327
5304
5305
6330
6331
5308
5309
6334
6335
5312
5313
6338
6339
5316
5317
6342
6343
5320
5321
6346
6347
5324
5325
6350
6351
5328
5329
6354
6355
5332
5333
6358
6359
5336
5337
6362
6363
5340
5341
6366
6367
5344
5345
6370
6371
5348
5349
6374
6375
5352
5353
6378
6379
5356
5357
5360
5361
5364
5365
5368
5369
5372
5373
6428
6429
6432
6433
6436
6437
6440
6441
6444
6445
6448
6449
5427
6452
5428
6453
5431
6456
5432
6457
5435
6460
5436
6461
5439
6464
5440
6465
5443
6468
5444
6469
5447
6472
5448
6473
5451
6476
5452
6477
5455
6480
5456
6481
5459
6484
5460
6485
5463
6488
5464
6489
5467
6492
5468
6493
5471
6496
5472
6497
5475
6500
5476
6501
5479
6504
5480
6505
5483
6508
5484
6509
5487
6512
5488
6513
5491
6516
5492
6517
5495
6520
5496
6521
5499
5500
5503
5504
5507
5508
5511
5512
5515
5516
5519
5520
6572
6573
6576
6577
6580
6581
6584
6585
6588
6589
6592
6593
6596
6597
5574
5575
6600
6601
5578
5579
6604
6605
5582
5583
6608
6609
5586
5587
6612
6613
5590
5591
6616
6617
5594
5595
6620
6621
5598
5599
6624
6625
5602
5603
6628
6629
5606
5607
6632
6633
5610
5611
6636
6637
5614
5615
6640
6641
5618
5619
6644
6645
5622
5623
6648
6649
5626
5627
6652
6653
5630
5631
6656
6657
5634
5635
6660
6661
5638
5639
6664
6665
5642
5643
5646
5647
5650
5651
5654
5655
5658
5659
5662
5663
5666
5667
6719
6720
6723
6724
6727
6728
6731
6732
6735
6736
6739
6740
6743
6744
5721
5722
6747
6748
5725
5726
6751
6752
5729
5730
6755
6756
5733
5734
6759
6760
5737
5738
6763
6764
5741
5742
6767
6768
5745
5746
6771
6772
5749
5750
6775
6776
5753
5754
6779
6780
5757
5758
6783
6784
5761
5762
6787
6788
5765
5766
6791
6792
5769
5770
6795
6796
5773
5774
6799
6800
5777
5778
6803
6804
5781
5782
6807
6808
5785
5786
6811
6812
5789
5790
5793
5794
5797
5798
5801
5802
5805
5806
5809
5810
5813
5814
6866
6867
6870
6871
6874
6875
6878
6879
6882
6883
6886
6887
5865
6890
5866
6891
5869
6894
5870
6895
5873
6898
5874
6899
5877
6902
5878
6903
5881
6906
5882
6907
5885
6910
5886
6911
5889
6914
5890
6915
5893
6918
5894
6919
5897
6922
5898
6923
5901
6926
5902
6927
5905
6930
5906
6931
5909
6934
5910
6935
5913
6938
5914
6939
5917
6942
5918
6943
5921
6946
5922
6947
5925
6950
5926
6951
5929
6954
5930
6955
5933
6958
5934
6959
5937
5938
5941
5942
5945
5946
5949
5950
5953
5954
5957
5958
7013
7014
7017
7018
7021
7022
7025
7026
4979
4980
7029
7030
6006
4983
6007
4984
7033
7034
6010
4987
6011
4988
7037
7038
6014
4991
6015
4992
7041
7042
6018
4995
6019
4996
7045
7046
6022
4999
6023
5000
7049
7050
6026
5003
6027
5004
7053
7054
6030
5007
6031
5008
7057
7058
6034
5011
6035
5012
7061
7062
6038
5015
6039
5016
7065
7066
6042
5019
6043
5020
7069
7070
6046
5023
6047
5024
7073
7074
6050
5027
6051
5028
7077
7078
6054
5031
6055
5032
7081
7082
6058
5035
6059
5036
7085
7086
6062
5039
6063
5040
7089
7090
6066
5043
6067
5044
7093
7094
6070
5047
6071
5048
7097
7098
6074
5051
6075
5052
7101
7102
6078
5055
6079
5056
7105
7106
6082
5059
6083
5060
6086
5063
6087
5064
6090
5067
6091
5068
6094
5071
6095
5072
6098
6099
7160
7161
7164
7165
)


// ************************************************************************* //
