/*--------------------------------*- C++ -*----------------------------------*\
| =========                 |                                                 |
| \\      /  F ield         | OpenFOAM: The Open Source CFD Toolbox           |
|  \\    /   O peration     | Version:  2606                                  |
|   \\  /    A nd           | Website:  www.openfoam.com                      |
|    \\/     M anipulation  |                                                 |
\*---------------------------------------------------------------------------*/
FoamFile
{
    version     2.0;
    format      ascii;
    arch        "LSB;label=32;scalar=64";
    class       regIOobject;
    location    "constant/fluid/polyMesh";
    object      faceZones;
    meta
    {
        names           ( internal_Rear_exhaust_fan_2_faces internal_Cooling_fan_1_5_faces internal_Cooling_fan_2_6_faces internal_Cooling_fan_3_7_faces internal_Cooling_fan_4_8_faces internal_Cooling_fan_5_9_faces internal_Cooling_fan_6_10_faces );
    }
}
// * * * * * * * * * * * * * * * * * * * * * * * * * * * * * * * * * * * * * //

7
(
internal_Rear_exhaust_fan_2_faces
{
    type            faceZone;
    faceLabels      List<label> 
88
(
445409
445412
445415
445568
445571
445573
456437
456440
456443
456446
456449
456452
456596
456599
456602
456605
456608
456610
467397
467400
467403
467406
467409
467412
467414
467557
467560
467563
467566
467569
467572
467574
478361
478364
478367
478370
478373
478376
478378
478521
478523
478526
478529
478532
478535
478537
489325
489328
489331
489334
489337
489481
489483
489486
489489
489491
500281
500284
500287
500433
500435
500436
735051
735053
735055
735255
735256
735258
735259
735261
735455
735457
735459
735651
735653
735845
735847
735848
735849
736044
736046
736047
736048
736247
736249
736250
736251
736252
)
;
    flipMap         List<bool> 88{0};
}
internal_Cooling_fan_1_5_faces
{
    type            faceZone;
    faceLabels      List<label> 
82
(
99906
99909
99912
99915
99918
111647
111650
111653
111656
111659
111796
111799
111802
111805
111807
111808
123287
123290
123293
123296
123299
123431
123434
123437
123440
123442
123443
134613
134616
134619
134622
134625
134746
134749
134752
134755
134757
134758
145785
145788
145791
145794
145797
145918
145921
145924
145927
145929
145930
156889
156892
156895
156898
156901
157022
157025
157028
157031
157033
157034
167853
167856
167859
167862
167865
167986
167987
167989
167990
167992
167993
167995
167996
167997
167998
167999
741465
741807
742083
742359
742703
742987
)
;
    flipMap         List<bool> 82{0};
}
internal_Cooling_fan_2_6_faces
{
    type            faceZone;
    faceLabels      List<label> 
46
(
178951
178954
178957
178960
178963
189781
189784
189787
189790
189793
189914
189917
189920
189923
189925
189926
200745
200748
200751
200754
200757
200878
200881
200884
200887
200889
200890
211709
211712
211715
211718
211721
211842
211843
211845
211846
211848
211849
211851
211852
211853
211854
211855
743555
743839
744123
)
;
    flipMap         List<bool> 46{0};
}
internal_Cooling_fan_3_7_faces
{
    type            faceZone;
    faceLabels      List<label> 
70
(
244701
244704
244707
244710
244713
255504
255507
255510
255513
255516
255637
255640
255643
255646
255648
255649
266441
266444
266447
266450
266453
266574
266577
266580
266583
266585
266586
277378
277381
277384
277387
277390
277511
277514
277517
277520
277522
277523
288315
288318
288321
288324
288327
288448
288451
288454
288457
288459
288460
299292
299295
299298
299301
299304
299425
299426
299428
299429
299431
299432
299434
299435
299436
299437
299438
745259
745543
745827
746111
746395
)
;
    flipMap         List<bool> 70{0};
}
internal_Cooling_fan_4_8_faces
{
    type            faceZone;
    faceLabels      List<label> 
70
(
321319
321322
321325
321328
321331
332390
332393
332396
332399
332402
332539
332542
332545
332548
332550
332551
343611
343614
343617
343620
343623
343760
343763
343766
343769
343771
343772
354792
354795
354798
354801
354804
354937
354940
354943
354946
354948
354949
365844
365847
365850
365853
365856
365981
365984
365987
365990
365992
365993
376779
376782
376785
376788
376791
376914
376915
376917
376918
376920
376921
376923
376924
376925
376926
376927
747247
747531
747815
748099
748383
)
;
    flipMap         List<bool> 70{0};
}
internal_Cooling_fan_5_9_faces
{
    type            faceZone;
    faceLabels      List<label> 
82
(
409366
409369
409372
409375
409378
420055
420058
420061
420064
420067
420185
420188
420191
420194
420196
420197
430875
430878
430881
430884
430887
431005
431008
431011
431014
431016
431017
441695
441698
441701
441704
441707
441825
441828
441831
441834
441836
441837
452730
452733
452736
452739
452742
452860
452863
452866
452869
452871
452872
463690
463693
463696
463699
463702
463820
463823
463826
463829
463831
463832
474654
474657
474660
474663
474666
474784
474785
474787
474788
474790
474791
474793
474794
474795
474796
474797
749519
749803
750165
750473
750775
751077
)
;
    flipMap         List<bool> 82{0};
}
internal_Cooling_fan_6_10_faces
{
    type            faceZone;
    faceLabels      List<label> 
106
(
485747
485750
485753
485756
485759
496570
496573
496576
496579
496582
496700
496703
496706
496709
496711
496712
507515
507518
507521
507524
507527
507645
507648
507651
507654
507656
507657
518452
518455
518458
518461
518464
518582
518585
518588
518591
518593
518594
529622
529625
529628
529631
529634
529777
529780
529783
529786
529788
529789
541171
541174
541177
541180
541183
541326
541329
541332
541335
541337
541338
552887
552890
552893
552896
552899
553042
553045
553048
553051
553053
553054
564668
564671
564674
564677
564680
564830
564833
564836
564839
564841
564842
576519
576522
576525
576528
576531
576681
576682
576684
576685
576687
576688
576690
576691
576692
576693
576694
751681
751983
752285
752587
752957
753251
753545
753905
)
;
    flipMap         List<bool> 106{0};
}
)

// ************************************************************************* //
