FoamFile
{
    format      ascii;
    class       faceList;
    location    "constant/polyMesh";
    object      faces;
}

2560
(
4(1 118 127 10)
4(9 10 127 126)
4(117 126 127 118)
4(2 119 128 11)
4(10 11 128 127)
4(118 127 128 119)
4(3 120 129 12)
4(11 12 129 128)
4(119 128 129 120)
4(4 121 130 13)
4(12 13 130 129)
4(120 129 130 121)
4(5 122 131 14)
4(13 14 131 130)
4(121 130 131 122)
4(6 123 132 15)
4(14 15 132 131)
4(122 131 132 123)
4(7 124 133 16)
4(15 16 133 132)
4(123 132 133 124)
4(16 17 134 133)
4(124 133 134 125)
4(10 127 136 19)
4(18 19 136 135)
4(126 135 136 127)
4(11 128 137 20)
4(19 20 137 136)
4(127 136 137 128)
4(12 129 138 21)
4(20 21 138 137)
4(128 137 138 129)
4(13 130 139 22)
4(21 22 139 138)
4(129 138 139 130)
4(14 131 140 23)
4(22 23 140 139)
4(130 139 140 131)
4(15 132 141 24)
4(23 24 141 140)
4(131 140 141 132)
4(16 133 142 25)
4(24 25 142 141)
4(132 141 142 133)
4(25 26 143 142)
4(133 142 143 134)
4(19 136 145 28)
4(27 28 145 144)
4(135 144 145 136)
4(20 137 146 29)
4(28 29 146 145)
4(136 145 146 137)
4(21 138 147 30)
4(29 30 147 146)
4(137 146 147 138)
4(22 139 148 31)
4(30 31 148 147)
4(138 147 148 139)
4(23 140 149 32)
4(31 32 149 148)
4(139 148 149 140)
4(24 141 150 33)
4(32 33 150 149)
4(140 149 150 141)
4(25 142 151 34)
4(33 34 151 150)
4(141 150 151 142)
4(34 35 152 151)
4(142 151 152 143)
4(28 145 154 37)
4(36 37 154 153)
4(144 153 154 145)
4(29 146 155 38)
4(37 38 155 154)
4(145 154 155 146)
4(30 147 156 39)
4(38 39 156 155)
4(146 155 156 147)
4(31 148 157 40)
4(39 40 157 156)
4(147 156 157 148)
4(32 149 158 41)
4(40 41 158 157)
4(148 157 158 149)
4(33 150 159 42)
4(41 42 159 158)
4(149 158 159 150)
4(34 151 160 43)
4(42 43 160 159)
4(150 159 160 151)
4(43 44 161 160)
4(151 160 161 152)
4(37 154 163 46)
4(45 46 163 162)
4(153 162 163 154)
4(38 155 164 47)
4(46 47 164 163)
4(154 163 164 155)
4(39 156 165 48)
4(47 48 165 164)
4(155 164 165 156)
4(40 157 166 49)
4(48 49 166 165)
4(156 165 166 157)
4(41 158 167 50)
4(49 50 167 166)
4(157 166 167 158)
4(42 159 168 51)
4(50 51 168 167)
4(158 167 168 159)
4(43 160 169 52)
4(51 52 169 168)
4(159 168 169 160)
4(52 53 170 169)
4(160 169 170 161)
4(46 163 172 55)
4(54 55 172 171)
4(162 171 172 163)
4(47 164 173 56)
4(55 56 173 172)
4(163 172 173 164)
4(48 165 174 57)
4(56 57 174 173)
4(164 173 174 165)
4(49 166 175 58)
4(57 58 175 174)
4(165 174 175 166)
4(50 167 176 59)
4(58 59 176 175)
4(166 175 176 167)
4(51 168 177 60)
4(59 60 177 176)
4(167 176 177 168)
4(52 169 178 61)
4(60 61 178 177)
4(168 177 178 169)
4(61 62 179 178)
4(169 178 179 170)
4(55 172 181 64)
4(63 64 181 180)
4(171 180 181 172)
4(56 173 182 65)
4(64 65 182 181)
4(172 181 182 173)
4(57 174 183 66)
4(65 66 183 182)
4(173 182 183 174)
4(58 175 184 67)
4(66 67 184 183)
4(174 183 184 175)
4(59 176 185 68)
4(67 68 185 184)
4(175 184 185 176)
4(60 177 186 69)
4(68 69 186 185)
4(176 185 186 177)
4(61 178 187 70)
4(69 70 187 186)
4(177 186 187 178)
4(70 71 188 187)
4(178 187 188 179)
4(64 181 190 73)
4(72 73 190 189)
4(180 189 190 181)
4(65 182 191 74)
4(73 74 191 190)
4(181 190 191 182)
4(66 183 192 75)
4(74 75 192 191)
4(182 191 192 183)
4(67 184 193 76)
4(75 76 193 192)
4(183 192 193 184)
4(68 185 194 77)
4(76 77 194 193)
4(184 193 194 185)
4(69 186 195 78)
4(77 78 195 194)
4(185 194 195 186)
4(70 187 196 79)
4(78 79 196 195)
4(186 195 196 187)
4(79 80 197 196)
4(187 196 197 188)
4(73 190 199 82)
4(81 82 199 198)
4(189 198 199 190)
4(74 191 200 83)
4(82 83 200 199)
4(190 199 200 191)
4(75 192 201 84)
4(83 84 201 200)
4(191 200 201 192)
4(76 193 202 85)
4(84 85 202 201)
4(192 201 202 193)
4(77 194 203 86)
4(85 86 203 202)
4(193 202 203 194)
4(78 195 204 87)
4(86 87 204 203)
4(194 203 204 195)
4(79 196 205 88)
4(87 88 205 204)
4(195 204 205 196)
4(88 89 206 205)
4(196 205 206 197)
4(82 199 208 91)
4(90 91 208 207)
4(198 207 208 199)
4(83 200 209 92)
4(91 92 209 208)
4(199 208 209 200)
4(84 201 210 93)
4(92 93 210 209)
4(200 209 210 201)
4(85 202 211 94)
4(93 94 211 210)
4(201 210 211 202)
4(86 203 212 95)
4(94 95 212 211)
4(202 211 212 203)
4(87 204 213 96)
4(95 96 213 212)
4(203 212 213 204)
4(88 205 214 97)
4(96 97 214 213)
4(204 213 214 205)
4(97 98 215 214)
4(205 214 215 206)
4(91 208 217 100)
4(99 100 217 216)
4(207 216 217 208)
4(92 209 218 101)
4(100 101 218 217)
4(208 217 218 209)
4(93 210 219 102)
4(101 102 219 218)
4(209 218 219 210)
4(94 211 220 103)
4(102 103 220 219)
4(210 219 220 211)
4(95 212 221 104)
4(103 104 221 220)
4(211 220 221 212)
4(96 213 222 105)
4(104 105 222 221)
4(212 221 222 213)
4(97 214 223 106)
4(105 106 223 222)
4(213 222 223 214)
4(106 107 224 223)
4(214 223 224 215)
4(100 217 226 109)
4(216 225 226 217)
4(101 218 227 110)
4(217 226 227 218)
4(102 219 228 111)
4(218 227 228 219)
4(103 220 229 112)
4(219 228 229 220)
4(104 221 230 113)
4(220 229 230 221)
4(105 222 231 114)
4(221 230 231 222)
4(106 223 232 115)
4(222 231 232 223)
4(223 232 233 224)
4(118 235 244 127)
4(126 127 244 243)
4(234 243 244 235)
4(119 236 245 128)
4(127 128 245 244)
4(235 244 245 236)
4(120 237 246 129)
4(128 129 246 245)
4(236 245 246 237)
4(121 238 247 130)
4(129 130 247 246)
4(237 246 247 238)
4(122 239 248 131)
4(130 131 248 247)
4(238 247 248 239)
4(123 240 249 132)
4(131 132 249 248)
4(239 248 249 240)
4(124 241 250 133)
4(132 133 250 249)
4(240 249 250 241)
4(133 134 251 250)
4(241 250 251 242)
4(127 244 253 136)
4(135 136 253 252)
4(243 252 253 244)
4(128 245 254 137)
4(136 137 254 253)
4(244 253 254 245)
4(129 246 255 138)
4(137 138 255 254)
4(245 254 255 246)
4(130 247 256 139)
4(138 139 256 255)
4(246 255 256 247)
4(131 248 257 140)
4(139 140 257 256)
4(247 256 257 248)
4(132 249 258 141)
4(140 141 258 257)
4(248 257 258 249)
4(133 250 259 142)
4(141 142 259 258)
4(249 258 259 250)
4(142 143 260 259)
4(250 259 260 251)
4(136 253 262 145)
4(144 145 262 261)
4(252 261 262 253)
4(137 254 263 146)
4(145 146 263 262)
4(253 262 263 254)
4(138 255 264 147)
4(146 147 264 263)
4(254 263 264 255)
4(139 256 265 148)
4(147 148 265 264)
4(255 264 265 256)
4(140 257 266 149)
4(148 149 266 265)
4(256 265 266 257)
4(141 258 267 150)
4(149 150 267 266)
4(257 266 267 258)
4(142 259 268 151)
4(150 151 268 267)
4(258 267 268 259)
4(151 152 269 268)
4(259 268 269 260)
4(145 262 271 154)
4(153 154 271 270)
4(261 270 271 262)
4(146 263 272 155)
4(154 155 272 271)
4(262 271 272 263)
4(147 264 273 156)
4(155 156 273 272)
4(263 272 273 264)
4(148 265 274 157)
4(156 157 274 273)
4(264 273 274 265)
4(149 266 275 158)
4(157 158 275 274)
4(265 274 275 266)
4(150 267 276 159)
4(158 159 276 275)
4(266 275 276 267)
4(151 268 277 160)
4(159 160 277 276)
4(267 276 277 268)
4(160 161 278 277)
4(268 277 278 269)
4(154 271 280 163)
4(162 163 280 279)
4(270 279 280 271)
4(155 272 281 164)
4(163 164 281 280)
4(271 280 281 272)
4(156 273 282 165)
4(164 165 282 281)
4(272 281 282 273)
4(157 274 283 166)
4(165 166 283 282)
4(273 282 283 274)
4(158 275 284 167)
4(166 167 284 283)
4(274 283 284 275)
4(159 276 285 168)
4(167 168 285 284)
4(275 284 285 276)
4(160 277 286 169)
4(168 169 286 285)
4(276 285 286 277)
4(169 170 287 286)
4(277 286 287 278)
4(163 280 289 172)
4(171 172 289 288)
4(279 288 289 280)
4(164 281 290 173)
4(172 173 290 289)
4(280 289 290 281)
4(165 282 291 174)
4(173 174 291 290)
4(281 290 291 282)
4(166 283 292 175)
4(174 175 292 291)
4(282 291 292 283)
4(167 284 293 176)
4(175 176 293 292)
4(283 292 293 284)
4(168 285 294 177)
4(176 177 294 293)
4(284 293 294 285)
4(169 286 295 178)
4(177 178 295 294)
4(285 294 295 286)
4(178 179 296 295)
4(286 295 296 287)
4(172 289 298 181)
4(180 181 298 297)
4(288 297 298 289)
4(173 290 299 182)
4(181 182 299 298)
4(289 298 299 290)
4(174 291 300 183)
4(182 183 300 299)
4(290 299 300 291)
4(175 292 301 184)
4(183 184 301 300)
4(291 300 301 292)
4(176 293 302 185)
4(184 185 302 301)
4(292 301 302 293)
4(177 294 303 186)
4(185 186 303 302)
4(293 302 303 294)
4(178 295 304 187)
4(186 187 304 303)
4(294 303 304 295)
4(187 188 305 304)
4(295 304 305 296)
4(181 298 307 190)
4(189 190 307 306)
4(297 306 307 298)
4(182 299 308 191)
4(190 191 308 307)
4(298 307 308 299)
4(183 300 309 192)
4(191 192 309 308)
4(299 308 309 300)
4(184 301 310 193)
4(192 193 310 309)
4(300 309 310 301)
4(185 302 311 194)
4(193 194 311 310)
4(301 310 311 302)
4(186 303 312 195)
4(194 195 312 311)
4(302 311 312 303)
4(187 304 313 196)
4(195 196 313 312)
4(303 312 313 304)
4(196 197 314 313)
4(304 313 314 305)
4(190 307 316 199)
4(198 199 316 315)
4(306 315 316 307)
4(191 308 317 200)
4(199 200 317 316)
4(307 316 317 308)
4(192 309 318 201)
4(200 201 318 317)
4(308 317 318 309)
4(193 310 319 202)
4(201 202 319 318)
4(309 318 319 310)
4(194 311 320 203)
4(202 203 320 319)
4(310 319 320 311)
4(195 312 321 204)
4(203 204 321 320)
4(311 320 321 312)
4(196 313 322 205)
4(204 205 322 321)
4(312 321 322 313)
4(205 206 323 322)
4(313 322 323 314)
4(199 316 325 208)
4(207 208 325 324)
4(315 324 325 316)
4(200 317 326 209)
4(208 209 326 325)
4(316 325 326 317)
4(201 318 327 210)
4(209 210 327 326)
4(317 326 327 318)
4(202 319 328 211)
4(210 211 328 327)
4(318 327 328 319)
4(203 320 329 212)
4(211 212 329 328)
4(319 328 329 320)
4(204 321 330 213)
4(212 213 330 329)
4(320 329 330 321)
4(205 322 331 214)
4(213 214 331 330)
4(321 330 331 322)
4(214 215 332 331)
4(322 331 332 323)
4(208 325 334 217)
4(216 217 334 333)
4(324 333 334 325)
4(209 326 335 218)
4(217 218 335 334)
4(325 334 335 326)
4(210 327 336 219)
4(218 219 336 335)
4(326 335 336 327)
4(211 328 337 220)
4(219 220 337 336)
4(327 336 337 328)
4(212 329 338 221)
4(220 221 338 337)
4(328 337 338 329)
4(213 330 339 222)
4(221 222 339 338)
4(329 338 339 330)
4(214 331 340 223)
4(222 223 340 339)
4(330 339 340 331)
4(223 224 341 340)
4(331 340 341 332)
4(217 334 343 226)
4(333 342 343 334)
4(218 335 344 227)
4(334 343 344 335)
4(219 336 345 228)
4(335 344 345 336)
4(220 337 346 229)
4(336 345 346 337)
4(221 338 347 230)
4(337 346 347 338)
4(222 339 348 231)
4(338 347 348 339)
4(223 340 349 232)
4(339 348 349 340)
4(340 349 350 341)
4(235 352 361 244)
4(243 244 361 360)
4(351 360 361 352)
4(236 353 362 245)
4(244 245 362 361)
4(352 361 362 353)
4(237 354 363 246)
4(245 246 363 362)
4(353 362 363 354)
4(238 355 364 247)
4(246 247 364 363)
4(354 363 364 355)
4(239 356 365 248)
4(247 248 365 364)
4(355 364 365 356)
4(240 357 366 249)
4(248 249 366 365)
4(356 365 366 357)
4(241 358 367 250)
4(249 250 367 366)
4(357 366 367 358)
4(250 251 368 367)
4(358 367 368 359)
4(244 361 370 253)
4(252 253 370 369)
4(360 369 370 361)
4(245 362 371 254)
4(253 254 371 370)
4(361 370 371 362)
4(246 363 372 255)
4(254 255 372 371)
4(362 371 372 363)
4(247 364 373 256)
4(255 256 373 372)
4(363 372 373 364)
4(248 365 374 257)
4(256 257 374 373)
4(364 373 374 365)
4(249 366 375 258)
4(257 258 375 374)
4(365 374 375 366)
4(250 367 376 259)
4(258 259 376 375)
4(366 375 376 367)
4(259 260 377 376)
4(367 376 377 368)
4(253 370 379 262)
4(261 262 379 378)
4(369 378 379 370)
4(254 371 380 263)
4(262 263 380 379)
4(370 379 380 371)
4(255 372 381 264)
4(263 264 381 380)
4(371 380 381 372)
4(256 373 382 265)
4(264 265 382 381)
4(372 381 382 373)
4(257 374 383 266)
4(265 266 383 382)
4(373 382 383 374)
4(258 375 384 267)
4(266 267 384 383)
4(374 383 384 375)
4(259 376 385 268)
4(267 268 385 384)
4(375 384 385 376)
4(268 269 386 385)
4(376 385 386 377)
4(262 379 388 271)
4(270 271 388 387)
4(378 387 388 379)
4(263 380 389 272)
4(271 272 389 388)
4(379 388 389 380)
4(264 381 390 273)
4(272 273 390 389)
4(380 389 390 381)
4(265 382 391 274)
4(273 274 391 390)
4(381 390 391 382)
4(266 383 392 275)
4(274 275 392 391)
4(382 391 392 383)
4(267 384 393 276)
4(275 276 393 392)
4(383 392 393 384)
4(268 385 394 277)
4(276 277 394 393)
4(384 393 394 385)
4(277 278 395 394)
4(385 394 395 386)
4(271 388 397 280)
4(279 280 397 396)
4(387 396 397 388)
4(272 389 398 281)
4(280 281 398 397)
4(388 397 398 389)
4(273 390 399 282)
4(281 282 399 398)
4(389 398 399 390)
4(274 391 400 283)
4(282 283 400 399)
4(390 399 400 391)
4(275 392 401 284)
4(283 284 401 400)
4(391 400 401 392)
4(276 393 402 285)
4(284 285 402 401)
4(392 401 402 393)
4(277 394 403 286)
4(285 286 403 402)
4(393 402 403 394)
4(286 287 404 403)
4(394 403 404 395)
4(280 397 406 289)
4(288 289 406 405)
4(396 405 406 397)
4(281 398 407 290)
4(289 290 407 406)
4(397 406 407 398)
4(282 399 408 291)
4(290 291 408 407)
4(398 407 408 399)
4(283 400 409 292)
4(291 292 409 408)
4(399 408 409 400)
4(284 401 410 293)
4(292 293 410 409)
4(400 409 410 401)
4(285 402 411 294)
4(293 294 411 410)
4(401 410 411 402)
4(286 403 412 295)
4(294 295 412 411)
4(402 411 412 403)
4(295 296 413 412)
4(403 412 413 404)
4(289 406 415 298)
4(297 298 415 414)
4(405 414 415 406)
4(290 407 416 299)
4(298 299 416 415)
4(406 415 416 407)
4(291 408 417 300)
4(299 300 417 416)
4(407 416 417 408)
4(292 409 418 301)
4(300 301 418 417)
4(408 417 418 409)
4(293 410 419 302)
4(301 302 419 418)
4(409 418 419 410)
4(294 411 420 303)
4(302 303 420 419)
4(410 419 420 411)
4(295 412 421 304)
4(303 304 421 420)
4(411 420 421 412)
4(304 305 422 421)
4(412 421 422 413)
4(298 415 424 307)
4(306 307 424 423)
4(414 423 424 415)
4(299 416 425 308)
4(307 308 425 424)
4(415 424 425 416)
4(300 417 426 309)
4(308 309 426 425)
4(416 425 426 417)
4(301 418 427 310)
4(309 310 427 426)
4(417 426 427 418)
4(302 419 428 311)
4(310 311 428 427)
4(418 427 428 419)
4(303 420 429 312)
4(311 312 429 428)
4(419 428 429 420)
4(304 421 430 313)
4(312 313 430 429)
4(420 429 430 421)
4(313 314 431 430)
4(421 430 431 422)
4(307 424 433 316)
4(315 316 433 432)
4(423 432 433 424)
4(308 425 434 317)
4(316 317 434 433)
4(424 433 434 425)
4(309 426 435 318)
4(317 318 435 434)
4(425 434 435 426)
4(310 427 436 319)
4(318 319 436 435)
4(426 435 436 427)
4(311 428 437 320)
4(319 320 437 436)
4(427 436 437 428)
4(312 429 438 321)
4(320 321 438 437)
4(428 437 438 429)
4(313 430 439 322)
4(321 322 439 438)
4(429 438 439 430)
4(322 323 440 439)
4(430 439 440 431)
4(316 433 442 325)
4(324 325 442 441)
4(432 441 442 433)
4(317 434 443 326)
4(325 326 443 442)
4(433 442 443 434)
4(318 435 444 327)
4(326 327 444 443)
4(434 443 444 435)
4(319 436 445 328)
4(327 328 445 444)
4(435 444 445 436)
4(320 437 446 329)
4(328 329 446 445)
4(436 445 446 437)
4(321 438 447 330)
4(329 330 447 446)
4(437 446 447 438)
4(322 439 448 331)
4(330 331 448 447)
4(438 447 448 439)
4(331 332 449 448)
4(439 448 449 440)
4(325 442 451 334)
4(333 334 451 450)
4(441 450 451 442)
4(326 443 452 335)
4(334 335 452 451)
4(442 451 452 443)
4(327 444 453 336)
4(335 336 453 452)
4(443 452 453 444)
4(328 445 454 337)
4(336 337 454 453)
4(444 453 454 445)
4(329 446 455 338)
4(337 338 455 454)
4(445 454 455 446)
4(330 447 456 339)
4(338 339 456 455)
4(446 455 456 447)
4(331 448 457 340)
4(339 340 457 456)
4(447 456 457 448)
4(340 341 458 457)
4(448 457 458 449)
4(334 451 460 343)
4(450 459 460 451)
4(335 452 461 344)
4(451 460 461 452)
4(336 453 462 345)
4(452 461 462 453)
4(337 454 463 346)
4(453 462 463 454)
4(338 455 464 347)
4(454 463 464 455)
4(339 456 465 348)
4(455 464 465 456)
4(340 457 466 349)
4(456 465 466 457)
4(457 466 467 458)
4(352 469 478 361)
4(360 361 478 477)
4(468 477 478 469)
4(353 470 479 362)
4(361 362 479 478)
4(469 478 479 470)
4(354 471 480 363)
4(362 363 480 479)
4(470 479 480 471)
4(355 472 481 364)
4(363 364 481 480)
4(471 480 481 472)
4(356 473 482 365)
4(364 365 482 481)
4(472 481 482 473)
4(357 474 483 366)
4(365 366 483 482)
4(473 482 483 474)
4(358 475 484 367)
4(366 367 484 483)
4(474 483 484 475)
4(367 368 485 484)
4(475 484 485 476)
4(361 478 487 370)
4(369 370 487 486)
4(477 486 487 478)
4(362 479 488 371)
4(370 371 488 487)
4(478 487 488 479)
4(363 480 489 372)
4(371 372 489 488)
4(479 488 489 480)
4(364 481 490 373)
4(372 373 490 489)
4(480 489 490 481)
4(365 482 491 374)
4(373 374 491 490)
4(481 490 491 482)
4(366 483 492 375)
4(374 375 492 491)
4(482 491 492 483)
4(367 484 493 376)
4(375 376 493 492)
4(483 492 493 484)
4(376 377 494 493)
4(484 493 494 485)
4(370 487 496 379)
4(378 379 496 495)
4(486 495 496 487)
4(371 488 497 380)
4(379 380 497 496)
4(487 496 497 488)
4(372 489 498 381)
4(380 381 498 497)
4(488 497 498 489)
4(373 490 499 382)
4(381 382 499 498)
4(489 498 499 490)
4(374 491 500 383)
4(382 383 500 499)
4(490 499 500 491)
4(375 492 501 384)
4(383 384 501 500)
4(491 500 501 492)
4(376 493 502 385)
4(384 385 502 501)
4(492 501 502 493)
4(385 386 503 502)
4(493 502 503 494)
4(379 496 505 388)
4(387 388 505 504)
4(495 504 505 496)
4(380 497 506 389)
4(388 389 506 505)
4(496 505 506 497)
4(381 498 507 390)
4(389 390 507 506)
4(497 506 507 498)
4(382 499 508 391)
4(390 391 508 507)
4(498 507 508 499)
4(383 500 509 392)
4(391 392 509 508)
4(499 508 509 500)
4(384 501 510 393)
4(392 393 510 509)
4(500 509 510 501)
4(385 502 511 394)
4(393 394 511 510)
4(501 510 511 502)
4(394 395 512 511)
4(502 511 512 503)
4(388 505 514 397)
4(396 397 514 513)
4(504 513 514 505)
4(389 506 515 398)
4(397 398 515 514)
4(505 514 515 506)
4(390 507 516 399)
4(398 399 516 515)
4(506 515 516 507)
4(391 508 517 400)
4(399 400 517 516)
4(507 516 517 508)
4(392 509 518 401)
4(400 401 518 517)
4(508 517 518 509)
4(393 510 519 402)
4(401 402 519 518)
4(509 518 519 510)
4(394 511 520 403)
4(402 403 520 519)
4(510 519 520 511)
4(403 404 521 520)
4(511 520 521 512)
4(397 514 523 406)
4(405 406 523 522)
4(513 522 523 514)
4(398 515 524 407)
4(406 407 524 523)
4(514 523 524 515)
4(399 516 525 408)
4(407 408 525 524)
4(515 524 525 516)
4(400 517 526 409)
4(408 409 526 525)
4(516 525 526 517)
4(401 518 527 410)
4(409 410 527 526)
4(517 526 527 518)
4(402 519 528 411)
4(410 411 528 527)
4(518 527 528 519)
4(403 520 529 412)
4(411 412 529 528)
4(519 528 529 520)
4(412 413 530 529)
4(520 529 530 521)
4(406 523 532 415)
4(414 415 532 531)
4(522 531 532 523)
4(407 524 533 416)
4(415 416 533 532)
4(523 532 533 524)
4(408 525 534 417)
4(416 417 534 533)
4(524 533 534 525)
4(409 526 535 418)
4(417 418 535 534)
4(525 534 535 526)
4(410 527 536 419)
4(418 419 536 535)
4(526 535 536 527)
4(411 528 537 420)
4(419 420 537 536)
4(527 536 537 528)
4(412 529 538 421)
4(420 421 538 537)
4(528 537 538 529)
4(421 422 539 538)
4(529 538 539 530)
4(415 532 541 424)
4(423 424 541 540)
4(531 540 541 532)
4(416 533 542 425)
4(424 425 542 541)
4(532 541 542 533)
4(417 534 543 426)
4(425 426 543 542)
4(533 542 543 534)
4(418 535 544 427)
4(426 427 544 543)
4(534 543 544 535)
4(419 536 545 428)
4(427 428 545 544)
4(535 544 545 536)
4(420 537 546 429)
4(428 429 546 545)
4(536 545 546 537)
4(421 538 547 430)
4(429 430 547 546)
4(537 546 547 538)
4(430 431 548 547)
4(538 547 548 539)
4(424 541 550 433)
4(432 433 550 549)
4(540 549 550 541)
4(425 542 551 434)
4(433 434 551 550)
4(541 550 551 542)
4(426 543 552 435)
4(434 435 552 551)
4(542 551 552 543)
4(427 544 553 436)
4(435 436 553 552)
4(543 552 553 544)
4(428 545 554 437)
4(436 437 554 553)
4(544 553 554 545)
4(429 546 555 438)
4(437 438 555 554)
4(545 554 555 546)
4(430 547 556 439)
4(438 439 556 555)
4(546 555 556 547)
4(439 440 557 556)
4(547 556 557 548)
4(433 550 559 442)
4(441 442 559 558)
4(549 558 559 550)
4(434 551 560 443)
4(442 443 560 559)
4(550 559 560 551)
4(435 552 561 444)
4(443 444 561 560)
4(551 560 561 552)
4(436 553 562 445)
4(444 445 562 561)
4(552 561 562 553)
4(437 554 563 446)
4(445 446 563 562)
4(553 562 563 554)
4(438 555 564 447)
4(446 447 564 563)
4(554 563 564 555)
4(439 556 565 448)
4(447 448 565 564)
4(555 564 565 556)
4(448 449 566 565)
4(556 565 566 557)
4(442 559 568 451)
4(450 451 568 567)
4(558 567 568 559)
4(443 560 569 452)
4(451 452 569 568)
4(559 568 569 560)
4(444 561 570 453)
4(452 453 570 569)
4(560 569 570 561)
4(445 562 571 454)
4(453 454 571 570)
4(561 570 571 562)
4(446 563 572 455)
4(454 455 572 571)
4(562 571 572 563)
4(447 564 573 456)
4(455 456 573 572)
4(563 572 573 564)
4(448 565 574 457)
4(456 457 574 573)
4(564 573 574 565)
4(457 458 575 574)
4(565 574 575 566)
4(451 568 577 460)
4(567 576 577 568)
4(452 569 578 461)
4(568 577 578 569)
4(453 570 579 462)
4(569 578 579 570)
4(454 571 580 463)
4(570 579 580 571)
4(455 572 581 464)
4(571 580 581 572)
4(456 573 582 465)
4(572 581 582 573)
4(457 574 583 466)
4(573 582 583 574)
4(574 583 584 575)
4(469 586 595 478)
4(477 478 595 594)
4(585 594 595 586)
4(470 587 596 479)
4(478 479 596 595)
4(586 595 596 587)
4(471 588 597 480)
4(479 480 597 596)
4(587 596 597 588)
4(472 589 598 481)
4(480 481 598 597)
4(588 597 598 589)
4(473 590 599 482)
4(481 482 599 598)
4(589 598 599 590)
4(474 591 600 483)
4(482 483 600 599)
4(590 599 600 591)
4(475 592 601 484)
4(483 484 601 600)
4(591 600 601 592)
4(484 485 602 601)
4(592 601 602 593)
4(478 595 604 487)
4(486 487 604 603)
4(594 603 604 595)
4(479 596 605 488)
4(487 488 605 604)
4(595 604 605 596)
4(480 597 606 489)
4(488 489 606 605)
4(596 605 606 597)
4(481 598 607 490)
4(489 490 607 606)
4(597 606 607 598)
4(482 599 608 491)
4(490 491 608 607)
4(598 607 608 599)
4(483 600 609 492)
4(491 492 609 608)
4(599 608 609 600)
4(484 601 610 493)
4(492 493 610 609)
4(600 609 610 601)
4(493 494 611 610)
4(601 610 611 602)
4(487 604 613 496)
4(495 496 613 612)
4(603 612 613 604)
4(488 605 614 497)
4(496 497 614 613)
4(604 613 614 605)
4(489 606 615 498)
4(497 498 615 614)
4(605 614 615 606)
4(490 607 616 499)
4(498 499 616 615)
4(606 615 616 607)
4(491 608 617 500)
4(499 500 617 616)
4(607 616 617 608)
4(492 609 618 501)
4(500 501 618 617)
4(608 617 618 609)
4(493 610 619 502)
4(501 502 619 618)
4(609 618 619 610)
4(502 503 620 619)
4(610 619 620 611)
4(496 613 622 505)
4(504 505 622 621)
4(612 621 622 613)
4(497 614 623 506)
4(505 506 623 622)
4(613 622 623 614)
4(498 615 624 507)
4(506 507 624 623)
4(614 623 624 615)
4(499 616 625 508)
4(507 508 625 624)
4(615 624 625 616)
4(500 617 626 509)
4(508 509 626 625)
4(616 625 626 617)
4(501 618 627 510)
4(509 510 627 626)
4(617 626 627 618)
4(502 619 628 511)
4(510 511 628 627)
4(618 627 628 619)
4(511 512 629 628)
4(619 628 629 620)
4(505 622 631 514)
4(513 514 631 630)
4(621 630 631 622)
4(506 623 632 515)
4(514 515 632 631)
4(622 631 632 623)
4(507 624 633 516)
4(515 516 633 632)
4(623 632 633 624)
4(508 625 634 517)
4(516 517 634 633)
4(624 633 634 625)
4(509 626 635 518)
4(517 518 635 634)
4(625 634 635 626)
4(510 627 636 519)
4(518 519 636 635)
4(626 635 636 627)
4(511 628 637 520)
4(519 520 637 636)
4(627 636 637 628)
4(520 521 638 637)
4(628 637 638 629)
4(514 631 640 523)
4(522 523 640 639)
4(630 639 640 631)
4(515 632 641 524)
4(523 524 641 640)
4(631 640 641 632)
4(516 633 642 525)
4(524 525 642 641)
4(632 641 642 633)
4(517 634 643 526)
4(525 526 643 642)
4(633 642 643 634)
4(518 635 644 527)
4(526 527 644 643)
4(634 643 644 635)
4(519 636 645 528)
4(527 528 645 644)
4(635 644 645 636)
4(520 637 646 529)
4(528 529 646 645)
4(636 645 646 637)
4(529 530 647 646)
4(637 646 647 638)
4(523 640 649 532)
4(531 532 649 648)
4(639 648 649 640)
4(524 641 650 533)
4(532 533 650 649)
4(640 649 650 641)
4(525 642 651 534)
4(533 534 651 650)
4(641 650 651 642)
4(526 643 652 535)
4(534 535 652 651)
4(642 651 652 643)
4(527 644 653 536)
4(535 536 653 652)
4(643 652 653 644)
4(528 645 654 537)
4(536 537 654 653)
4(644 653 654 645)
4(529 646 655 538)
4(537 538 655 654)
4(645 654 655 646)
4(538 539 656 655)
4(646 655 656 647)
4(532 649 658 541)
4(540 541 658 657)
4(648 657 658 649)
4(533 650 659 542)
4(541 542 659 658)
4(649 658 659 650)
4(534 651 660 543)
4(542 543 660 659)
4(650 659 660 651)
4(535 652 661 544)
4(543 544 661 660)
4(651 660 661 652)
4(536 653 662 545)
4(544 545 662 661)
4(652 661 662 653)
4(537 654 663 546)
4(545 546 663 662)
4(653 662 663 654)
4(538 655 664 547)
4(546 547 664 663)
4(654 663 664 655)
4(547 548 665 664)
4(655 664 665 656)
4(541 658 667 550)
4(549 550 667 666)
4(657 666 667 658)
4(542 659 668 551)
4(550 551 668 667)
4(658 667 668 659)
4(543 660 669 552)
4(551 552 669 668)
4(659 668 669 660)
4(544 661 670 553)
4(552 553 670 669)
4(660 669 670 661)
4(545 662 671 554)
4(553 554 671 670)
4(661 670 671 662)
4(546 663 672 555)
4(554 555 672 671)
4(662 671 672 663)
4(547 664 673 556)
4(555 556 673 672)
4(663 672 673 664)
4(556 557 674 673)
4(664 673 674 665)
4(550 667 676 559)
4(558 559 676 675)
4(666 675 676 667)
4(551 668 677 560)
4(559 560 677 676)
4(667 676 677 668)
4(552 669 678 561)
4(560 561 678 677)
4(668 677 678 669)
4(553 670 679 562)
4(561 562 679 678)
4(669 678 679 670)
4(554 671 680 563)
4(562 563 680 679)
4(670 679 680 671)
4(555 672 681 564)
4(563 564 681 680)
4(671 680 681 672)
4(556 673 682 565)
4(564 565 682 681)
4(672 681 682 673)
4(565 566 683 682)
4(673 682 683 674)
4(559 676 685 568)
4(567 568 685 684)
4(675 684 685 676)
4(560 677 686 569)
4(568 569 686 685)
4(676 685 686 677)
4(561 678 687 570)
4(569 570 687 686)
4(677 686 687 678)
4(562 679 688 571)
4(570 571 688 687)
4(678 687 688 679)
4(563 680 689 572)
4(571 572 689 688)
4(679 688 689 680)
4(564 681 690 573)
4(572 573 690 689)
4(680 689 690 681)
4(565 682 691 574)
4(573 574 691 690)
4(681 690 691 682)
4(574 575 692 691)
4(682 691 692 683)
4(568 685 694 577)
4(684 693 694 685)
4(569 686 695 578)
4(685 694 695 686)
4(570 687 696 579)
4(686 695 696 687)
4(571 688 697 580)
4(687 696 697 688)
4(572 689 698 581)
4(688 697 698 689)
4(573 690 699 582)
4(689 698 699 690)
4(574 691 700 583)
4(690 699 700 691)
4(691 700 701 692)
4(586 703 712 595)
4(594 595 712 711)
4(702 711 712 703)
4(587 704 713 596)
4(595 596 713 712)
4(703 712 713 704)
4(588 705 714 597)
4(596 597 714 713)
4(704 713 714 705)
4(589 706 715 598)
4(597 598 715 714)
4(705 714 715 706)
4(590 707 716 599)
4(598 599 716 715)
4(706 715 716 707)
4(591 708 717 600)
4(599 600 717 716)
4(707 716 717 708)
4(592 709 718 601)
4(600 601 718 717)
4(708 717 718 709)
4(601 602 719 718)
4(709 718 719 710)
4(595 712 721 604)
4(603 604 721 720)
4(711 720 721 712)
4(596 713 722 605)
4(604 605 722 721)
4(712 721 722 713)
4(597 714 723 606)
4(605 606 723 722)
4(713 722 723 714)
4(598 715 724 607)
4(606 607 724 723)
4(714 723 724 715)
4(599 716 725 608)
4(607 608 725 724)
4(715 724 725 716)
4(600 717 726 609)
4(608 609 726 725)
4(716 725 726 717)
4(601 718 727 610)
4(609 610 727 726)
4(717 726 727 718)
4(610 611 728 727)
4(718 727 728 719)
4(604 721 730 613)
4(612 613 730 729)
4(720 729 730 721)
4(605 722 731 614)
4(613 614 731 730)
4(721 730 731 722)
4(606 723 732 615)
4(614 615 732 731)
4(722 731 732 723)
4(607 724 733 616)
4(615 616 733 732)
4(723 732 733 724)
4(608 725 734 617)
4(616 617 734 733)
4(724 733 734 725)
4(609 726 735 618)
4(617 618 735 734)
4(725 734 735 726)
4(610 727 736 619)
4(618 619 736 735)
4(726 735 736 727)
4(619 620 737 736)
4(727 736 737 728)
4(613 730 739 622)
4(621 622 739 738)
4(729 738 739 730)
4(614 731 740 623)
4(622 623 740 739)
4(730 739 740 731)
4(615 732 741 624)
4(623 624 741 740)
4(731 740 741 732)
4(616 733 742 625)
4(624 625 742 741)
4(732 741 742 733)
4(617 734 743 626)
4(625 626 743 742)
4(733 742 743 734)
4(618 735 744 627)
4(626 627 744 743)
4(734 743 744 735)
4(619 736 745 628)
4(627 628 745 744)
4(735 744 745 736)
4(628 629 746 745)
4(736 745 746 737)
4(622 739 748 631)
4(630 631 748 747)
4(738 747 748 739)
4(623 740 749 632)
4(631 632 749 748)
4(739 748 749 740)
4(624 741 750 633)
4(632 633 750 749)
4(740 749 750 741)
4(625 742 751 634)
4(633 634 751 750)
4(741 750 751 742)
4(626 743 752 635)
4(634 635 752 751)
4(742 751 752 743)
4(627 744 753 636)
4(635 636 753 752)
4(743 752 753 744)
4(628 745 754 637)
4(636 637 754 753)
4(744 753 754 745)
4(637 638 755 754)
4(745 754 755 746)
4(631 748 757 640)
4(639 640 757 756)
4(747 756 757 748)
4(632 749 758 641)
4(640 641 758 757)
4(748 757 758 749)
4(633 750 759 642)
4(641 642 759 758)
4(749 758 759 750)
4(634 751 760 643)
4(642 643 760 759)
4(750 759 760 751)
4(635 752 761 644)
4(643 644 761 760)
4(751 760 761 752)
4(636 753 762 645)
4(644 645 762 761)
4(752 761 762 753)
4(637 754 763 646)
4(645 646 763 762)
4(753 762 763 754)
4(646 647 764 763)
4(754 763 764 755)
4(640 757 766 649)
4(648 649 766 765)
4(756 765 766 757)
4(641 758 767 650)
4(649 650 767 766)
4(757 766 767 758)
4(642 759 768 651)
4(650 651 768 767)
4(758 767 768 759)
4(643 760 769 652)
4(651 652 769 768)
4(759 768 769 760)
4(644 761 770 653)
4(652 653 770 769)
4(760 769 770 761)
4(645 762 771 654)
4(653 654 771 770)
4(761 770 771 762)
4(646 763 772 655)
4(654 655 772 771)
4(762 771 772 763)
4(655 656 773 772)
4(763 772 773 764)
4(649 766 775 658)
4(657 658 775 774)
4(765 774 775 766)
4(650 767 776 659)
4(658 659 776 775)
4(766 775 776 767)
4(651 768 777 660)
4(659 660 777 776)
4(767 776 777 768)
4(652 769 778 661)
4(660 661 778 777)
4(768 777 778 769)
4(653 770 779 662)
4(661 662 779 778)
4(769 778 779 770)
4(654 771 780 663)
4(662 663 780 779)
4(770 779 780 771)
4(655 772 781 664)
4(663 664 781 780)
4(771 780 781 772)
4(664 665 782 781)
4(772 781 782 773)
4(658 775 784 667)
4(666 667 784 783)
4(774 783 784 775)
4(659 776 785 668)
4(667 668 785 784)
4(775 784 785 776)
4(660 777 786 669)
4(668 669 786 785)
4(776 785 786 777)
4(661 778 787 670)
4(669 670 787 786)
4(777 786 787 778)
4(662 779 788 671)
4(670 671 788 787)
4(778 787 788 779)
4(663 780 789 672)
4(671 672 789 788)
4(779 788 789 780)
4(664 781 790 673)
4(672 673 790 789)
4(780 789 790 781)
4(673 674 791 790)
4(781 790 791 782)
4(667 784 793 676)
4(675 676 793 792)
4(783 792 793 784)
4(668 785 794 677)
4(676 677 794 793)
4(784 793 794 785)
4(669 786 795 678)
4(677 678 795 794)
4(785 794 795 786)
4(670 787 796 679)
4(678 679 796 795)
4(786 795 796 787)
4(671 788 797 680)
4(679 680 797 796)
4(787 796 797 788)
4(672 789 798 681)
4(680 681 798 797)
4(788 797 798 789)
4(673 790 799 682)
4(681 682 799 798)
4(789 798 799 790)
4(682 683 800 799)
4(790 799 800 791)
4(676 793 802 685)
4(684 685 802 801)
4(792 801 802 793)
4(677 794 803 686)
4(685 686 803 802)
4(793 802 803 794)
4(678 795 804 687)
4(686 687 804 803)
4(794 803 804 795)
4(679 796 805 688)
4(687 688 805 804)
4(795 804 805 796)
4(680 797 806 689)
4(688 689 806 805)
4(796 805 806 797)
4(681 798 807 690)
4(689 690 807 806)
4(797 806 807 798)
4(682 799 808 691)
4(690 691 808 807)
4(798 807 808 799)
4(691 692 809 808)
4(799 808 809 800)
4(685 802 811 694)
4(801 810 811 802)
4(686 803 812 695)
4(802 811 812 803)
4(687 804 813 696)
4(803 812 813 804)
4(688 805 814 697)
4(804 813 814 805)
4(689 806 815 698)
4(805 814 815 806)
4(690 807 816 699)
4(806 815 816 807)
4(691 808 817 700)
4(807 816 817 808)
4(808 817 818 809)
4(703 820 829 712)
4(711 712 829 828)
4(819 828 829 820)
4(704 821 830 713)
4(712 713 830 829)
4(820 829 830 821)
4(705 822 831 714)
4(713 714 831 830)
4(821 830 831 822)
4(706 823 832 715)
4(714 715 832 831)
4(822 831 832 823)
4(707 824 833 716)
4(715 716 833 832)
4(823 832 833 824)
4(708 825 834 717)
4(716 717 834 833)
4(824 833 834 825)
4(709 826 835 718)
4(717 718 835 834)
4(825 834 835 826)
4(718 719 836 835)
4(826 835 836 827)
4(712 829 838 721)
4(720 721 838 837)
4(828 837 838 829)
4(713 830 839 722)
4(721 722 839 838)
4(829 838 839 830)
4(714 831 840 723)
4(722 723 840 839)
4(830 839 840 831)
4(715 832 841 724)
4(723 724 841 840)
4(831 840 841 832)
4(716 833 842 725)
4(724 725 842 841)
4(832 841 842 833)
4(717 834 843 726)
4(725 726 843 842)
4(833 842 843 834)
4(718 835 844 727)
4(726 727 844 843)
4(834 843 844 835)
4(727 728 845 844)
4(835 844 845 836)
4(721 838 847 730)
4(729 730 847 846)
4(837 846 847 838)
4(722 839 848 731)
4(730 731 848 847)
4(838 847 848 839)
4(723 840 849 732)
4(731 732 849 848)
4(839 848 849 840)
4(724 841 850 733)
4(732 733 850 849)
4(840 849 850 841)
4(725 842 851 734)
4(733 734 851 850)
4(841 850 851 842)
4(726 843 852 735)
4(734 735 852 851)
4(842 851 852 843)
4(727 844 853 736)
4(735 736 853 852)
4(843 852 853 844)
4(736 737 854 853)
4(844 853 854 845)
4(730 847 856 739)
4(738 739 856 855)
4(846 855 856 847)
4(731 848 857 740)
4(739 740 857 856)
4(847 856 857 848)
4(732 849 858 741)
4(740 741 858 857)
4(848 857 858 849)
4(733 850 859 742)
4(741 742 859 858)
4(849 858 859 850)
4(734 851 860 743)
4(742 743 860 859)
4(850 859 860 851)
4(735 852 861 744)
4(743 744 861 860)
4(851 860 861 852)
4(736 853 862 745)
4(744 745 862 861)
4(852 861 862 853)
4(745 746 863 862)
4(853 862 863 854)
4(739 856 865 748)
4(747 748 865 864)
4(855 864 865 856)
4(740 857 866 749)
4(748 749 866 865)
4(856 865 866 857)
4(741 858 867 750)
4(749 750 867 866)
4(857 866 867 858)
4(742 859 868 751)
4(750 751 868 867)
4(858 867 868 859)
4(743 860 869 752)
4(751 752 869 868)
4(859 868 869 860)
4(744 861 870 753)
4(752 753 870 869)
4(860 869 870 861)
4(745 862 871 754)
4(753 754 871 870)
4(861 870 871 862)
4(754 755 872 871)
4(862 871 872 863)
4(748 865 874 757)
4(756 757 874 873)
4(864 873 874 865)
4(749 866 875 758)
4(757 758 875 874)
4(865 874 875 866)
4(750 867 876 759)
4(758 759 876 875)
4(866 875 876 867)
4(751 868 877 760)
4(759 760 877 876)
4(867 876 877 868)
4(752 869 878 761)
4(760 761 878 877)
4(868 877 878 869)
4(753 870 879 762)
4(761 762 879 878)
4(869 878 879 870)
4(754 871 880 763)
4(762 763 880 879)
4(870 879 880 871)
4(763 764 881 880)
4(871 880 881 872)
4(757 874 883 766)
4(765 766 883 882)
4(873 882 883 874)
4(758 875 884 767)
4(766 767 884 883)
4(874 883 884 875)
4(759 876 885 768)
4(767 768 885 884)
4(875 884 885 876)
4(760 877 886 769)
4(768 769 886 885)
4(876 885 886 877)
4(761 878 887 770)
4(769 770 887 886)
4(877 886 887 878)
4(762 879 888 771)
4(770 771 888 887)
4(878 887 888 879)
4(763 880 889 772)
4(771 772 889 888)
4(879 888 889 880)
4(772 773 890 889)
4(880 889 890 881)
4(766 883 892 775)
4(774 775 892 891)
4(882 891 892 883)
4(767 884 893 776)
4(775 776 893 892)
4(883 892 893 884)
4(768 885 894 777)
4(776 777 894 893)
4(884 893 894 885)
4(769 886 895 778)
4(777 778 895 894)
4(885 894 895 886)
4(770 887 896 779)
4(778 779 896 895)
4(886 895 896 887)
4(771 888 897 780)
4(779 780 897 896)
4(887 896 897 888)
4(772 889 898 781)
4(780 781 898 897)
4(888 897 898 889)
4(781 782 899 898)
4(889 898 899 890)
4(775 892 901 784)
4(783 784 901 900)
4(891 900 901 892)
4(776 893 902 785)
4(784 785 902 901)
4(892 901 902 893)
4(777 894 903 786)
4(785 786 903 902)
4(893 902 903 894)
4(778 895 904 787)
4(786 787 904 903)
4(894 903 904 895)
4(779 896 905 788)
4(787 788 905 904)
4(895 904 905 896)
4(780 897 906 789)
4(788 789 906 905)
4(896 905 906 897)
4(781 898 907 790)
4(789 790 907 906)
4(897 906 907 898)
4(790 791 908 907)
4(898 907 908 899)
4(784 901 910 793)
4(792 793 910 909)
4(900 909 910 901)
4(785 902 911 794)
4(793 794 911 910)
4(901 910 911 902)
4(786 903 912 795)
4(794 795 912 911)
4(902 911 912 903)
4(787 904 913 796)
4(795 796 913 912)
4(903 912 913 904)
4(788 905 914 797)
4(796 797 914 913)
4(904 913 914 905)
4(789 906 915 798)
4(797 798 915 914)
4(905 914 915 906)
4(790 907 916 799)
4(798 799 916 915)
4(906 915 916 907)
4(799 800 917 916)
4(907 916 917 908)
4(793 910 919 802)
4(801 802 919 918)
4(909 918 919 910)
4(794 911 920 803)
4(802 803 920 919)
4(910 919 920 911)
4(795 912 921 804)
4(803 804 921 920)
4(911 920 921 912)
4(796 913 922 805)
4(804 805 922 921)
4(912 921 922 913)
4(797 914 923 806)
4(805 806 923 922)
4(913 922 923 914)
4(798 915 924 807)
4(806 807 924 923)
4(914 923 924 915)
4(799 916 925 808)
4(807 808 925 924)
4(915 924 925 916)
4(808 809 926 925)
4(916 925 926 917)
4(802 919 928 811)
4(918 927 928 919)
4(803 920 929 812)
4(919 928 929 920)
4(804 921 930 813)
4(920 929 930 921)
4(805 922 931 814)
4(921 930 931 922)
4(806 923 932 815)
4(922 931 932 923)
4(807 924 933 816)
4(923 932 933 924)
4(808 925 934 817)
4(924 933 934 925)
4(925 934 935 926)
4(820 937 946 829)
4(828 829 946 945)
4(821 938 947 830)
4(829 830 947 946)
4(822 939 948 831)
4(830 831 948 947)
4(823 940 949 832)
4(831 832 949 948)
4(824 941 950 833)
4(832 833 950 949)
4(825 942 951 834)
4(833 834 951 950)
4(826 943 952 835)
4(834 835 952 951)
4(835 836 953 952)
4(829 946 955 838)
4(837 838 955 954)
4(830 947 956 839)
4(838 839 956 955)
4(831 948 957 840)
4(839 840 957 956)
4(832 949 958 841)
4(840 841 958 957)
4(833 950 959 842)
4(841 842 959 958)
4(834 951 960 843)
4(842 843 960 959)
4(835 952 961 844)
4(843 844 961 960)
4(844 845 962 961)
4(838 955 964 847)
4(846 847 964 963)
4(839 956 965 848)
4(847 848 965 964)
4(840 957 966 849)
4(848 849 966 965)
4(841 958 967 850)
4(849 850 967 966)
4(842 959 968 851)
4(850 851 968 967)
4(843 960 969 852)
4(851 852 969 968)
4(844 961 970 853)
4(852 853 970 969)
4(853 854 971 970)
4(847 964 973 856)
4(855 856 973 972)
4(848 965 974 857)
4(856 857 974 973)
4(849 966 975 858)
4(857 858 975 974)
4(850 967 976 859)
4(858 859 976 975)
4(851 968 977 860)
4(859 860 977 976)
4(852 969 978 861)
4(860 861 978 977)
4(853 970 979 862)
4(861 862 979 978)
4(862 863 980 979)
4(856 973 982 865)
4(864 865 982 981)
4(857 974 983 866)
4(865 866 983 982)
4(858 975 984 867)
4(866 867 984 983)
4(859 976 985 868)
4(867 868 985 984)
4(860 977 986 869)
4(868 869 986 985)
4(861 978 987 870)
4(869 870 987 986)
4(862 979 988 871)
4(870 871 988 987)
4(871 872 989 988)
4(865 982 991 874)
4(873 874 991 990)
4(866 983 992 875)
4(874 875 992 991)
4(867 984 993 876)
4(875 876 993 992)
4(868 985 994 877)
4(876 877 994 993)
4(869 986 995 878)
4(877 878 995 994)
4(870 987 996 879)
4(878 879 996 995)
4(871 988 997 880)
4(879 880 997 996)
4(880 881 998 997)
4(874 991 1000 883)
4(882 883 1000 999)
4(875 992 1001 884)
4(883 884 1001 1000)
4(876 993 1002 885)
4(884 885 1002 1001)
4(877 994 1003 886)
4(885 886 1003 1002)
4(878 995 1004 887)
4(886 887 1004 1003)
4(879 996 1005 888)
4(887 888 1005 1004)
4(880 997 1006 889)
4(888 889 1006 1005)
4(889 890 1007 1006)
4(883 1000 1009 892)
4(891 892 1009 1008)
4(884 1001 1010 893)
4(892 893 1010 1009)
4(885 1002 1011 894)
4(893 894 1011 1010)
4(886 1003 1012 895)
4(894 895 1012 1011)
4(887 1004 1013 896)
4(895 896 1013 1012)
4(888 1005 1014 897)
4(896 897 1014 1013)
4(889 1006 1015 898)
4(897 898 1015 1014)
4(898 899 1016 1015)
4(892 1009 1018 901)
4(900 901 1018 1017)
4(893 1010 1019 902)
4(901 902 1019 1018)
4(894 1011 1020 903)
4(902 903 1020 1019)
4(895 1012 1021 904)
4(903 904 1021 1020)
4(896 1013 1022 905)
4(904 905 1022 1021)
4(897 1014 1023 906)
4(905 906 1023 1022)
4(898 1015 1024 907)
4(906 907 1024 1023)
4(907 908 1025 1024)
4(901 1018 1027 910)
4(909 910 1027 1026)
4(902 1019 1028 911)
4(910 911 1028 1027)
4(903 1020 1029 912)
4(911 912 1029 1028)
4(904 1021 1030 913)
4(912 913 1030 1029)
4(905 1022 1031 914)
4(913 914 1031 1030)
4(906 1023 1032 915)
4(914 915 1032 1031)
4(907 1024 1033 916)
4(915 916 1033 1032)
4(916 917 1034 1033)
4(910 1027 1036 919)
4(918 919 1036 1035)
4(911 1028 1037 920)
4(919 920 1037 1036)
4(912 1029 1038 921)
4(920 921 1038 1037)
4(913 1030 1039 922)
4(921 922 1039 1038)
4(914 1031 1040 923)
4(922 923 1040 1039)
4(915 1032 1041 924)
4(923 924 1041 1040)
4(916 1033 1042 925)
4(924 925 1042 1041)
4(925 926 1043 1042)
4(919 1036 1045 928)
4(920 1037 1046 929)
4(921 1038 1047 930)
4(922 1039 1048 931)
4(923 1040 1049 932)
4(924 1041 1050 933)
4(925 1042 1051 934)
4(0 117 118 1)
4(0 1 10 9)
4(0 9 126 117)
4(1 2 11 10)
4(1 118 119 2)
4(2 119 120 3)
4(2 3 12 11)
4(3 120 121 4)
4(3 4 13 12)
4(4 121 122 5)
4(4 5 14 13)
4(5 6 15 14)
4(5 122 123 6)
4(6 7 16 15)
4(6 123 124 7)
4(7 124 125 8)
4(8 125 134 17)
4(7 8 17 16)
4(9 18 135 126)
4(9 10 19 18)
4(10 11 20 19)
4(11 12 21 20)
4(12 13 22 21)
4(13 14 23 22)
4(14 15 24 23)
4(15 16 25 24)
4(17 134 143 26)
4(16 17 26 25)
4(18 19 28 27)
4(18 27 144 135)
4(19 20 29 28)
4(20 21 30 29)
4(21 22 31 30)
4(22 23 32 31)
4(23 24 33 32)
4(24 25 34 33)
4(26 143 152 35)
4(25 26 35 34)
4(27 36 153 144)
4(27 28 37 36)
4(28 29 38 37)
4(29 30 39 38)
4(30 31 40 39)
4(31 32 41 40)
4(32 33 42 41)
4(33 34 43 42)
4(34 35 44 43)
4(35 152 161 44)
4(36 45 162 153)
4(36 37 46 45)
4(37 38 47 46)
4(38 39 48 47)
4(39 40 49 48)
4(40 41 50 49)
4(41 42 51 50)
4(42 43 52 51)
4(44 161 170 53)
4(43 44 53 52)
4(45 46 55 54)
4(45 54 171 162)
4(46 47 56 55)
4(47 48 57 56)
4(48 49 58 57)
4(49 50 59 58)
4(50 51 60 59)
4(51 52 61 60)
4(53 170 179 62)
4(52 53 62 61)
4(54 55 64 63)
4(54 63 180 171)
4(55 56 65 64)
4(56 57 66 65)
4(57 58 67 66)
4(58 59 68 67)
4(59 60 69 68)
4(60 61 70 69)
4(62 179 188 71)
4(61 62 71 70)
4(63 72 189 180)
4(63 64 73 72)
4(64 65 74 73)
4(65 66 75 74)
4(66 67 76 75)
4(67 68 77 76)
4(68 69 78 77)
4(69 70 79 78)
4(70 71 80 79)
4(71 188 197 80)
4(72 81 198 189)
4(72 73 82 81)
4(73 74 83 82)
4(74 75 84 83)
4(75 76 85 84)
4(76 77 86 85)
4(77 78 87 86)
4(78 79 88 87)
4(80 197 206 89)
4(79 80 89 88)
4(81 90 207 198)
4(81 82 91 90)
4(82 83 92 91)
4(83 84 93 92)
4(84 85 94 93)
4(85 86 95 94)
4(86 87 96 95)
4(87 88 97 96)
4(88 89 98 97)
4(89 206 215 98)
4(90 99 216 207)
4(90 91 100 99)
4(91 92 101 100)
4(92 93 102 101)
4(93 94 103 102)
4(94 95 104 103)
4(95 96 105 104)
4(96 97 106 105)
4(97 98 107 106)
4(98 215 224 107)
4(99 108 225 216)
4(108 109 226 225)
4(99 100 109 108)
4(109 110 227 226)
4(100 101 110 109)
4(110 111 228 227)
4(101 102 111 110)
4(111 112 229 228)
4(102 103 112 111)
4(112 113 230 229)
4(103 104 113 112)
4(113 114 231 230)
4(104 105 114 113)
4(114 115 232 231)
4(105 106 115 114)
4(106 107 116 115)
4(107 224 233 116)
4(115 116 233 232)
4(117 234 235 118)
4(117 126 243 234)
4(118 235 236 119)
4(119 236 237 120)
4(120 237 238 121)
4(121 238 239 122)
4(122 239 240 123)
4(123 240 241 124)
4(124 241 242 125)
4(125 242 251 134)
4(126 135 252 243)
4(134 251 260 143)
4(135 144 261 252)
4(143 260 269 152)
4(144 153 270 261)
4(152 269 278 161)
4(153 162 279 270)
4(161 278 287 170)
4(162 171 288 279)
4(170 287 296 179)
4(171 180 297 288)
4(179 296 305 188)
4(180 189 306 297)
4(188 305 314 197)
4(189 198 315 306)
4(197 314 323 206)
4(198 207 324 315)
4(206 323 332 215)
4(207 216 333 324)
4(215 332 341 224)
4(225 226 343 342)
4(216 225 342 333)
4(226 227 344 343)
4(227 228 345 344)
4(228 229 346 345)
4(229 230 347 346)
4(230 231 348 347)
4(231 232 349 348)
4(232 233 350 349)
4(224 341 350 233)
4(234 351 352 235)
4(234 243 360 351)
4(235 352 353 236)
4(240 357 358 241)
4(241 358 359 242)
4(242 359 368 251)
4(243 252 369 360)
4(251 368 377 260)
4(252 261 378 369)
4(260 377 386 269)
4(261 270 387 378)
4(269 386 395 278)
4(270 279 396 387)
4(278 395 404 287)
4(279 288 405 396)
4(287 404 413 296)
4(288 297 414 405)
4(296 413 422 305)
4(297 306 423 414)
4(305 422 431 314)
4(306 315 432 423)
4(314 431 440 323)
4(315 324 441 432)
4(323 440 449 332)
4(324 333 450 441)
4(332 449 458 341)
4(342 343 460 459)
4(333 342 459 450)
4(343 344 461 460)
4(348 349 466 465)
4(349 350 467 466)
4(341 458 467 350)
4(351 360 477 468)
4(351 468 469 352)
4(352 469 470 353)
4(357 474 475 358)
4(359 476 485 368)
4(358 475 476 359)
4(360 369 486 477)
4(368 485 494 377)
4(369 378 495 486)
4(377 494 503 386)
4(378 387 504 495)
4(386 503 512 395)
4(387 396 513 504)
4(395 512 521 404)
4(396 405 522 513)
4(404 521 530 413)
4(405 414 531 522)
4(413 530 539 422)
4(414 423 540 531)
4(422 539 548 431)
4(423 432 549 540)
4(431 548 557 440)
4(432 441 558 549)
4(440 557 566 449)
4(441 450 567 558)
4(449 566 575 458)
4(450 459 576 567)
4(459 460 577 576)
4(460 461 578 577)
4(465 466 583 582)
4(466 467 584 583)
4(458 575 584 467)
4(468 585 586 469)
4(468 477 594 585)
4(469 586 587 470)
4(474 591 592 475)
4(475 592 593 476)
4(476 593 602 485)
4(477 486 603 594)
4(485 602 611 494)
4(486 495 612 603)
4(494 611 620 503)
4(495 504 621 612)
4(503 620 629 512)
4(504 513 630 621)
4(512 629 638 521)
4(513 522 639 630)
4(521 638 647 530)
4(522 531 648 639)
4(530 647 656 539)
4(531 540 657 648)
4(539 656 665 548)
4(540 549 666 657)
4(548 665 674 557)
4(549 558 675 666)
4(557 674 683 566)
4(558 567 684 675)
4(566 683 692 575)
4(576 577 694 693)
4(567 576 693 684)
4(577 578 695 694)
4(582 583 700 699)
4(575 692 701 584)
4(583 584 701 700)
4(585 702 703 586)
4(585 594 711 702)
4(586 703 704 587)
4(591 708 709 592)
4(593 710 719 602)
4(592 709 710 593)
4(594 603 720 711)
4(602 719 728 611)
4(603 612 729 720)
4(611 728 737 620)
4(612 621 738 729)
4(620 737 746 629)
4(621 630 747 738)
4(629 746 755 638)
4(630 639 756 747)
4(638 755 764 647)
4(639 648 765 756)
4(647 764 773 656)
4(648 657 774 765)
4(656 773 782 665)
4(657 666 783 774)
4(665 782 791 674)
4(666 675 792 783)
4(674 791 800 683)
4(675 684 801 792)
4(683 800 809 692)
4(693 694 811 810)
4(684 693 810 801)
4(694 695 812 811)
4(699 700 817 816)
4(700 701 818 817)
4(692 809 818 701)
4(702 711 828 819)
4(702 819 820 703)
4(703 820 821 704)
4(704 821 822 705)
4(705 822 823 706)
4(706 823 824 707)
4(707 824 825 708)
4(708 825 826 709)
4(709 826 827 710)
4(710 827 836 719)
4(711 720 837 828)
4(719 836 845 728)
4(720 729 846 837)
4(728 845 854 737)
4(729 738 855 846)
4(737 854 863 746)
4(738 747 864 855)
4(746 863 872 755)
4(747 756 873 864)
4(755 872 881 764)
4(756 765 882 873)
4(764 881 890 773)
4(765 774 891 882)
4(773 890 899 782)
4(774 783 900 891)
4(782 899 908 791)
4(783 792 909 900)
4(791 908 917 800)
4(792 801 918 909)
4(800 917 926 809)
4(801 810 927 918)
4(810 811 928 927)
4(811 812 929 928)
4(812 813 930 929)
4(813 814 931 930)
4(814 815 932 931)
4(815 816 933 932)
4(816 817 934 933)
4(809 926 935 818)
4(817 818 935 934)
4(819 936 937 820)
4(819 828 945 936)
4(936 945 946 937)
4(820 937 938 821)
4(937 946 947 938)
4(938 947 948 939)
4(821 938 939 822)
4(939 948 949 940)
4(822 939 940 823)
4(940 949 950 941)
4(823 940 941 824)
4(824 941 942 825)
4(941 950 951 942)
4(825 942 943 826)
4(942 951 952 943)
4(826 943 944 827)
4(943 952 953 944)
4(827 944 953 836)
4(828 837 954 945)
4(945 954 955 946)
4(946 955 956 947)
4(947 956 957 948)
4(948 957 958 949)
4(949 958 959 950)
4(950 959 960 951)
4(951 960 961 952)
4(836 953 962 845)
4(952 961 962 953)
4(837 846 963 954)
4(954 963 964 955)
4(955 964 965 956)
4(956 965 966 957)
4(957 966 967 958)
4(958 967 968 959)
4(959 968 969 960)
4(960 969 970 961)
4(961 970 971 962)
4(845 962 971 854)
4(963 972 973 964)
4(846 855 972 963)
4(964 973 974 965)
4(965 974 975 966)
4(966 975 976 967)
4(967 976 977 968)
4(968 977 978 969)
4(969 978 979 970)
4(970 979 980 971)
4(854 971 980 863)
4(972 981 982 973)
4(855 864 981 972)
4(973 982 983 974)
4(974 983 984 975)
4(975 984 985 976)
4(976 985 986 977)
4(977 986 987 978)
4(978 987 988 979)
4(863 980 989 872)
4(979 988 989 980)
4(981 990 991 982)
4(864 873 990 981)
4(982 991 992 983)
4(983 992 993 984)
4(984 993 994 985)
4(985 994 995 986)
4(986 995 996 987)
4(987 996 997 988)
4(988 997 998 989)
4(872 989 998 881)
4(873 882 999 990)
4(990 999 1000 991)
4(991 1000 1001 992)
4(992 1001 1002 993)
4(993 1002 1003 994)
4(994 1003 1004 995)
4(995 1004 1005 996)
4(996 1005 1006 997)
4(881 998 1007 890)
4(997 1006 1007 998)
4(882 891 1008 999)
4(999 1008 1009 1000)
4(1000 1009 1010 1001)
4(1001 1010 1011 1002)
4(1002 1011 1012 1003)
4(1003 1012 1013 1004)
4(1004 1013 1014 1005)
4(1005 1014 1015 1006)
4(890 1007 1016 899)
4(1006 1015 1016 1007)
4(891 900 1017 1008)
4(1008 1017 1018 1009)
4(1009 1018 1019 1010)
4(1010 1019 1020 1011)
4(1011 1020 1021 1012)
4(1012 1021 1022 1013)
4(1013 1022 1023 1014)
4(1014 1023 1024 1015)
4(1015 1024 1025 1016)
4(899 1016 1025 908)
4(1017 1026 1027 1018)
4(900 909 1026 1017)
4(1018 1027 1028 1019)
4(1019 1028 1029 1020)
4(1020 1029 1030 1021)
4(1021 1030 1031 1022)
4(1022 1031 1032 1023)
4(1023 1032 1033 1024)
4(908 1025 1034 917)
4(1024 1033 1034 1025)
4(909 918 1035 1026)
4(1026 1035 1036 1027)
4(1027 1036 1037 1028)
4(1028 1037 1038 1029)
4(1029 1038 1039 1030)
4(1030 1039 1040 1031)
4(1031 1040 1041 1032)
4(1032 1041 1042 1033)
4(1033 1042 1043 1034)
4(917 1034 1043 926)
4(918 927 1044 1035)
4(1035 1044 1045 1036)
4(927 928 1045 1044)
4(1036 1045 1046 1037)
4(928 929 1046 1045)
4(1037 1046 1047 1038)
4(929 930 1047 1046)
4(1038 1047 1048 1039)
4(930 931 1048 1047)
4(931 932 1049 1048)
4(1039 1048 1049 1040)
4(932 933 1050 1049)
4(1040 1049 1050 1041)
4(933 934 1051 1050)
4(1041 1050 1051 1042)
4(926 1043 1052 935)
4(934 935 1052 1051)
4(1042 1051 1052 1043)
4(236 353 354 237)
4(237 354 355 238)
4(238 355 356 239)
4(239 356 357 240)
4(353 470 471 354)
4(354 471 472 355)
4(355 472 473 356)
4(356 473 474 357)
4(470 587 588 471)
4(471 588 589 472)
4(472 589 590 473)
4(473 590 591 474)
4(587 704 705 588)
4(588 705 706 589)
4(589 706 707 590)
4(590 707 708 591)
4(344 345 462 461)
4(345 346 463 462)
4(346 347 464 463)
4(347 348 465 464)
4(461 462 579 578)
4(462 463 580 579)
4(463 464 581 580)
4(464 465 582 581)
4(578 579 696 695)
4(579 580 697 696)
4(580 581 698 697)
4(581 582 699 698)
4(695 696 813 812)
4(696 697 814 813)
4(697 698 815 814)
4(698 699 816 815)
)
