FoamFile
{
    format      ascii;
    class       labelList;
    location    "constant/polyMesh";
    object      neighbour;
}

// nCells: 768 nInternalFaces: 2048
2048
(
1
8
96
2
9
97
3
10
98
4
11
99
5
12
100
6
13
101
7
14
102
15
103
9
16
104
10
17
105
11
18
106
12
19
107
13
20
108
14
21
109
15
22
110
23
111
17
24
112
18
25
113
19
26
114
20
27
115
21
28
116
22
29
117
23
30
118
31
119
25
32
120
26
33
121
27
34
122
28
35
123
29
36
124
30
37
125
31
38
126
39
127
33
40
128
34
41
129
35
42
130
36
43
131
37
44
132
38
45
133
39
46
134
47
135
41
48
136
42
49
137
43
50
138
44
51
139
45
52
140
46
53
141
47
54
142
55
143
49
56
144
50
57
145
51
58
146
52
59
147
53
60
148
54
61
149
55
62
150
63
151
57
64
152
58
65
153
59
66
154
60
67
155
61
68
156
62
69
157
63
70
158
71
159
65
72
160
66
73
161
67
74
162
68
75
163
69
76
164
70
77
165
71
78
166
79
167
73
80
168
74
81
169
75
82
170
76
83
171
77
84
172
78
85
173
79
86
174
87
175
81
88
176
82
89
177
83
90
178
84
91
179
85
92
180
86
93
181
87
94
182
95
183
89
184
90
185
91
186
92
187
93
188
94
189
95
190
191
97
104
192
98
105
193
99
106
194
100
107
195
101
108
196
102
109
197
103
110
198
111
199
105
112
200
106
113
201
107
114
202
108
115
203
109
116
204
110
117
205
111
118
206
119
207
113
120
208
114
121
209
115
122
210
116
123
211
117
124
212
118
125
213
119
126
214
127
215
121
128
216
122
129
217
123
130
218
124
131
219
125
132
220
126
133
221
127
134
222
135
223
129
136
224
130
137
225
131
138
226
132
139
227
133
140
228
134
141
229
135
142
230
143
231
137
144
232
138
145
233
139
146
234
140
147
235
141
148
236
142
149
237
143
150
238
151
239
145
152
240
146
153
241
147
154
242
148
155
243
149
156
244
150
157
245
151
158
246
159
247
153
160
248
154
161
249
155
162
250
156
163
251
157
164
252
158
165
253
159
166
254
167
255
161
168
256
162
169
257
163
170
258
164
171
259
165
172
260
166
173
261
167
174
262
175
263
169
176
264
170
177
265
171
178
266
172
179
267
173
180
268
174
181
269
175
182
270
183
271
177
184
272
178
185
273
179
186
274
180
187
275
181
188
276
182
189
277
183
190
278
191
279
185
280
186
281
187
282
188
283
189
284
190
285
191
286
287
193
200
288
194
201
289
195
202
290
196
203
291
197
204
292
198
205
293
199
206
294
207
295
201
208
296
202
209
297
203
210
298
204
211
299
205
212
300
206
213
301
207
214
302
215
303
209
216
304
210
217
305
211
218
306
212
219
307
213
220
308
214
221
309
215
222
310
223
311
217
224
312
218
225
313
219
226
314
220
227
315
221
228
316
222
229
317
223
230
318
231
319
225
232
320
226
233
321
227
234
322
228
235
323
229
236
324
230
237
325
231
238
326
239
327
233
240
328
234
241
329
235
242
330
236
243
331
237
244
332
238
245
333
239
246
334
247
335
241
248
336
242
249
337
243
250
338
244
251
339
245
252
340
246
253
341
247
254
342
255
343
249
256
344
250
257
345
251
258
346
252
259
347
253
260
348
254
261
349
255
262
350
263
351
257
264
352
258
265
353
259
266
354
260
267
355
261
268
356
262
269
357
263
270
358
271
359
265
272
360
266
273
361
267
274
362
268
275
363
269
276
364
270
277
365
271
278
366
279
367
273
280
368
274
281
369
275
282
370
276
283
371
277
284
372
278
285
373
279
286
374
287
375
281
376
282
377
283
378
284
379
285
380
286
381
287
382
383
289
296
384
290
297
385
291
298
386
292
299
387
293
300
388
294
301
389
295
302
390
303
391
297
304
392
298
305
393
299
306
394
300
307
395
301
308
396
302
309
397
303
310
398
311
399
305
312
400
306
313
401
307
314
402
308
315
403
309
316
404
310
317
405
311
318
406
319
407
313
320
408
314
321
409
315
322
410
316
323
411
317
324
412
318
325
413
319
326
414
327
415
321
328
416
322
329
417
323
330
418
324
331
419
325
332
420
326
333
421
327
334
422
335
423
329
336
424
330
337
425
331
338
426
332
339
427
333
340
428
334
341
429
335
342
430
343
431
337
344
432
338
345
433
339
346
434
340
347
435
341
348
436
342
349
437
343
350
438
351
439
345
352
440
346
353
441
347
354
442
348
355
443
349
356
444
350
357
445
351
358
446
359
447
353
360
448
354
361
449
355
362
450
356
363
451
357
364
452
358
365
453
359
366
454
367
455
361
368
456
362
369
457
363
370
458
364
371
459
365
372
460
366
373
461
367
374
462
375
463
369
376
464
370
377
465
371
378
466
372
379
467
373
380
468
374
381
469
375
382
470
383
471
377
472
378
473
379
474
380
475
381
476
382
477
383
478
479
385
392
480
386
393
481
387
394
482
388
395
483
389
396
484
390
397
485
391
398
486
399
487
393
400
488
394
401
489
395
402
490
396
403
491
397
404
492
398
405
493
399
406
494
407
495
401
408
496
402
409
497
403
410
498
404
411
499
405
412
500
406
413
501
407
414
502
415
503
409
416
504
410
417
505
411
418
506
412
419
507
413
420
508
414
421
509
415
422
510
423
511
417
424
512
418
425
513
419
426
514
420
427
515
421
428
516
422
429
517
423
430
518
431
519
425
432
520
426
433
521
427
434
522
428
435
523
429
436
524
430
437
525
431
438
526
439
527
433
440
528
434
441
529
435
442
530
436
443
531
437
444
532
438
445
533
439
446
534
447
535
441
448
536
442
449
537
443
450
538
444
451
539
445
452
540
446
453
541
447
454
542
455
543
449
456
544
450
457
545
451
458
546
452
459
547
453
460
548
454
461
549
455
462
550
463
551
457
464
552
458
465
553
459
466
554
460
467
555
461
468
556
462
469
557
463
470
558
471
559
465
472
560
466
473
561
467
474
562
468
475
563
469
476
564
470
477
565
471
478
566
479
567
473
568
474
569
475
570
476
571
477
572
478
573
479
574
575
481
488
576
482
489
577
483
490
578
484
491
579
485
492
580
486
493
581
487
494
582
495
583
489
496
584
490
497
585
491
498
586
492
499
587
493
500
588
494
501
589
495
502
590
503
591
497
504
592
498
505
593
499
506
594
500
507
595
501
508
596
502
509
597
503
510
598
511
599
505
512
600
506
513
601
507
514
602
508
515
603
509
516
604
510
517
605
511
518
606
519
607
513
520
608
514
521
609
515
522
610
516
523
611
517
524
612
518
525
613
519
526
614
527
615
521
528
616
522
529
617
523
530
618
524
531
619
525
532
620
526
533
621
527
534
622
535
623
529
536
624
530
537
625
531
538
626
532
539
627
533
540
628
534
541
629
535
542
630
543
631
537
544
632
538
545
633
539
546
634
540
547
635
541
548
636
542
549
637
543
550
638
551
639
545
552
640
546
553
641
547
554
642
548
555
643
549
556
644
550
557
645
551
558
646
559
647
553
560
648
554
561
649
555
562
650
556
563
651
557
564
652
558
565
653
559
566
654
567
655
561
568
656
562
569
657
563
570
658
564
571
659
565
572
660
566
573
661
567
574
662
575
663
569
664
570
665
571
666
572
667
573
668
574
669
575
670
671
577
584
672
578
585
673
579
586
674
580
587
675
581
588
676
582
589
677
583
590
678
591
679
585
592
680
586
593
681
587
594
682
588
595
683
589
596
684
590
597
685
591
598
686
599
687
593
600
688
594
601
689
595
602
690
596
603
691
597
604
692
598
605
693
599
606
694
607
695
601
608
696
602
609
697
603
610
698
604
611
699
605
612
700
606
613
701
607
614
702
615
703
609
616
704
610
617
705
611
618
706
612
619
707
613
620
708
614
621
709
615
622
710
623
711
617
624
712
618
625
713
619
626
714
620
627
715
621
628
716
622
629
717
623
630
718
631
719
625
632
720
626
633
721
627
634
722
628
635
723
629
636
724
630
637
725
631
638
726
639
727
633
640
728
634
641
729
635
642
730
636
643
731
637
644
732
638
645
733
639
646
734
647
735
641
648
736
642
649
737
643
650
738
644
651
739
645
652
740
646
653
741
647
654
742
655
743
649
656
744
650
657
745
651
658
746
652
659
747
653
660
748
654
661
749
655
662
750
663
751
657
664
752
658
665
753
659
666
754
660
667
755
661
668
756
662
669
757
663
670
758
671
759
665
760
666
761
667
762
668
763
669
764
670
765
671
766
767
673
680
674
681
675
682
676
683
677
684
678
685
679
686
687
681
688
682
689
683
690
684
691
685
692
686
693
687
694
695
689
696
690
697
691
698
692
699
693
700
694
701
695
702
703
697
704
698
705
699
706
700
707
701
708
702
709
703
710
711
705
712
706
713
707
714
708
715
709
716
710
717
711
718
719
713
720
714
721
715
722
716
723
717
724
718
725
719
726
727
721
728
722
729
723
730
724
731
725
732
726
733
727
734
735
729
736
730
737
731
738
732
739
733
740
734
741
735
742
743
737
744
738
745
739
746
740
747
741
748
742
749
743
750
751
745
752
746
753
747
754
748
755
749
756
750
757
751
758
759
753
760
754
761
755
762
756
763
757
764
758
765
759
766
767
761
762
763
764
765
766
767
)
