FoamFile
{
    format      ascii;
    class       vectorField;
    location    "constant/polyMesh";
    object      points;
}

1053
(
(0 0 0)
(0 0 0.050000000000000003)
(0 0 0.10000000000000001)
(0 0 0.15000000000000002)
(0 0 0.20000000000000001)
(0 0 0.25)
(0 0 0.29999999999999999)
(0 0 0.34999999999999998)
(0 0 0.39999999999999997)
(0 0.050000000000000003 0)
(0 0.050000000000000003 0.050000000000000003)
(0 0.050000000000000003 0.10000000000000001)
(0 0.050000000000000003 0.15000000000000002)
(0 0.050000000000000003 0.20000000000000001)
(0 0.050000000000000003 0.25)
(0 0.050000000000000003 0.29999999999999999)
(0 0.050000000000000003 0.34999999999999998)
(0 0.050000000000000003 0.39999999999999997)
(0 0.10000000000000001 0)
(0 0.10000000000000001 0.050000000000000003)
(0 0.10000000000000001 0.10000000000000001)
(0 0.10000000000000001 0.15000000000000002)
(0 0.10000000000000001 0.20000000000000001)
(0 0.10000000000000001 0.25)
(0 0.10000000000000001 0.29999999999999999)
(0 0.10000000000000001 0.34999999999999998)
(0 0.10000000000000001 0.39999999999999997)
(0 0.15000000000000002 0)
(0 0.15000000000000002 0.050000000000000003)
(0 0.15000000000000002 0.10000000000000001)
(0 0.15000000000000002 0.15000000000000002)
(0 0.15000000000000002 0.20000000000000001)
(0 0.15000000000000002 0.25)
(0 0.15000000000000002 0.29999999999999999)
(0 0.15000000000000002 0.34999999999999998)
(0 0.15000000000000002 0.39999999999999997)
(0 0.20000000000000001 0)
(0 0.20000000000000001 0.050000000000000003)
(0 0.20000000000000001 0.10000000000000001)
(0 0.20000000000000001 0.15000000000000002)
(0 0.20000000000000001 0.20000000000000001)
(0 0.20000000000000001 0.25)
(0 0.20000000000000001 0.29999999999999999)
(0 0.20000000000000001 0.34999999999999998)
(0 0.20000000000000001 0.39999999999999997)
(0 0.25 0)
(0 0.25 0.050000000000000003)
(0 0.25 0.10000000000000001)
(0 0.25 0.15000000000000002)
(0 0.25 0.20000000000000001)
(0 0.25 0.25)
(0 0.25 0.29999999999999999)
(0 0.25 0.34999999999999998)
(0 0.25 0.39999999999999997)
(0 0.29999999999999999 0)
(0 0.29999999999999999 0.050000000000000003)
(0 0.29999999999999999 0.10000000000000001)
(0 0.29999999999999999 0.15000000000000002)
(0 0.29999999999999999 0.20000000000000001)
(0 0.29999999999999999 0.25)
(0 0.29999999999999999 0.29999999999999999)
(0 0.29999999999999999 0.34999999999999998)
(0 0.29999999999999999 0.39999999999999997)
(0 0.34999999999999998 0)
(0 0.34999999999999998 0.050000000000000003)
(0 0.34999999999999998 0.10000000000000001)
(0 0.34999999999999998 0.15000000000000002)
(0 0.34999999999999998 0.20000000000000001)
(0 0.34999999999999998 0.25)
(0 0.34999999999999998 0.29999999999999999)
(0 0.34999999999999998 0.34999999999999998)
(0 0.34999999999999998 0.39999999999999997)
(0 0.39999999999999997 0)
(0 0.39999999999999997 0.050000000000000003)
(0 0.39999999999999997 0.10000000000000001)
(0 0.39999999999999997 0.15000000000000002)
(0 0.39999999999999997 0.20000000000000001)
(0 0.39999999999999997 0.25)
(0 0.39999999999999997 0.29999999999999999)
(0 0.39999999999999997 0.34999999999999998)
(0 0.39999999999999997 0.39999999999999997)
(0 0.44999999999999996 0)
(0 0.44999999999999996 0.050000000000000003)
(0 0.44999999999999996 0.10000000000000001)
(0 0.44999999999999996 0.15000000000000002)
(0 0.44999999999999996 0.20000000000000001)
(0 0.44999999999999996 0.25)
(0 0.44999999999999996 0.29999999999999999)
(0 0.44999999999999996 0.34999999999999998)
(0 0.44999999999999996 0.39999999999999997)
(0 0.49999999999999994 0)
(0 0.49999999999999994 0.050000000000000003)
(0 0.49999999999999994 0.10000000000000001)
(0 0.49999999999999994 0.15000000000000002)
(0 0.49999999999999994 0.20000000000000001)
(0 0.49999999999999994 0.25)
(0 0.49999999999999994 0.29999999999999999)
(0 0.49999999999999994 0.34999999999999998)
(0 0.49999999999999994 0.39999999999999997)
(0 0.54999999999999993 0)
(0 0.54999999999999993 0.050000000000000003)
(0 0.54999999999999993 0.10000000000000001)
(0 0.54999999999999993 0.15000000000000002)
(0 0.54999999999999993 0.20000000000000001)
(0 0.54999999999999993 0.25)
(0 0.54999999999999993 0.29999999999999999)
(0 0.54999999999999993 0.34999999999999998)
(0 0.54999999999999993 0.39999999999999997)
(0 0.59999999999999998 0)
(0 0.59999999999999998 0.050000000000000003)
(0 0.59999999999999998 0.10000000000000001)
(0 0.59999999999999998 0.15000000000000002)
(0 0.59999999999999998 0.20000000000000001)
(0 0.59999999999999998 0.25)
(0 0.59999999999999998 0.29999999999999999)
(0 0.59999999999999998 0.34999999999999998)
(0 0.59999999999999998 0.39999999999999997)
(0.050000000000000003 0 0)
(0.050000000000000003 0 0.050000000000000003)
(0.050000000000000003 0 0.10000000000000001)
(0.050000000000000003 0 0.15000000000000002)
(0.050000000000000003 0 0.20000000000000001)
(0.050000000000000003 0 0.25)
(0.050000000000000003 0 0.29999999999999999)
(0.050000000000000003 0 0.34999999999999998)
(0.050000000000000003 0 0.39999999999999997)
(0.050000000000000003 0.050000000000000003 0)
(0.050000000000000003 0.050000000000000003 0.050000000000000003)
(0.050000000000000003 0.050000000000000003 0.10000000000000001)
(0.050000000000000003 0.050000000000000003 0.15000000000000002)
(0.050000000000000003 0.050000000000000003 0.20000000000000001)
(0.050000000000000003 0.050000000000000003 0.25)
(0.050000000000000003 0.050000000000000003 0.29999999999999999)
(0.050000000000000003 0.050000000000000003 0.34999999999999998)
(0.050000000000000003 0.050000000000000003 0.39999999999999997)
(0.050000000000000003 0.10000000000000001 0)
(0.050000000000000003 0.10000000000000001 0.050000000000000003)
(0.050000000000000003 0.10000000000000001 0.10000000000000001)
(0.050000000000000003 0.10000000000000001 0.15000000000000002)
(0.050000000000000003 0.10000000000000001 0.20000000000000001)
(0.050000000000000003 0.10000000000000001 0.25)
(0.050000000000000003 0.10000000000000001 0.29999999999999999)
(0.050000000000000003 0.10000000000000001 0.34999999999999998)
(0.050000000000000003 0.10000000000000001 0.39999999999999997)
(0.050000000000000003 0.15000000000000002 0)
(0.050000000000000003 0.15000000000000002 0.050000000000000003)
(0.050000000000000003 0.15000000000000002 0.10000000000000001)
(0.050000000000000003 0.15000000000000002 0.15000000000000002)
(0.050000000000000003 0.15000000000000002 0.20000000000000001)
(0.050000000000000003 0.15000000000000002 0.25)
(0.050000000000000003 0.15000000000000002 0.29999999999999999)
(0.050000000000000003 0.15000000000000002 0.34999999999999998)
(0.050000000000000003 0.15000000000000002 0.39999999999999997)
(0.050000000000000003 0.20000000000000001 0)
(0.050000000000000003 0.20000000000000001 0.050000000000000003)
(0.050000000000000003 0.20000000000000001 0.10000000000000001)
(0.050000000000000003 0.20000000000000001 0.15000000000000002)
(0.050000000000000003 0.20000000000000001 0.20000000000000001)
(0.050000000000000003 0.20000000000000001 0.25)
(0.050000000000000003 0.20000000000000001 0.29999999999999999)
(0.050000000000000003 0.20000000000000001 0.34999999999999998)
(0.050000000000000003 0.20000000000000001 0.39999999999999997)
(0.050000000000000003 0.25 0)
(0.050000000000000003 0.25 0.050000000000000003)
(0.050000000000000003 0.25 0.10000000000000001)
(0.050000000000000003 0.25 0.15000000000000002)
(0.050000000000000003 0.25 0.20000000000000001)
(0.050000000000000003 0.25 0.25)
(0.050000000000000003 0.25 0.29999999999999999)
(0.050000000000000003 0.25 0.34999999999999998)
(0.050000000000000003 0.25 0.39999999999999997)
(0.050000000000000003 0.29999999999999999 0)
(0.050000000000000003 0.29999999999999999 0.050000000000000003)
(0.050000000000000003 0.29999999999999999 0.10000000000000001)
(0.050000000000000003 0.29999999999999999 0.15000000000000002)
(0.050000000000000003 0.29999999999999999 0.20000000000000001)
(0.050000000000000003 0.29999999999999999 0.25)
(0.050000000000000003 0.29999999999999999 0.29999999999999999)
(0.050000000000000003 0.29999999999999999 0.34999999999999998)
(0.050000000000000003 0.29999999999999999 0.39999999999999997)
(0.050000000000000003 0.34999999999999998 0)
(0.050000000000000003 0.34999999999999998 0.050000000000000003)
(0.050000000000000003 0.34999999999999998 0.10000000000000001)
(0.050000000000000003 0.34999999999999998 0.15000000000000002)
(0.050000000000000003 0.34999999999999998 0.20000000000000001)
(0.050000000000000003 0.34999999999999998 0.25)
(0.050000000000000003 0.34999999999999998 0.29999999999999999)
(0.050000000000000003 0.34999999999999998 0.34999999999999998)
(0.050000000000000003 0.34999999999999998 0.39999999999999997)
(0.050000000000000003 0.39999999999999997 0)
(0.050000000000000003 0.39999999999999997 0.050000000000000003)
(0.050000000000000003 0.39999999999999997 0.10000000000000001)
(0.050000000000000003 0.39999999999999997 0.15000000000000002)
(0.050000000000000003 0.39999999999999997 0.20000000000000001)
(0.050000000000000003 0.39999999999999997 0.25)
(0.050000000000000003 0.39999999999999997 0.29999999999999999)
(0.050000000000000003 0.39999999999999997 0.34999999999999998)
(0.050000000000000003 0.39999999999999997 0.39999999999999997)
(0.050000000000000003 0.44999999999999996 0)
(0.050000000000000003 0.44999999999999996 0.050000000000000003)
(0.050000000000000003 0.44999999999999996 0.10000000000000001)
(0.050000000000000003 0.44999999999999996 0.15000000000000002)
(0.050000000000000003 0.44999999999999996 0.20000000000000001)
(0.050000000000000003 0.44999999999999996 0.25)
(0.050000000000000003 0.44999999999999996 0.29999999999999999)
(0.050000000000000003 0.44999999999999996 0.34999999999999998)
(0.050000000000000003 0.44999999999999996 0.39999999999999997)
(0.050000000000000003 0.49999999999999994 0)
(0.050000000000000003 0.49999999999999994 0.050000000000000003)
(0.050000000000000003 0.49999999999999994 0.10000000000000001)
(0.050000000000000003 0.49999999999999994 0.15000000000000002)
(0.050000000000000003 0.49999999999999994 0.20000000000000001)
(0.050000000000000003 0.49999999999999994 0.25)
(0.050000000000000003 0.49999999999999994 0.29999999999999999)
(0.050000000000000003 0.49999999999999994 0.34999999999999998)
(0.050000000000000003 0.49999999999999994 0.39999999999999997)
(0.050000000000000003 0.54999999999999993 0)
(0.050000000000000003 0.54999999999999993 0.050000000000000003)
(0.050000000000000003 0.54999999999999993 0.10000000000000001)
(0.050000000000000003 0.54999999999999993 0.15000000000000002)
(0.050000000000000003 0.54999999999999993 0.20000000000000001)
(0.050000000000000003 0.54999999999999993 0.25)
(0.050000000000000003 0.54999999999999993 0.29999999999999999)
(0.050000000000000003 0.54999999999999993 0.34999999999999998)
(0.050000000000000003 0.54999999999999993 0.39999999999999997)
(0.050000000000000003 0.59999999999999998 0)
(0.050000000000000003 0.59999999999999998 0.050000000000000003)
(0.050000000000000003 0.59999999999999998 0.10000000000000001)
(0.050000000000000003 0.59999999999999998 0.15000000000000002)
(0.050000000000000003 0.59999999999999998 0.20000000000000001)
(0.050000000000000003 0.59999999999999998 0.25)
(0.050000000000000003 0.59999999999999998 0.29999999999999999)
(0.050000000000000003 0.59999999999999998 0.34999999999999998)
(0.050000000000000003 0.59999999999999998 0.39999999999999997)
(0.10000000000000001 0 0)
(0.10000000000000001 0 0.050000000000000003)
(0.10000000000000001 0 0.10000000000000001)
(0.10000000000000001 0 0.15000000000000002)
(0.10000000000000001 0 0.20000000000000001)
(0.10000000000000001 0 0.25)
(0.10000000000000001 0 0.29999999999999999)
(0.10000000000000001 0 0.34999999999999998)
(0.10000000000000001 0 0.39999999999999997)
(0.10000000000000001 0.050000000000000003 0)
(0.10000000000000001 0.050000000000000003 0.050000000000000003)
(0.10000000000000001 0.050000000000000003 0.10000000000000001)
(0.10000000000000001 0.050000000000000003 0.15000000000000002)
(0.10000000000000001 0.050000000000000003 0.20000000000000001)
(0.10000000000000001 0.050000000000000003 0.25)
(0.10000000000000001 0.050000000000000003 0.29999999999999999)
(0.10000000000000001 0.050000000000000003 0.34999999999999998)
(0.10000000000000001 0.050000000000000003 0.39999999999999997)
(0.10000000000000001 0.10000000000000001 0)
(0.10000000000000001 0.10000000000000001 0.050000000000000003)
(0.10000000000000001 0.10000000000000001 0.10000000000000001)
(0.10000000000000001 0.10000000000000001 0.15000000000000002)
(0.10000000000000001 0.10000000000000001 0.20000000000000001)
(0.10000000000000001 0.10000000000000001 0.25)
(0.10000000000000001 0.10000000000000001 0.29999999999999999)
(0.10000000000000001 0.10000000000000001 0.34999999999999998)
(0.10000000000000001 0.10000000000000001 0.39999999999999997)
(0.10000000000000001 0.15000000000000002 0)
(0.10000000000000001 0.15000000000000002 0.050000000000000003)
(0.10000000000000001 0.15000000000000002 0.10000000000000001)
(0.10000000000000001 0.15000000000000002 0.15000000000000002)
(0.10000000000000001 0.15000000000000002 0.20000000000000001)
(0.10000000000000001 0.15000000000000002 0.25)
(0.10000000000000001 0.15000000000000002 0.29999999999999999)
(0.10000000000000001 0.15000000000000002 0.34999999999999998)
(0.10000000000000001 0.15000000000000002 0.39999999999999997)
(0.10000000000000001 0.20000000000000001 0)
(0.10000000000000001 0.20000000000000001 0.050000000000000003)
(0.10000000000000001 0.20000000000000001 0.10000000000000001)
(0.10000000000000001 0.20000000000000001 0.15000000000000002)
(0.10000000000000001 0.20000000000000001 0.20000000000000001)
(0.10000000000000001 0.20000000000000001 0.25)
(0.10000000000000001 0.20000000000000001 0.29999999999999999)
(0.10000000000000001 0.20000000000000001 0.34999999999999998)
(0.10000000000000001 0.20000000000000001 0.39999999999999997)
(0.10000000000000001 0.25 0)
(0.10000000000000001 0.25 0.050000000000000003)
(0.10000000000000001 0.25 0.10000000000000001)
(0.10000000000000001 0.25 0.15000000000000002)
(0.10000000000000001 0.25 0.20000000000000001)
(0.10000000000000001 0.25 0.25)
(0.10000000000000001 0.25 0.29999999999999999)
(0.10000000000000001 0.25 0.34999999999999998)
(0.10000000000000001 0.25 0.39999999999999997)
(0.10000000000000001 0.29999999999999999 0)
(0.10000000000000001 0.29999999999999999 0.050000000000000003)
(0.10000000000000001 0.29999999999999999 0.10000000000000001)
(0.10000000000000001 0.29999999999999999 0.15000000000000002)
(0.10000000000000001 0.29999999999999999 0.20000000000000001)
(0.10000000000000001 0.29999999999999999 0.25)
(0.10000000000000001 0.29999999999999999 0.29999999999999999)
(0.10000000000000001 0.29999999999999999 0.34999999999999998)
(0.10000000000000001 0.29999999999999999 0.39999999999999997)
(0.10000000000000001 0.34999999999999998 0)
(0.10000000000000001 0.34999999999999998 0.050000000000000003)
(0.10000000000000001 0.34999999999999998 0.10000000000000001)
(0.10000000000000001 0.34999999999999998 0.15000000000000002)
(0.10000000000000001 0.34999999999999998 0.20000000000000001)
(0.10000000000000001 0.34999999999999998 0.25)
(0.10000000000000001 0.34999999999999998 0.29999999999999999)
(0.10000000000000001 0.34999999999999998 0.34999999999999998)
(0.10000000000000001 0.34999999999999998 0.39999999999999997)
(0.10000000000000001 0.39999999999999997 0)
(0.10000000000000001 0.39999999999999997 0.050000000000000003)
(0.10000000000000001 0.39999999999999997 0.10000000000000001)
(0.10000000000000001 0.39999999999999997 0.15000000000000002)
(0.10000000000000001 0.39999999999999997 0.20000000000000001)
(0.10000000000000001 0.39999999999999997 0.25)
(0.10000000000000001 0.39999999999999997 0.29999999999999999)
(0.10000000000000001 0.39999999999999997 0.34999999999999998)
(0.10000000000000001 0.39999999999999997 0.39999999999999997)
(0.10000000000000001 0.44999999999999996 0)
(0.10000000000000001 0.44999999999999996 0.050000000000000003)
(0.10000000000000001 0.44999999999999996 0.10000000000000001)
(0.10000000000000001 0.44999999999999996 0.15000000000000002)
(0.10000000000000001 0.44999999999999996 0.20000000000000001)
(0.10000000000000001 0.44999999999999996 0.25)
(0.10000000000000001 0.44999999999999996 0.29999999999999999)
(0.10000000000000001 0.44999999999999996 0.34999999999999998)
(0.10000000000000001 0.44999999999999996 0.39999999999999997)
(0.10000000000000001 0.49999999999999994 0)
(0.10000000000000001 0.49999999999999994 0.050000000000000003)
(0.10000000000000001 0.49999999999999994 0.10000000000000001)
(0.10000000000000001 0.49999999999999994 0.15000000000000002)
(0.10000000000000001 0.49999999999999994 0.20000000000000001)
(0.10000000000000001 0.49999999999999994 0.25)
(0.10000000000000001 0.49999999999999994 0.29999999999999999)
(0.10000000000000001 0.49999999999999994 0.34999999999999998)
(0.10000000000000001 0.49999999999999994 0.39999999999999997)
(0.10000000000000001 0.54999999999999993 0)
(0.10000000000000001 0.54999999999999993 0.050000000000000003)
(0.10000000000000001 0.54999999999999993 0.10000000000000001)
(0.10000000000000001 0.54999999999999993 0.15000000000000002)
(0.10000000000000001 0.54999999999999993 0.20000000000000001)
(0.10000000000000001 0.54999999999999993 0.25)
(0.10000000000000001 0.54999999999999993 0.29999999999999999)
(0.10000000000000001 0.54999999999999993 0.34999999999999998)
(0.10000000000000001 0.54999999999999993 0.39999999999999997)
(0.10000000000000001 0.59999999999999998 0)
(0.10000000000000001 0.59999999999999998 0.050000000000000003)
(0.10000000000000001 0.59999999999999998 0.10000000000000001)
(0.10000000000000001 0.59999999999999998 0.15000000000000002)
(0.10000000000000001 0.59999999999999998 0.20000000000000001)
(0.10000000000000001 0.59999999999999998 0.25)
(0.10000000000000001 0.59999999999999998 0.29999999999999999)
(0.10000000000000001 0.59999999999999998 0.34999999999999998)
(0.10000000000000001 0.59999999999999998 0.39999999999999997)
(0.15000000000000002 0 0)
(0.15000000000000002 0 0.050000000000000003)
(0.15000000000000002 0 0.10000000000000001)
(0.15000000000000002 0 0.15000000000000002)
(0.15000000000000002 0 0.20000000000000001)
(0.15000000000000002 0 0.25)
(0.15000000000000002 0 0.29999999999999999)
(0.15000000000000002 0 0.34999999999999998)
(0.15000000000000002 0 0.39999999999999997)
(0.15000000000000002 0.050000000000000003 0)
(0.15000000000000002 0.050000000000000003 0.050000000000000003)
(0.15000000000000002 0.050000000000000003 0.10000000000000001)
(0.15000000000000002 0.050000000000000003 0.15000000000000002)
(0.15000000000000002 0.050000000000000003 0.20000000000000001)
(0.15000000000000002 0.050000000000000003 0.25)
(0.15000000000000002 0.050000000000000003 0.29999999999999999)
(0.15000000000000002 0.050000000000000003 0.34999999999999998)
(0.15000000000000002 0.050000000000000003 0.39999999999999997)
(0.15000000000000002 0.10000000000000001 0)
(0.15000000000000002 0.10000000000000001 0.050000000000000003)
(0.15000000000000002 0.10000000000000001 0.10000000000000001)
(0.15000000000000002 0.10000000000000001 0.15000000000000002)
(0.15000000000000002 0.10000000000000001 0.20000000000000001)
(0.15000000000000002 0.10000000000000001 0.25)
(0.15000000000000002 0.10000000000000001 0.29999999999999999)
(0.15000000000000002 0.10000000000000001 0.34999999999999998)
(0.15000000000000002 0.10000000000000001 0.39999999999999997)
(0.15000000000000002 0.15000000000000002 0)
(0.15000000000000002 0.15000000000000002 0.050000000000000003)
(0.15000000000000002 0.15000000000000002 0.10000000000000001)
(0.15000000000000002 0.15000000000000002 0.15000000000000002)
(0.15000000000000002 0.15000000000000002 0.20000000000000001)
(0.15000000000000002 0.15000000000000002 0.25)
(0.15000000000000002 0.15000000000000002 0.29999999999999999)
(0.15000000000000002 0.15000000000000002 0.34999999999999998)
(0.15000000000000002 0.15000000000000002 0.39999999999999997)
(0.15000000000000002 0.20000000000000001 0)
(0.15000000000000002 0.20000000000000001 0.050000000000000003)
(0.15000000000000002 0.20000000000000001 0.10000000000000001)
(0.15000000000000002 0.20000000000000001 0.15000000000000002)
(0.15000000000000002 0.20000000000000001 0.20000000000000001)
(0.15000000000000002 0.20000000000000001 0.25)
(0.15000000000000002 0.20000000000000001 0.29999999999999999)
(0.15000000000000002 0.20000000000000001 0.34999999999999998)
(0.15000000000000002 0.20000000000000001 0.39999999999999997)
(0.15000000000000002 0.25 0)
(0.15000000000000002 0.25 0.050000000000000003)
(0.15000000000000002 0.25 0.10000000000000001)
(0.15000000000000002 0.25 0.15000000000000002)
(0.15000000000000002 0.25 0.20000000000000001)
(0.15000000000000002 0.25 0.25)
(0.15000000000000002 0.25 0.29999999999999999)
(0.15000000000000002 0.25 0.34999999999999998)
(0.15000000000000002 0.25 0.39999999999999997)
(0.15000000000000002 0.29999999999999999 0)
(0.15000000000000002 0.29999999999999999 0.050000000000000003)
(0.15000000000000002 0.29999999999999999 0.10000000000000001)
(0.15000000000000002 0.29999999999999999 0.15000000000000002)
(0.15000000000000002 0.29999999999999999 0.20000000000000001)
(0.15000000000000002 0.29999999999999999 0.25)
(0.15000000000000002 0.29999999999999999 0.29999999999999999)
(0.15000000000000002 0.29999999999999999 0.34999999999999998)
(0.15000000000000002 0.29999999999999999 0.39999999999999997)
(0.15000000000000002 0.34999999999999998 0)
(0.15000000000000002 0.34999999999999998 0.050000000000000003)
(0.15000000000000002 0.34999999999999998 0.10000000000000001)
(0.15000000000000002 0.34999999999999998 0.15000000000000002)
(0.15000000000000002 0.34999999999999998 0.20000000000000001)
(0.15000000000000002 0.34999999999999998 0.25)
(0.15000000000000002 0.34999999999999998 0.29999999999999999)
(0.15000000000000002 0.34999999999999998 0.34999999999999998)
(0.15000000000000002 0.34999999999999998 0.39999999999999997)
(0.15000000000000002 0.39999999999999997 0)
(0.15000000000000002 0.39999999999999997 0.050000000000000003)
(0.15000000000000002 0.39999999999999997 0.10000000000000001)
(0.15000000000000002 0.39999999999999997 0.15000000000000002)
(0.15000000000000002 0.39999999999999997 0.20000000000000001)
(0.15000000000000002 0.39999999999999997 0.25)
(0.15000000000000002 0.39999999999999997 0.29999999999999999)
(0.15000000000000002 0.39999999999999997 0.34999999999999998)
(0.15000000000000002 0.39999999999999997 0.39999999999999997)
(0.15000000000000002 0.44999999999999996 0)
(0.15000000000000002 0.44999999999999996 0.050000000000000003)
(0.15000000000000002 0.44999999999999996 0.10000000000000001)
(0.15000000000000002 0.44999999999999996 0.15000000000000002)
(0.15000000000000002 0.44999999999999996 0.20000000000000001)
(0.15000000000000002 0.44999999999999996 0.25)
(0.15000000000000002 0.44999999999999996 0.29999999999999999)
(0.15000000000000002 0.44999999999999996 0.34999999999999998)
(0.15000000000000002 0.44999999999999996 0.39999999999999997)
(0.15000000000000002 0.49999999999999994 0)
(0.15000000000000002 0.49999999999999994 0.050000000000000003)
(0.15000000000000002 0.49999999999999994 0.10000000000000001)
(0.15000000000000002 0.49999999999999994 0.15000000000000002)
(0.15000000000000002 0.49999999999999994 0.20000000000000001)
(0.15000000000000002 0.49999999999999994 0.25)
(0.15000000000000002 0.49999999999999994 0.29999999999999999)
(0.15000000000000002 0.49999999999999994 0.34999999999999998)
(0.15000000000000002 0.49999999999999994 0.39999999999999997)
(0.15000000000000002 0.54999999999999993 0)
(0.15000000000000002 0.54999999999999993 0.050000000000000003)
(0.15000000000000002 0.54999999999999993 0.10000000000000001)
(0.15000000000000002 0.54999999999999993 0.15000000000000002)
(0.15000000000000002 0.54999999999999993 0.20000000000000001)
(0.15000000000000002 0.54999999999999993 0.25)
(0.15000000000000002 0.54999999999999993 0.29999999999999999)
(0.15000000000000002 0.54999999999999993 0.34999999999999998)
(0.15000000000000002 0.54999999999999993 0.39999999999999997)
(0.15000000000000002 0.59999999999999998 0)
(0.15000000000000002 0.59999999999999998 0.050000000000000003)
(0.15000000000000002 0.59999999999999998 0.10000000000000001)
(0.15000000000000002 0.59999999999999998 0.15000000000000002)
(0.15000000000000002 0.59999999999999998 0.20000000000000001)
(0.15000000000000002 0.59999999999999998 0.25)
(0.15000000000000002 0.59999999999999998 0.29999999999999999)
(0.15000000000000002 0.59999999999999998 0.34999999999999998)
(0.15000000000000002 0.59999999999999998 0.39999999999999997)
(0.20000000000000001 0 0)
(0.20000000000000001 0 0.050000000000000003)
(0.20000000000000001 0 0.10000000000000001)
(0.20000000000000001 0 0.15000000000000002)
(0.20000000000000001 0 0.20000000000000001)
(0.20000000000000001 0 0.25)
(0.20000000000000001 0 0.29999999999999999)
(0.20000000000000001 0 0.34999999999999998)
(0.20000000000000001 0 0.39999999999999997)
(0.20000000000000001 0.050000000000000003 0)
(0.20000000000000001 0.050000000000000003 0.050000000000000003)
(0.20000000000000001 0.050000000000000003 0.10000000000000001)
(0.20000000000000001 0.050000000000000003 0.15000000000000002)
(0.20000000000000001 0.050000000000000003 0.20000000000000001)
(0.20000000000000001 0.050000000000000003 0.25)
(0.20000000000000001 0.050000000000000003 0.29999999999999999)
(0.20000000000000001 0.050000000000000003 0.34999999999999998)
(0.20000000000000001 0.050000000000000003 0.39999999999999997)
(0.20000000000000001 0.10000000000000001 0)
(0.20000000000000001 0.10000000000000001 0.050000000000000003)
(0.20000000000000001 0.10000000000000001 0.10000000000000001)
(0.20000000000000001 0.10000000000000001 0.15000000000000002)
(0.20000000000000001 0.10000000000000001 0.20000000000000001)
(0.20000000000000001 0.10000000000000001 0.25)
(0.20000000000000001 0.10000000000000001 0.29999999999999999)
(0.20000000000000001 0.10000000000000001 0.34999999999999998)
(0.20000000000000001 0.10000000000000001 0.39999999999999997)
(0.20000000000000001 0.15000000000000002 0)
(0.20000000000000001 0.15000000000000002 0.050000000000000003)
(0.20000000000000001 0.15000000000000002 0.10000000000000001)
(0.20000000000000001 0.15000000000000002 0.15000000000000002)
(0.20000000000000001 0.15000000000000002 0.20000000000000001)
(0.20000000000000001 0.15000000000000002 0.25)
(0.20000000000000001 0.15000000000000002 0.29999999999999999)
(0.20000000000000001 0.15000000000000002 0.34999999999999998)
(0.20000000000000001 0.15000000000000002 0.39999999999999997)
(0.20000000000000001 0.20000000000000001 0)
(0.20000000000000001 0.20000000000000001 0.050000000000000003)
(0.20000000000000001 0.20000000000000001 0.10000000000000001)
(0.20000000000000001 0.20000000000000001 0.15000000000000002)
(0.20000000000000001 0.20000000000000001 0.20000000000000001)
(0.20000000000000001 0.20000000000000001 0.25)
(0.20000000000000001 0.20000000000000001 0.29999999999999999)
(0.20000000000000001 0.20000000000000001 0.34999999999999998)
(0.20000000000000001 0.20000000000000001 0.39999999999999997)
(0.20000000000000001 0.25 0)
(0.20000000000000001 0.25 0.050000000000000003)
(0.20000000000000001 0.25 0.10000000000000001)
(0.20000000000000001 0.25 0.15000000000000002)
(0.20000000000000001 0.25 0.20000000000000001)
(0.20000000000000001 0.25 0.25)
(0.20000000000000001 0.25 0.29999999999999999)
(0.20000000000000001 0.25 0.34999999999999998)
(0.20000000000000001 0.25 0.39999999999999997)
(0.20000000000000001 0.29999999999999999 0)
(0.20000000000000001 0.29999999999999999 0.050000000000000003)
(0.20000000000000001 0.29999999999999999 0.10000000000000001)
(0.20000000000000001 0.29999999999999999 0.15000000000000002)
(0.20000000000000001 0.29999999999999999 0.20000000000000001)
(0.20000000000000001 0.29999999999999999 0.25)
(0.20000000000000001 0.29999999999999999 0.29999999999999999)
(0.20000000000000001 0.29999999999999999 0.34999999999999998)
(0.20000000000000001 0.29999999999999999 0.39999999999999997)
(0.20000000000000001 0.34999999999999998 0)
(0.20000000000000001 0.34999999999999998 0.050000000000000003)
(0.20000000000000001 0.34999999999999998 0.10000000000000001)
(0.20000000000000001 0.34999999999999998 0.15000000000000002)
(0.20000000000000001 0.34999999999999998 0.20000000000000001)
(0.20000000000000001 0.34999999999999998 0.25)
(0.20000000000000001 0.34999999999999998 0.29999999999999999)
(0.20000000000000001 0.34999999999999998 0.34999999999999998)
(0.20000000000000001 0.34999999999999998 0.39999999999999997)
(0.20000000000000001 0.39999999999999997 0)
(0.20000000000000001 0.39999999999999997 0.050000000000000003)
(0.20000000000000001 0.39999999999999997 0.10000000000000001)
(0.20000000000000001 0.39999999999999997 0.15000000000000002)
(0.20000000000000001 0.39999999999999997 0.20000000000000001)
(0.20000000000000001 0.39999999999999997 0.25)
(0.20000000000000001 0.39999999999999997 0.29999999999999999)
(0.20000000000000001 0.39999999999999997 0.34999999999999998)
(0.20000000000000001 0.39999999999999997 0.39999999999999997)
(0.20000000000000001 0.44999999999999996 0)
(0.20000000000000001 0.44999999999999996 0.050000000000000003)
(0.20000000000000001 0.44999999999999996 0.10000000000000001)
(0.20000000000000001 0.44999999999999996 0.15000000000000002)
(0.20000000000000001 0.44999999999999996 0.20000000000000001)
(0.20000000000000001 0.44999999999999996 0.25)
(0.20000000000000001 0.44999999999999996 0.29999999999999999)
(0.20000000000000001 0.44999999999999996 0.34999999999999998)
(0.20000000000000001 0.44999999999999996 0.39999999999999997)
(0.20000000000000001 0.49999999999999994 0)
(0.20000000000000001 0.49999999999999994 0.050000000000000003)
(0.20000000000000001 0.49999999999999994 0.10000000000000001)
(0.20000000000000001 0.49999999999999994 0.15000000000000002)
(0.20000000000000001 0.49999999999999994 0.20000000000000001)
(0.20000000000000001 0.49999999999999994 0.25)
(0.20000000000000001 0.49999999999999994 0.29999999999999999)
(0.20000000000000001 0.49999999999999994 0.34999999999999998)
(0.20000000000000001 0.49999999999999994 0.39999999999999997)
(0.20000000000000001 0.54999999999999993 0)
(0.20000000000000001 0.54999999999999993 0.050000000000000003)
(0.20000000000000001 0.54999999999999993 0.10000000000000001)
(0.20000000000000001 0.54999999999999993 0.15000000000000002)
(0.20000000000000001 0.54999999999999993 0.20000000000000001)
(0.20000000000000001 0.54999999999999993 0.25)
(0.20000000000000001 0.54999999999999993 0.29999999999999999)
(0.20000000000000001 0.54999999999999993 0.34999999999999998)
(0.20000000000000001 0.54999999999999993 0.39999999999999997)
(0.20000000000000001 0.59999999999999998 0)
(0.20000000000000001 0.59999999999999998 0.050000000000000003)
(0.20000000000000001 0.59999999999999998 0.10000000000000001)
(0.20000000000000001 0.59999999999999998 0.15000000000000002)
(0.20000000000000001 0.59999999999999998 0.20000000000000001)
(0.20000000000000001 0.59999999999999998 0.25)
(0.20000000000000001 0.59999999999999998 0.29999999999999999)
(0.20000000000000001 0.59999999999999998 0.34999999999999998)
(0.20000000000000001 0.59999999999999998 0.39999999999999997)
(0.25 0 0)
(0.25 0 0.050000000000000003)
(0.25 0 0.10000000000000001)
(0.25 0 0.15000000000000002)
(0.25 0 0.20000000000000001)
(0.25 0 0.25)
(0.25 0 0.29999999999999999)
(0.25 0 0.34999999999999998)
(0.25 0 0.39999999999999997)
(0.25 0.050000000000000003 0)
(0.25 0.050000000000000003 0.050000000000000003)
(0.25 0.050000000000000003 0.10000000000000001)
(0.25 0.050000000000000003 0.15000000000000002)
(0.25 0.050000000000000003 0.20000000000000001)
(0.25 0.050000000000000003 0.25)
(0.25 0.050000000000000003 0.29999999999999999)
(0.25 0.050000000000000003 0.34999999999999998)
(0.25 0.050000000000000003 0.39999999999999997)
(0.25 0.10000000000000001 0)
(0.25 0.10000000000000001 0.050000000000000003)
(0.25 0.10000000000000001 0.10000000000000001)
(0.25 0.10000000000000001 0.15000000000000002)
(0.25 0.10000000000000001 0.20000000000000001)
(0.25 0.10000000000000001 0.25)
(0.25 0.10000000000000001 0.29999999999999999)
(0.25 0.10000000000000001 0.34999999999999998)
(0.25 0.10000000000000001 0.39999999999999997)
(0.25 0.15000000000000002 0)
(0.25 0.15000000000000002 0.050000000000000003)
(0.25 0.15000000000000002 0.10000000000000001)
(0.25 0.15000000000000002 0.15000000000000002)
(0.25 0.15000000000000002 0.20000000000000001)
(0.25 0.15000000000000002 0.25)
(0.25 0.15000000000000002 0.29999999999999999)
(0.25 0.15000000000000002 0.34999999999999998)
(0.25 0.15000000000000002 0.39999999999999997)
(0.25 0.20000000000000001 0)
(0.25 0.20000000000000001 0.050000000000000003)
(0.25 0.20000000000000001 0.10000000000000001)
(0.25 0.20000000000000001 0.15000000000000002)
(0.25 0.20000000000000001 0.20000000000000001)
(0.25 0.20000000000000001 0.25)
(0.25 0.20000000000000001 0.29999999999999999)
(0.25 0.20000000000000001 0.34999999999999998)
(0.25 0.20000000000000001 0.39999999999999997)
(0.25 0.25 0)
(0.25 0.25 0.050000000000000003)
(0.25 0.25 0.10000000000000001)
(0.25 0.25 0.15000000000000002)
(0.25 0.25 0.20000000000000001)
(0.25 0.25 0.25)
(0.25 0.25 0.29999999999999999)
(0.25 0.25 0.34999999999999998)
(0.25 0.25 0.39999999999999997)
(0.25 0.29999999999999999 0)
(0.25 0.29999999999999999 0.050000000000000003)
(0.25 0.29999999999999999 0.10000000000000001)
(0.25 0.29999999999999999 0.15000000000000002)
(0.25 0.29999999999999999 0.20000000000000001)
(0.25 0.29999999999999999 0.25)
(0.25 0.29999999999999999 0.29999999999999999)
(0.25 0.29999999999999999 0.34999999999999998)
(0.25 0.29999999999999999 0.39999999999999997)
(0.25 0.34999999999999998 0)
(0.25 0.34999999999999998 0.050000000000000003)
(0.25 0.34999999999999998 0.10000000000000001)
(0.25 0.34999999999999998 0.15000000000000002)
(0.25 0.34999999999999998 0.20000000000000001)
(0.25 0.34999999999999998 0.25)
(0.25 0.34999999999999998 0.29999999999999999)
(0.25 0.34999999999999998 0.34999999999999998)
(0.25 0.34999999999999998 0.39999999999999997)
(0.25 0.39999999999999997 0)
(0.25 0.39999999999999997 0.050000000000000003)
(0.25 0.39999999999999997 0.10000000000000001)
(0.25 0.39999999999999997 0.15000000000000002)
(0.25 0.39999999999999997 0.20000000000000001)
(0.25 0.39999999999999997 0.25)
(0.25 0.39999999999999997 0.29999999999999999)
(0.25 0.39999999999999997 0.34999999999999998)
(0.25 0.39999999999999997 0.39999999999999997)
(0.25 0.44999999999999996 0)
(0.25 0.44999999999999996 0.050000000000000003)
(0.25 0.44999999999999996 0.10000000000000001)
(0.25 0.44999999999999996 0.15000000000000002)
(0.25 0.44999999999999996 0.20000000000000001)
(0.25 0.44999999999999996 0.25)
(0.25 0.44999999999999996 0.29999999999999999)
(0.25 0.44999999999999996 0.34999999999999998)
(0.25 0.44999999999999996 0.39999999999999997)
(0.25 0.49999999999999994 0)
(0.25 0.49999999999999994 0.050000000000000003)
(0.25 0.49999999999999994 0.10000000000000001)
(0.25 0.49999999999999994 0.15000000000000002)
(0.25 0.49999999999999994 0.20000000000000001)
(0.25 0.49999999999999994 0.25)
(0.25 0.49999999999999994 0.29999999999999999)
(0.25 0.49999999999999994 0.34999999999999998)
(0.25 0.49999999999999994 0.39999999999999997)
(0.25 0.54999999999999993 0)
(0.25 0.54999999999999993 0.050000000000000003)
(0.25 0.54999999999999993 0.10000000000000001)
(0.25 0.54999999999999993 0.15000000000000002)
(0.25 0.54999999999999993 0.20000000000000001)
(0.25 0.54999999999999993 0.25)
(0.25 0.54999999999999993 0.29999999999999999)
(0.25 0.54999999999999993 0.34999999999999998)
(0.25 0.54999999999999993 0.39999999999999997)
(0.25 0.59999999999999998 0)
(0.25 0.59999999999999998 0.050000000000000003)
(0.25 0.59999999999999998 0.10000000000000001)
(0.25 0.59999999999999998 0.15000000000000002)
(0.25 0.59999999999999998 0.20000000000000001)
(0.25 0.59999999999999998 0.25)
(0.25 0.59999999999999998 0.29999999999999999)
(0.25 0.59999999999999998 0.34999999999999998)
(0.25 0.59999999999999998 0.39999999999999997)
(0.29999999999999999 0 0)
(0.29999999999999999 0 0.050000000000000003)
(0.29999999999999999 0 0.10000000000000001)
(0.29999999999999999 0 0.15000000000000002)
(0.29999999999999999 0 0.20000000000000001)
(0.29999999999999999 0 0.25)
(0.29999999999999999 0 0.29999999999999999)
(0.29999999999999999 0 0.34999999999999998)
(0.29999999999999999 0 0.39999999999999997)
(0.29999999999999999 0.050000000000000003 0)
(0.29999999999999999 0.050000000000000003 0.050000000000000003)
(0.29999999999999999 0.050000000000000003 0.10000000000000001)
(0.29999999999999999 0.050000000000000003 0.15000000000000002)
(0.29999999999999999 0.050000000000000003 0.20000000000000001)
(0.29999999999999999 0.050000000000000003 0.25)
(0.29999999999999999 0.050000000000000003 0.29999999999999999)
(0.29999999999999999 0.050000000000000003 0.34999999999999998)
(0.29999999999999999 0.050000000000000003 0.39999999999999997)
(0.29999999999999999 0.10000000000000001 0)
(0.29999999999999999 0.10000000000000001 0.050000000000000003)
(0.29999999999999999 0.10000000000000001 0.10000000000000001)
(0.29999999999999999 0.10000000000000001 0.15000000000000002)
(0.29999999999999999 0.10000000000000001 0.20000000000000001)
(0.29999999999999999 0.10000000000000001 0.25)
(0.29999999999999999 0.10000000000000001 0.29999999999999999)
(0.29999999999999999 0.10000000000000001 0.34999999999999998)
(0.29999999999999999 0.10000000000000001 0.39999999999999997)
(0.29999999999999999 0.15000000000000002 0)
(0.29999999999999999 0.15000000000000002 0.050000000000000003)
(0.29999999999999999 0.15000000000000002 0.10000000000000001)
(0.29999999999999999 0.15000000000000002 0.15000000000000002)
(0.29999999999999999 0.15000000000000002 0.20000000000000001)
(0.29999999999999999 0.15000000000000002 0.25)
(0.29999999999999999 0.15000000000000002 0.29999999999999999)
(0.29999999999999999 0.15000000000000002 0.34999999999999998)
(0.29999999999999999 0.15000000000000002 0.39999999999999997)
(0.29999999999999999 0.20000000000000001 0)
(0.29999999999999999 0.20000000000000001 0.050000000000000003)
(0.29999999999999999 0.20000000000000001 0.10000000000000001)
(0.29999999999999999 0.20000000000000001 0.15000000000000002)
(0.29999999999999999 0.20000000000000001 0.20000000000000001)
(0.29999999999999999 0.20000000000000001 0.25)
(0.29999999999999999 0.20000000000000001 0.29999999999999999)
(0.29999999999999999 0.20000000000000001 0.34999999999999998)
(0.29999999999999999 0.20000000000000001 0.39999999999999997)
(0.29999999999999999 0.25 0)
(0.29999999999999999 0.25 0.050000000000000003)
(0.29999999999999999 0.25 0.10000000000000001)
(0.29999999999999999 0.25 0.15000000000000002)
(0.29999999999999999 0.25 0.20000000000000001)
(0.29999999999999999 0.25 0.25)
(0.29999999999999999 0.25 0.29999999999999999)
(0.29999999999999999 0.25 0.34999999999999998)
(0.29999999999999999 0.25 0.39999999999999997)
(0.29999999999999999 0.29999999999999999 0)
(0.29999999999999999 0.29999999999999999 0.050000000000000003)
(0.29999999999999999 0.29999999999999999 0.10000000000000001)
(0.29999999999999999 0.29999999999999999 0.15000000000000002)
(0.29999999999999999 0.29999999999999999 0.20000000000000001)
(0.29999999999999999 0.29999999999999999 0.25)
(0.29999999999999999 0.29999999999999999 0.29999999999999999)
(0.29999999999999999 0.29999999999999999 0.34999999999999998)
(0.29999999999999999 0.29999999999999999 0.39999999999999997)
(0.29999999999999999 0.34999999999999998 0)
(0.29999999999999999 0.34999999999999998 0.050000000000000003)
(0.29999999999999999 0.34999999999999998 0.10000000000000001)
(0.29999999999999999 0.34999999999999998 0.15000000000000002)
(0.29999999999999999 0.34999999999999998 0.20000000000000001)
(0.29999999999999999 0.34999999999999998 0.25)
(0.29999999999999999 0.34999999999999998 0.29999999999999999)
(0.29999999999999999 0.34999999999999998 0.34999999999999998)
(0.29999999999999999 0.34999999999999998 0.39999999999999997)
(0.29999999999999999 0.39999999999999997 0)
(0.29999999999999999 0.39999999999999997 0.050000000000000003)
(0.29999999999999999 0.39999999999999997 0.10000000000000001)
(0.29999999999999999 0.39999999999999997 0.15000000000000002)
(0.29999999999999999 0.39999999999999997 0.20000000000000001)
(0.29999999999999999 0.39999999999999997 0.25)
(0.29999999999999999 0.39999999999999997 0.29999999999999999)
(0.29999999999999999 0.39999999999999997 0.34999999999999998)
(0.29999999999999999 0.39999999999999997 0.39999999999999997)
(0.29999999999999999 0.44999999999999996 0)
(0.29999999999999999 0.44999999999999996 0.050000000000000003)
(0.29999999999999999 0.44999999999999996 0.10000000000000001)
(0.29999999999999999 0.44999999999999996 0.15000000000000002)
(0.29999999999999999 0.44999999999999996 0.20000000000000001)
(0.29999999999999999 0.44999999999999996 0.25)
(0.29999999999999999 0.44999999999999996 0.29999999999999999)
(0.29999999999999999 0.44999999999999996 0.34999999999999998)
(0.29999999999999999 0.44999999999999996 0.39999999999999997)
(0.29999999999999999 0.49999999999999994 0)
(0.29999999999999999 0.49999999999999994 0.050000000000000003)
(0.29999999999999999 0.49999999999999994 0.10000000000000001)
(0.29999999999999999 0.49999999999999994 0.15000000000000002)
(0.29999999999999999 0.49999999999999994 0.20000000000000001)
(0.29999999999999999 0.49999999999999994 0.25)
(0.29999999999999999 0.49999999999999994 0.29999999999999999)
(0.29999999999999999 0.49999999999999994 0.34999999999999998)
(0.29999999999999999 0.49999999999999994 0.39999999999999997)
(0.29999999999999999 0.54999999999999993 0)
(0.29999999999999999 0.54999999999999993 0.050000000000000003)
(0.29999999999999999 0.54999999999999993 0.10000000000000001)
(0.29999999999999999 0.54999999999999993 0.15000000000000002)
(0.29999999999999999 0.54999999999999993 0.20000000000000001)
(0.29999999999999999 0.54999999999999993 0.25)
(0.29999999999999999 0.54999999999999993 0.29999999999999999)
(0.29999999999999999 0.54999999999999993 0.34999999999999998)
(0.29999999999999999 0.54999999999999993 0.39999999999999997)
(0.29999999999999999 0.59999999999999998 0)
(0.29999999999999999 0.59999999999999998 0.050000000000000003)
(0.29999999999999999 0.59999999999999998 0.10000000000000001)
(0.29999999999999999 0.59999999999999998 0.15000000000000002)
(0.29999999999999999 0.59999999999999998 0.20000000000000001)
(0.29999999999999999 0.59999999999999998 0.25)
(0.29999999999999999 0.59999999999999998 0.29999999999999999)
(0.29999999999999999 0.59999999999999998 0.34999999999999998)
(0.29999999999999999 0.59999999999999998 0.39999999999999997)
(0.34999999999999998 0 0)
(0.34999999999999998 0 0.050000000000000003)
(0.34999999999999998 0 0.10000000000000001)
(0.34999999999999998 0 0.15000000000000002)
(0.34999999999999998 0 0.20000000000000001)
(0.34999999999999998 0 0.25)
(0.34999999999999998 0 0.29999999999999999)
(0.34999999999999998 0 0.34999999999999998)
(0.34999999999999998 0 0.39999999999999997)
(0.34999999999999998 0.050000000000000003 0)
(0.34999999999999998 0.050000000000000003 0.050000000000000003)
(0.34999999999999998 0.050000000000000003 0.10000000000000001)
(0.34999999999999998 0.050000000000000003 0.15000000000000002)
(0.34999999999999998 0.050000000000000003 0.20000000000000001)
(0.34999999999999998 0.050000000000000003 0.25)
(0.34999999999999998 0.050000000000000003 0.29999999999999999)
(0.34999999999999998 0.050000000000000003 0.34999999999999998)
(0.34999999999999998 0.050000000000000003 0.39999999999999997)
(0.34999999999999998 0.10000000000000001 0)
(0.34999999999999998 0.10000000000000001 0.050000000000000003)
(0.34999999999999998 0.10000000000000001 0.10000000000000001)
(0.34999999999999998 0.10000000000000001 0.15000000000000002)
(0.34999999999999998 0.10000000000000001 0.20000000000000001)
(0.34999999999999998 0.10000000000000001 0.25)
(0.34999999999999998 0.10000000000000001 0.29999999999999999)
(0.34999999999999998 0.10000000000000001 0.34999999999999998)
(0.34999999999999998 0.10000000000000001 0.39999999999999997)
(0.34999999999999998 0.15000000000000002 0)
(0.34999999999999998 0.15000000000000002 0.050000000000000003)
(0.34999999999999998 0.15000000000000002 0.10000000000000001)
(0.34999999999999998 0.15000000000000002 0.15000000000000002)
(0.34999999999999998 0.15000000000000002 0.20000000000000001)
(0.34999999999999998 0.15000000000000002 0.25)
(0.34999999999999998 0.15000000000000002 0.29999999999999999)
(0.34999999999999998 0.15000000000000002 0.34999999999999998)
(0.34999999999999998 0.15000000000000002 0.39999999999999997)
(0.34999999999999998 0.20000000000000001 0)
(0.34999999999999998 0.20000000000000001 0.050000000000000003)
(0.34999999999999998 0.20000000000000001 0.10000000000000001)
(0.34999999999999998 0.20000000000000001 0.15000000000000002)
(0.34999999999999998 0.20000000000000001 0.20000000000000001)
(0.34999999999999998 0.20000000000000001 0.25)
(0.34999999999999998 0.20000000000000001 0.29999999999999999)
(0.34999999999999998 0.20000000000000001 0.34999999999999998)
(0.34999999999999998 0.20000000000000001 0.39999999999999997)
(0.34999999999999998 0.25 0)
(0.34999999999999998 0.25 0.050000000000000003)
(0.34999999999999998 0.25 0.10000000000000001)
(0.34999999999999998 0.25 0.15000000000000002)
(0.34999999999999998 0.25 0.20000000000000001)
(0.34999999999999998 0.25 0.25)
(0.34999999999999998 0.25 0.29999999999999999)
(0.34999999999999998 0.25 0.34999999999999998)
(0.34999999999999998 0.25 0.39999999999999997)
(0.34999999999999998 0.29999999999999999 0)
(0.34999999999999998 0.29999999999999999 0.050000000000000003)
(0.34999999999999998 0.29999999999999999 0.10000000000000001)
(0.34999999999999998 0.29999999999999999 0.15000000000000002)
(0.34999999999999998 0.29999999999999999 0.20000000000000001)
(0.34999999999999998 0.29999999999999999 0.25)
(0.34999999999999998 0.29999999999999999 0.29999999999999999)
(0.34999999999999998 0.29999999999999999 0.34999999999999998)
(0.34999999999999998 0.29999999999999999 0.39999999999999997)
(0.34999999999999998 0.34999999999999998 0)
(0.34999999999999998 0.34999999999999998 0.050000000000000003)
(0.34999999999999998 0.34999999999999998 0.10000000000000001)
(0.34999999999999998 0.34999999999999998 0.15000000000000002)
(0.34999999999999998 0.34999999999999998 0.20000000000000001)
(0.34999999999999998 0.34999999999999998 0.25)
(0.34999999999999998 0.34999999999999998 0.29999999999999999)
(0.34999999999999998 0.34999999999999998 0.34999999999999998)
(0.34999999999999998 0.34999999999999998 0.39999999999999997)
(0.34999999999999998 0.39999999999999997 0)
(0.34999999999999998 0.39999999999999997 0.050000000000000003)
(0.34999999999999998 0.39999999999999997 0.10000000000000001)
(0.34999999999999998 0.39999999999999997 0.15000000000000002)
(0.34999999999999998 0.39999999999999997 0.20000000000000001)
(0.34999999999999998 0.39999999999999997 0.25)
(0.34999999999999998 0.39999999999999997 0.29999999999999999)
(0.34999999999999998 0.39999999999999997 0.34999999999999998)
(0.34999999999999998 0.39999999999999997 0.39999999999999997)
(0.34999999999999998 0.44999999999999996 0)
(0.34999999999999998 0.44999999999999996 0.050000000000000003)
(0.34999999999999998 0.44999999999999996 0.10000000000000001)
(0.34999999999999998 0.44999999999999996 0.15000000000000002)
(0.34999999999999998 0.44999999999999996 0.20000000000000001)
(0.34999999999999998 0.44999999999999996 0.25)
(0.34999999999999998 0.44999999999999996 0.29999999999999999)
(0.34999999999999998 0.44999999999999996 0.34999999999999998)
(0.34999999999999998 0.44999999999999996 0.39999999999999997)
(0.34999999999999998 0.49999999999999994 0)
(0.34999999999999998 0.49999999999999994 0.050000000000000003)
(0.34999999999999998 0.49999999999999994 0.10000000000000001)
(0.34999999999999998 0.49999999999999994 0.15000000000000002)
(0.34999999999999998 0.49999999999999994 0.20000000000000001)
(0.34999999999999998 0.49999999999999994 0.25)
(0.34999999999999998 0.49999999999999994 0.29999999999999999)
(0.34999999999999998 0.49999999999999994 0.34999999999999998)
(0.34999999999999998 0.49999999999999994 0.39999999999999997)
(0.34999999999999998 0.54999999999999993 0)
(0.34999999999999998 0.54999999999999993 0.050000000000000003)
(0.34999999999999998 0.54999999999999993 0.10000000000000001)
(0.34999999999999998 0.54999999999999993 0.15000000000000002)
(0.34999999999999998 0.54999999999999993 0.20000000000000001)
(0.34999999999999998 0.54999999999999993 0.25)
(0.34999999999999998 0.54999999999999993 0.29999999999999999)
(0.34999999999999998 0.54999999999999993 0.34999999999999998)
(0.34999999999999998 0.54999999999999993 0.39999999999999997)
(0.34999999999999998 0.59999999999999998 0)
(0.34999999999999998 0.59999999999999998 0.050000000000000003)
(0.34999999999999998 0.59999999999999998 0.10000000000000001)
(0.34999999999999998 0.59999999999999998 0.15000000000000002)
(0.34999999999999998 0.59999999999999998 0.20000000000000001)
(0.34999999999999998 0.59999999999999998 0.25)
(0.34999999999999998 0.59999999999999998 0.29999999999999999)
(0.34999999999999998 0.59999999999999998 0.34999999999999998)
(0.34999999999999998 0.59999999999999998 0.39999999999999997)
(0.39999999999999997 0 0)
(0.39999999999999997 0 0.050000000000000003)
(0.39999999999999997 0 0.10000000000000001)
(0.39999999999999997 0 0.15000000000000002)
(0.39999999999999997 0 0.20000000000000001)
(0.39999999999999997 0 0.25)
(0.39999999999999997 0 0.29999999999999999)
(0.39999999999999997 0 0.34999999999999998)
(0.39999999999999997 0 0.39999999999999997)
(0.39999999999999997 0.050000000000000003 0)
(0.39999999999999997 0.050000000000000003 0.050000000000000003)
(0.39999999999999997 0.050000000000000003 0.10000000000000001)
(0.39999999999999997 0.050000000000000003 0.15000000000000002)
(0.39999999999999997 0.050000000000000003 0.20000000000000001)
(0.39999999999999997 0.050000000000000003 0.25)
(0.39999999999999997 0.050000000000000003 0.29999999999999999)
(0.39999999999999997 0.050000000000000003 0.34999999999999998)
(0.39999999999999997 0.050000000000000003 0.39999999999999997)
(0.39999999999999997 0.10000000000000001 0)
(0.39999999999999997 0.10000000000000001 0.050000000000000003)
(0.39999999999999997 0.10000000000000001 0.10000000000000001)
(0.39999999999999997 0.10000000000000001 0.15000000000000002)
(0.39999999999999997 0.10000000000000001 0.20000000000000001)
(0.39999999999999997 0.10000000000000001 0.25)
(0.39999999999999997 0.10000000000000001 0.29999999999999999)
(0.39999999999999997 0.10000000000000001 0.34999999999999998)
(0.39999999999999997 0.10000000000000001 0.39999999999999997)
(0.39999999999999997 0.15000000000000002 0)
(0.39999999999999997 0.15000000000000002 0.050000000000000003)
(0.39999999999999997 0.15000000000000002 0.10000000000000001)
(0.39999999999999997 0.15000000000000002 0.15000000000000002)
(0.39999999999999997 0.15000000000000002 0.20000000000000001)
(0.39999999999999997 0.15000000000000002 0.25)
(0.39999999999999997 0.15000000000000002 0.29999999999999999)
(0.39999999999999997 0.15000000000000002 0.34999999999999998)
(0.39999999999999997 0.15000000000000002 0.39999999999999997)
(0.39999999999999997 0.20000000000000001 0)
(0.39999999999999997 0.20000000000000001 0.050000000000000003)
(0.39999999999999997 0.20000000000000001 0.10000000000000001)
(0.39999999999999997 0.20000000000000001 0.15000000000000002)
(0.39999999999999997 0.20000000000000001 0.20000000000000001)
(0.39999999999999997 0.20000000000000001 0.25)
(0.39999999999999997 0.20000000000000001 0.29999999999999999)
(0.39999999999999997 0.20000000000000001 0.34999999999999998)
(0.39999999999999997 0.20000000000000001 0.39999999999999997)
(0.39999999999999997 0.25 0)
(0.39999999999999997 0.25 0.050000000000000003)
(0.39999999999999997 0.25 0.10000000000000001)
(0.39999999999999997 0.25 0.15000000000000002)
(0.39999999999999997 0.25 0.20000000000000001)
(0.39999999999999997 0.25 0.25)
(0.39999999999999997 0.25 0.29999999999999999)
(0.39999999999999997 0.25 0.34999999999999998)
(0.39999999999999997 0.25 0.39999999999999997)
(0.39999999999999997 0.29999999999999999 0)
(0.39999999999999997 0.29999999999999999 0.050000000000000003)
(0.39999999999999997 0.29999999999999999 0.10000000000000001)
(0.39999999999999997 0.29999999999999999 0.15000000000000002)
(0.39999999999999997 0.29999999999999999 0.20000000000000001)
(0.39999999999999997 0.29999999999999999 0.25)
(0.39999999999999997 0.29999999999999999 0.29999999999999999)
(0.39999999999999997 0.29999999999999999 0.34999999999999998)
(0.39999999999999997 0.29999999999999999 0.39999999999999997)
(0.39999999999999997 0.34999999999999998 0)
(0.39999999999999997 0.34999999999999998 0.050000000000000003)
(0.39999999999999997 0.34999999999999998 0.10000000000000001)
(0.39999999999999997 0.34999999999999998 0.15000000000000002)
(0.39999999999999997 0.34999999999999998 0.20000000000000001)
(0.39999999999999997 0.34999999999999998 0.25)
(0.39999999999999997 0.34999999999999998 0.29999999999999999)
(0.39999999999999997 0.34999999999999998 0.34999999999999998)
(0.39999999999999997 0.34999999999999998 0.39999999999999997)
(0.39999999999999997 0.39999999999999997 0)
(0.39999999999999997 0.39999999999999997 0.050000000000000003)
(0.39999999999999997 0.39999999999999997 0.10000000000000001)
(0.39999999999999997 0.39999999999999997 0.15000000000000002)
(0.39999999999999997 0.39999999999999997 0.20000000000000001)
(0.39999999999999997 0.39999999999999997 0.25)
(0.39999999999999997 0.39999999999999997 0.29999999999999999)
(0.39999999999999997 0.39999999999999997 0.34999999999999998)
(0.39999999999999997 0.39999999999999997 0.39999999999999997)
(0.39999999999999997 0.44999999999999996 0)
(0.39999999999999997 0.44999999999999996 0.050000000000000003)
(0.39999999999999997 0.44999999999999996 0.10000000000000001)
(0.39999999999999997 0.44999999999999996 0.15000000000000002)
(0.39999999999999997 0.44999999999999996 0.20000000000000001)
(0.39999999999999997 0.44999999999999996 0.25)
(0.39999999999999997 0.44999999999999996 0.29999999999999999)
(0.39999999999999997 0.44999999999999996 0.34999999999999998)
(0.39999999999999997 0.44999999999999996 0.39999999999999997)
(0.39999999999999997 0.49999999999999994 0)
(0.39999999999999997 0.49999999999999994 0.050000000000000003)
(0.39999999999999997 0.49999999999999994 0.10000000000000001)
(0.39999999999999997 0.49999999999999994 0.15000000000000002)
(0.39999999999999997 0.49999999999999994 0.20000000000000001)
(0.39999999999999997 0.49999999999999994 0.25)
(0.39999999999999997 0.49999999999999994 0.29999999999999999)
(0.39999999999999997 0.49999999999999994 0.34999999999999998)
(0.39999999999999997 0.49999999999999994 0.39999999999999997)
(0.39999999999999997 0.54999999999999993 0)
(0.39999999999999997 0.54999999999999993 0.050000000000000003)
(0.39999999999999997 0.54999999999999993 0.10000000000000001)
(0.39999999999999997 0.54999999999999993 0.15000000000000002)
(0.39999999999999997 0.54999999999999993 0.20000000000000001)
(0.39999999999999997 0.54999999999999993 0.25)
(0.39999999999999997 0.54999999999999993 0.29999999999999999)
(0.39999999999999997 0.54999999999999993 0.34999999999999998)
(0.39999999999999997 0.54999999999999993 0.39999999999999997)
(0.39999999999999997 0.59999999999999998 0)
(0.39999999999999997 0.59999999999999998 0.050000000000000003)
(0.39999999999999997 0.59999999999999998 0.10000000000000001)
(0.39999999999999997 0.59999999999999998 0.15000000000000002)
(0.39999999999999997 0.59999999999999998 0.20000000000000001)
(0.39999999999999997 0.59999999999999998 0.25)
(0.39999999999999997 0.59999999999999998 0.29999999999999999)
(0.39999999999999997 0.59999999999999998 0.34999999999999998)
(0.39999999999999997 0.59999999999999998 0.39999999999999997)
)
